,date_beach_address,height_rise_max,height_rise_min,height_rise_mean,height_rise_median,height_rise_std,height_rise_var,height_rise_sem,date,beach_address,beach_name,country_state,country,latitude,longitude
0,2020-04-27|1 km off Blacks Beach Queensland AUSTRALIA,0.8317818498829032,-0.9773940556912897,-0.02500242892334332,0.055701104333882076,0.694756694832006,0.482686865013893,0.23158556494400198,2020-04-27,1 km off Blacks Beach Queensland AUSTRALIA,1 km off Black's Beach,Queensland,AUSTRALIA,-21.062778,149.1875
1,2020-04-27|10 miles off Nambucca Heads onboard trawler New South Wales AUSTRALIA,0.6772379711232455,-0.4335384423150913,0.07908934312154974,0.12940508703487763,0.3741133482546914,0.139960797342336,0.1037603738436774,2020-04-27,10 miles off Nambucca Heads onboard trawler New South Wales AUSTRALIA,10 miles off Nambucca Heads onboard trawler,New South Wales,AUSTRALIA,-30.6419702,152.9978834
2,2020-04-27|15 km north of Lancelin north of Perth Western Australia AUSTRALIA,0.2893379625157995,-0.14729289073096877,0.030389111025188025,-0.02426995670893488,0.16253015488369704,0.02641605124651855,0.04507775440325182,2020-04-27,15 km north of Lancelin north of Perth Western Australia AUSTRALIA,15 km north of Lancelin,Western Australia,AUSTRALIA,-31.045409799999998,115.35327749999999
3,2020-04-27|15 miles off shore New South Wales AUSTRALIA,0.6355220065094853,-0.4664890473736417,0.06549958006226611,0.08663530336221728,0.358035217661764,0.12818921708610673,0.09930110274626155,2020-04-27,15 miles off shore New South Wales AUSTRALIA,1.5 miles off shore,New South Wales,AUSTRALIA,-31.2532183,146.921099
4,2020-04-27|15 miles up the Cataract River New South Wales AUSTRALIA,0.6215833164082484,-0.46865150640234665,0.05881940019267458,0.0756279387511128,0.3521027487598105,0.12397634568421423,0.09765573191425472,2020-04-27,15 miles up the Cataract River New South Wales AUSTRALIA,15 miles up the Cataract River,New South Wales,AUSTRALIA,-34.229766399999995,150.7616844
5,2020-04-27|150 yards from the pier at Lorne Victoria AUSTRALIA,0.9768799943123923,-0.8602139953312806,0.156379047621274,0.23360041515361155,0.6129883972503931,0.3757547751636058,0.18482295586553432,2020-04-27,150 yards from the pier at Lorne Victoria AUSTRALIA,150 yards from the pier at Lorne,Victoria,AUSTRALIA,-38.5366556,143.97154840000002
6,2020-04-27|18 km west of Bunbury Western Australia AUSTRALIA,0.31147513748180466,-0.21246610508220565,0.016730681844346906,-0.01230167459683055,0.1797814273889172,0.03232136163399651,0.05420613990214201,2020-04-27,18 km west of Bunbury Western Australia AUSTRALIA,18 km west of Bunbury,Western Australia,AUSTRALIA,-33.3209971,115.63834820000001
7,2020-04-27|18 miles south of Port Augusta South Australia AUSTRALIA,1.409329481469266,-1.2971502060876055,0.07815708360962653,0.12630067803971323,0.8244177330272554,0.679664598529799,0.23798890004399348,2020-04-27,18 miles south of Port Augusta South Australia AUSTRALIA,18 miles south of Port Augusta,South Australia,AUSTRALIA,-32.495233899999995,137.78943940000002
8,2020-04-27|20 k off The Spit off the Gold Coast Queensland AUSTRALIA,0.6931353280720509,-0.46386526339180545,0.07715630362464596,0.05880311383443817,0.38841699255741463,0.15086776010734668,0.11212632760542411,2020-04-27,20 k off The Spit off the Gold Coast Queensland AUSTRALIA,20 k off The Spit,Queensland,AUSTRALIA,-27.9352516,153.43347680000002
9,2020-04-27|20 miles off Sydney New South Wales AUSTRALIA,0.6300793026926829,-0.4657542379552648,0.06338111225363476,0.08388625743530238,0.3555482566427388,0.12641456280169086,0.09861134386363267,2020-04-27,20 miles off Sydney New South Wales AUSTRALIA,20 miles off Sydney,New South Wales,AUSTRALIA,-33.8688197,151.2092955
10,2020-04-27|200 km east of Coolangatta Queensland AUSTRALIA,0.690831162752822,-0.46022738400741015,0.07699094192653456,0.05898836027890565,0.38817146948176595,0.15067708971963356,0.1120554511985151,2020-04-27,200 km east of Coolangatta Queensland AUSTRALIA,200 km east of Coolangatta,Queensland,AUSTRALIA,-28.166666999999997,153.533333
11,2020-04-27|200 miles offshore Queensland AUSTRALIA,1.1259329179614832,-0.8163181361666092,0.1711326467801746,0.17412112647957778,0.7270098021789992,0.5285432524643476,0.2299006856154082,2020-04-27,200 miles offshore Queensland AUSTRALIA,200 miles offshore,Queensland,AUSTRALIA,-20.9175738,142.7027956
12,2020-04-27|26 nautical miles out to sea off Lake Macquarie New South Wales AUSTRALIA,0.6759857983783256,-0.4396776556349442,0.07769195459944116,0.11653457720031657,0.37313316565943033,0.13922835931502786,0.10348852010471347,2020-04-27,26 nautical miles out to sea off Lake Macquarie New South Wales AUSTRALIA,26 nautical miles out to sea off Lake Macquarie,New South Wales,AUSTRALIA,-31.433333,152.9
13,2020-04-27|3 km off Port Victoria Yorke Peninsula South Australia AUSTRALIA,0.64885366110498,-0.3960667362097886,0.028285406905294342,-0.05591765830816704,0.3355694988627058,0.11260688856696753,0.09687057025010552,2020-04-27,3 km off Port Victoria Yorke Peninsula South Australia AUSTRALIA,3 km off Port Victoria,South Australia,AUSTRALIA,-34.496666999999995,137.48333300000002
14,2020-04-27|3 km west of Rottnest Island Western Australia AUSTRALIA,0.2897451722661068,-0.14663672528348295,0.030841435561001815,-0.024745339665981546,0.165297585550924,0.027323291788965042,0.045845301570327075,2020-04-27,3 km west of Rottnest Island Western Australia AUSTRALIA,3 km west of Rottnest Island,Western Australia,AUSTRALIA,-32.0063677,115.5073002
15,2020-04-27|3 miles out to sea off Glenelg South Australia AUSTRALIA,1.2219864372437481,-1.0276130241160368,0.088791912161996,0.20908336055015792,0.7498342209462223,0.5622513589020282,0.20796659474763068,2020-04-27,3 miles out to sea off Glenelg South Australia AUSTRALIA,3 miles out to sea off Glenelg,South Australia,AUSTRALIA,-34.982,138.516
16,2020-04-27|5 miles south of Sussex Inlet at mouth of Berara Lake New South Wales AUSTRALIA,0.6007581148846729,-0.4727256658977824,0.08223711421745072,0.11216712036760092,0.33861312700811597,0.11465884978221447,0.09774919001463835,2020-04-27,5 miles south of Sussex Inlet at mouth of Berara Lake New South Wales AUSTRALIA,5 miles south of Sussex Inlet at mouth of Berara Lake,New South Wales,AUSTRALIA,-35.206926200000005,150.5515985
17,2020-04-27|5 nm off Cervantes Western Australia AUSTRALIA,1.9233485635564693,-1.948574316542124,0.33474121168817517,0.5454806879353974,1.2572681928674398,1.5807233087961579,0.3629420647977854,2020-04-27,5 nm off Cervantes Western Australia AUSTRALIA,5 nm off Cervantes,Western Australia,AUSTRALIA,34.5199402,-105.87009009999998
18,2020-04-27|50 km east of Townsville Queensland AUSTRALIA,0.5556690673128027,-0.5604346662581515,0.017382089416499883,0.035352906529526926,0.3153143981369267,0.09942316967245231,0.09507086814699305,2020-04-27,50 km east of Townsville Queensland AUSTRALIA,50 km east of Townsville,Queensland,AUSTRALIA,-19.2589635,146.8169483
19,2020-04-27|55 miles south of Adelaide South Australia AUSTRALIA,1.221992136857959,-1.02761628766497,0.08879134830921323,0.20907939642783965,0.7498369972450439,0.562255522437464,0.20796736475438124,2020-04-27,55 miles south of Adelaide South Australia AUSTRALIA,55 miles south of Adelaide,South Australia,AUSTRALIA,-34.9284989,138.6007456
20,2020-04-27|6 km off Collendina south of Melbourne Victoria AUSTRALIA,0.29738929625799,-0.3727052894406075,0.017063365458550125,0.035246891511632905,0.25182469051452233,0.06341567475273496,0.0890334731665112,2020-04-27,6 km off Collendina south of Melbourne Victoria AUSTRALIA,6 km off Collendina,Victoria,AUSTRALIA,-37.835,144.96
21,2020-04-27|7 Mile Beach Gerroa New South Wales AUSTRALIA,0.6172100093649017,-0.4708968057534195,0.057264481300539696,0.07049521796367438,0.35018076633473844,0.12262656911078468,0.09712266990009026,2020-04-27,7 Mile Beach Gerroa New South Wales AUSTRALIA,7 Mile Beach,New South Wales,AUSTRALIA,-34.7699,150.813133
22,2020-04-27|7 km off Trigg surf beach Perth Western Australia AUSTRALIA,0.29264072610842906,-0.14661517420982198,0.02885537868736549,-0.02900177204768482,0.16615239807703286,0.027606619386748795,0.04608238390831126,2020-04-27,7 km off Trigg surf beach Perth Western Australia AUSTRALIA,7 km off Trigg surf beach,Western Australia,AUSTRALIA,-31.8744999,115.7531233
23,2020-04-27|A pearl farm in Roebuck Bay Western Australia AUSTRALIA,3.7201837471250605,-3.3201319542979792,0.8680629175155036,2.0271361040439455,2.6782011021210943,7.172761143402643,0.8075080153501796,2020-04-27,A pearl farm in Roebuck Bay Western Australia AUSTRALIA,A pearl farm in Roebuck Bay,Western Australia,AUSTRALIA,-18.0858333,122.28305559999998
24,2020-04-27|Adelaide South Australia AUSTRALIA,1.221992136857959,-1.02761628766497,0.08879134830921323,0.20907939642783965,0.7498369972450439,0.562255522437464,0.20796736475438124,2020-04-27,Adelaide South Australia AUSTRALIA,Adelaide,South Australia,AUSTRALIA,-34.9284989,138.6007456
25,2020-04-27|African Reef off Geraldton Western Australia AUSTRALIA,0.3215355260881364,-0.11377281796876806,0.04180702075303835,-0.028801485219401894,0.15578358960961944,0.024268526791658328,0.04497084869821999,2020-04-27,African Reef off Geraldton Western Australia AUSTRALIA,African Reef off Geraldton,Western Australia,AUSTRALIA,-28.802443,114.61852209999999
26,2020-04-27|Albany Western Australia AUSTRALIA,0.3701522340493061,-0.16177426525407576,0.06984335409030748,0.01815843942918007,0.20797698727762975,0.04325442723707937,0.06576809806971717,2020-04-27,Albany Western Australia AUSTRALIA,Albany,Western Australia,AUSTRALIA,-35.0269344,117.8837206
27,2020-04-27|Albany incident took place 200 metres from swimmers Western Australia AUSTRALIA,0.3701522340493061,-0.16177426525407576,0.06984335409030748,0.01815843942918007,0.20797698727762975,0.04325442723707937,0.06576809806971717,2020-04-27,Albany incident took place 200 metres from swimmers Western Australia AUSTRALIA,Albany (incident took place 200 metres from swimmers),Western Australia,AUSTRALIA,-35.0269344,117.8837206
28,2020-04-27|Albert Park in Port Phillip Bay Victoria AUSTRALIA,0.29738872892724355,-0.3727048207204999,0.017064987605028642,0.035248484786120124,0.25182481214689134,0.06341573601281711,0.08903351617004766,2020-04-27,Albert Park in Port Phillip Bay Victoria AUSTRALIA,Albert Park in Port Phillip Bay,Victoria,AUSTRALIA,-37.8438609,144.95145359999998
29,2020-04-27|Aldinga Beach South Australia AUSTRALIA,1.1161357151233842,-0.911957844832573,0.029707363885111176,0.011966441516108803,0.6782648475988161,0.4600432034882453,0.18127390551480085,2020-04-27,Aldinga Beach South Australia AUSTRALIA,Aldinga Beach,South Australia,AUSTRALIA,-35.281,138.454
30,2020-04-27|Alexandra Headland near Mooloolaba Queensland AUSTRALIA,0.6921790768403555,-0.500383773071887,0.07507448522470321,0.08728780201191867,0.39236332210035674,0.15394897652962827,0.11326553481738841,2020-04-27,Alexandra Headland near Mooloolaba Queensland AUSTRALIA,Alexandra Headland near Mooloolaba,Queensland,AUSTRALIA,-26.673000000000002,153.101
31,2020-04-27|Alma Bay Magnetic Island Townsville Queensland AUSTRALIA,0.5644720740018937,-0.567053246347037,0.018297286596510757,0.03580715912832872,0.32070606823292114,0.10285238220141908,0.09669651784715606,2020-04-27,Alma Bay Magnetic Island Townsville Queensland AUSTRALIA,Alma Bay,Queensland,AUSTRALIA,-19.148322,146.868517
32,2020-04-27|Altona Melbourne Victoria AUSTRALIA,0.2960058191803291,-0.3712421475669054,0.017540005276718278,0.03612121852599358,0.2502729013168697,0.06263652513356359,0.08848483283419509,2020-04-27,Altona Melbourne Victoria AUSTRALIA,Altona,Victoria,AUSTRALIA,-37.863151200000004,144.81202180000002
33,2020-04-27|Amity Point North Stradbroke Island Queensland AUSTRALIA,0.9317834488666279,-0.6520419515541515,0.10591012459644383,0.14585113012354275,0.5351966820066396,0.2864354884309161,0.15449797421296396,2020-04-27,Amity Point North Stradbroke Island Queensland AUSTRALIA,Amity Point,Queensland,AUSTRALIA,-27.397250800000002,153.45375990000002
34,2020-04-27|Anglesea Victoria AUSTRALIA,1.0261365961096707,-0.9182973055360063,0.1501020387342755,0.21697152081701204,0.6511362365584965,0.4239783985595623,0.19632496218805706,2020-04-27,Anglesea Victoria AUSTRALIA,Anglesea,Victoria,AUSTRALIA,-38.4096639,144.18251709999998
35,2020-04-27|Angourie New South Wales AUSTRALIA,0.6907981293561513,-0.4470814062055512,0.08263259158407216,0.13485025889460758,0.3798674137388861,0.14429925202067007,0.10535626447026522,2020-04-27,Angourie New South Wales AUSTRALIA,Angourie,New South Wales,AUSTRALIA,-29.479166999999997,153.359444
36,2020-04-27|Angourie near Yamba New South Wales AUSTRALIA,0.6908110277052554,-0.44708263487131944,0.08263394948125038,0.13485327355416193,0.379869295666962,0.14430068179051378,0.1053567864232017,2020-04-27,Angourie near Yamba New South Wales AUSTRALIA,Angourie,New South Wales,AUSTRALIA,-29.479166999999997,153.359444
37,2020-04-27|Arakoons Little Bay New South Wales AUSTRALIA,0.6278329408666727,-0.46624167562654983,0.06192763630245959,0.0821194328352678,0.3546861324093134,0.125802252523477,0.09837223362290688,2020-04-27,Arakoons Little Bay New South Wales AUSTRALIA,Arakoon's Little Bay,New South Wales,AUSTRALIA,-33.980540000000005,151.24301
38,2020-04-27|Archies Beach Queensland AUSTRALIA,1.1259650002932697,-0.8163396313496025,0.171141498215033,0.17413237724111336,0.727028752524848,0.5285708069978367,0.2299066782409412,2020-04-27,Archies Beach Queensland AUSTRALIA,Archie's Beach,Queensland,AUSTRALIA,-20.9175738,142.7027956
39,2020-04-27|Ardrossan South Australia AUSTRALIA,1.4633899715335408,-1.3262263193012758,0.139762335927622,0.4012710010810525,0.9370206544739702,0.8780077069108275,0.25988277045190195,2020-04-27,Ardrossan South Australia AUSTRALIA,Ardrossan,South Australia,AUSTRALIA,-34.419107399999994,137.91780119999999
40,2020-04-27|Arlington Reef near Cairns Queensland AUSTRALIA,0.41165176912491985,-0.5396420764635637,-0.030045465984087447,0.010696297636309025,0.29608274941659346,0.08766499450208928,0.08927230788287815,2020-04-27,Arlington Reef near Cairns Queensland AUSTRALIA,Arlington Reef near Cairns,Queensland,AUSTRALIA,-16.688272899999998,146.0357725
41,2020-04-27|Arrawarra Headland New South Wales AUSTRALIA,0.6811691473622535,-0.44148933939328044,0.07960066828306137,0.13352039068927588,0.37624634621828823,0.14156131304261202,0.10435196103815499,2020-04-27,Arrawarra Headland New South Wales AUSTRALIA,Arrawarra Headland,New South Wales,AUSTRALIA,-30.068610999999997,153.195278
42,2020-04-27|At Flat Top near Mackay Queensland AUSTRALIA,0.9000583511740671,-1.0394100109797981,-0.028960773168624943,0.050008642805389185,0.7431897453249369,0.5523309975561445,0.2477299151083123,2020-04-27,At Flat Top near Mackay Queensland AUSTRALIA,At Flat Top,Queensland,AUSTRALIA,-21.162427899999997,149.24560830000001
43,2020-04-27|Auckland Creek Gladstone Queensland AUSTRALIA,1.0990369576271777,-0.7874116104680792,0.15513889883754975,0.2303814412555385,0.6264820336525788,0.39247973848947093,0.1808497853858903,2020-04-27,Auckland Creek Gladstone Queensland AUSTRALIA,Auckland Creek,Queensland,AUSTRALIA,-23.875737899999997,151.24061310000002
44,2020-04-27|Austinmer New South Wales AUSTRALIA,0.6227526108455902,-0.4683204269333722,0.05918301273086027,0.0762420788316424,0.35253705153155207,0.1242823727025602,0.09777618583060782,2020-04-27,Austinmer New South Wales AUSTRALIA,Austinmer,New South Wales,AUSTRALIA,-34.306311,150.93451000000002
45,2020-04-27|Avalon Beach New South Wales AUSTRALIA,0.6355209925878859,-0.4664885461108258,0.06550227675879663,0.0866375391332252,0.3580384561922101,0.12819153611250114,0.09930200095299853,2020-04-27,Avalon Beach New South Wales AUSTRALIA,Avalon Beach,New South Wales,AUSTRALIA,-33.6302836,151.3297698
46,2020-04-27|Avalon Beach near Mandurah 50 miles south of Perth Western Australia AUSTRALIA,0.2901841474933051,-0.19766576653077025,0.025007007304669256,-0.02337427871162294,0.17534239047149447,0.03074495389625803,0.048631229200569365,2020-04-27,Avalon Beach near Mandurah 50 miles south of Perth Western Australia AUSTRALIA,Avalon Beach,Western Australia,AUSTRALIA,-32.5933864,115.6364088
47,2020-04-27|Avalon New South Wales AUSTRALIA,0.6355108740512087,-0.466490018957509,0.0654984059529277,0.08663097192323141,0.3580336639325729,0.12818810450898258,0.09930067181931797,2020-04-27,Avalon New South Wales AUSTRALIA,Avalon,New South Wales,AUSTRALIA,-33.6302836,151.3297698
48,2020-04-27|Avalon Point Manurah Western Australia AUSTRALIA,0.2896825681922202,-0.19706663319489034,0.025121000915129144,-0.02283424826452869,0.1752072366035312,0.030697575758245766,0.048593744262029455,2020-04-27,Avalon Point Manurah Western Australia AUSTRALIA,Avalon Point,Western Australia,AUSTRALIA,-32.5947053,115.6329821
49,2020-04-27|Avoca Beach New South Wales AUSTRALIA,0.6403183297465384,-0.46567429656248066,0.06722422763540131,0.08963358344583876,0.3600652422425481,0.12964697867118485,0.09986413026291305,2020-04-27,Avoca Beach New South Wales AUSTRALIA,Avoca Beach,New South Wales,AUSTRALIA,-33.465,151.435
50,2020-04-27|Backbeach Halls Head Western Australia AUSTRALIA,0.29061176313742315,-0.19714228746015156,0.02451142239216559,-0.024574499358535853,0.1755043854249014,0.03080178930337234,0.04867615851679053,2020-04-27,Backbeach Halls Head Western Australia AUSTRALIA,Backbeach,Western Australia,AUSTRALIA,-32.5293276,115.6941929
51,2020-04-27|Badger Head Tasmania AUSTRALIA,1.1698955374341236,-1.0294766154388548,0.21479949157749734,0.376774083721505,0.834457390596463,0.6963191367210579,0.2638785964645594,2020-04-27,Badger Head Tasmania AUSTRALIA,Badger Head,Tasmania,AUSTRALIA,-41.1291591,146.731436
52,2020-04-27|Bald Island Western Australia AUSTRALIA,0.37565004773009203,-0.17421084171196102,0.06493143676472515,0.0024231834701986844,0.2101831408401372,0.04417695269342495,0.066465745082279,2020-04-27,Bald Island Western Australia AUSTRALIA,Bald Island,Western Australia,AUSTRALIA,-34.9233188,118.46887759999998
53,2020-04-27|Balmain Sydney Estuary New South Wales AUSTRALIA,0.6300793026926829,-0.4657542379552648,0.06338111225363476,0.08388625743530238,0.3555482566427388,0.12641456280169086,0.09861134386363267,2020-04-27,Balmain Sydney Estuary New South Wales AUSTRALIA,Balmain,New South Wales,AUSTRALIA,-33.85895,151.17906000000002
54,2020-04-27|Bantry Bay near Ironstone Point Middle Harbor Sydney New South Wales AUSTRALIA,0.6315486361222639,-0.46545765440947895,0.06385713066867284,0.0845469036103708,0.3561217961708064,0.12682273370792138,0.09877041510801368,2020-04-27,Bantry Bay near Ironstone Point Middle Harbor Sydney New South Wales AUSTRALIA,Bantry Bay,New South Wales,AUSTRALIA,-33.7806576,151.2151164
55,2020-04-27|Bar Beach Newcastle New South Wales AUSTRALIA,0.6505976384968132,-0.4649568472135418,0.069895203158927,0.0978721448530581,0.36517580456472454,0.1333533682394939,0.10128154522437932,2020-04-27,Bar Beach Newcastle New South Wales AUSTRALIA,Bar Beach,New South Wales,AUSTRALIA,-32.94,151.767778
56,2020-04-27|Bargara Queensland AUSTRALIA,0.9548758882145247,-0.6531758087532293,0.1236295676882412,0.12225910105261192,0.5528067323447047,0.3055952833256299,0.1666775011608918,2020-04-27,Bargara Queensland AUSTRALIA,Bargara,Queensland,AUSTRALIA,-24.8312314,152.4592208
57,2020-04-27|Barren Joey Island Tasmania AUSTRALIA,1.1300143391111328,-0.961887495798515,0.23600035412765125,0.3876698333080553,0.7992324453925796,0.6387725017682029,0.25273949073466984,2020-04-27,Barren Joey Island Tasmania AUSTRALIA,Barren Joey Island,Tasmania,AUSTRALIA,-40.94228579999999,146.98485580000002
58,2020-04-27|Barrier Reef Queensland AUSTRALIA,0.4626981541711659,-0.5612579821528583,-0.026006727216758077,-0.0036683611418121156,0.3121534316078401,0.0974397648645505,0.09411780087864284,2020-04-27,Barrier Reef Queensland AUSTRALIA,Barrier Reef,Queensland,AUSTRALIA,-18.2870668,147.6991918
59,2020-04-27|Barrier Reef off Mackay Queensland AUSTRALIA,0.8739296765565705,-1.0200714004103508,-0.03428085697039131,0.04216504324365029,0.7241724220992183,0.5244256969290484,0.24139080736640608,2020-04-27,Barrier Reef off Mackay Queensland AUSTRALIA,Barrier Reef off Mackay,Queensland,AUSTRALIA,-21.1424956,149.1821469
60,2020-04-27|Barrow Passage Western Australia AUSTRALIA,0.9537749265598761,-0.897250637201188,0.17111143112098923,0.36165892990244497,0.6609872546022201,0.43690415074658007,0.19081058468775175,2020-04-27,Barrow Passage Western Australia AUSTRALIA,Barrow Passage,Western Australia,AUSTRALIA,-20.780434200000002,115.4022706
61,2020-04-27|Barrow Point 100 miles north of Cooktown Queensland Queensland AUSTRALIA,0.38380140734114315,-0.526502536740622,-0.029711629711875208,0.024496214322516405,0.28520288765257834,0.08134068712536924,0.08599190613358976,2020-04-27,Barrow Point 100 miles north of Cooktown Queensland Queensland AUSTRALIA,Barrow Point,Queensland,AUSTRALIA,-15.4758164,145.2470981
62,2020-04-27|Bass Point New South Wales AUSTRALIA,0.61848927684088,-0.4700813719694926,0.05799648998849127,0.07183778168411047,0.3506178915697651,0.12293290588882755,0.0972439066269124,2020-04-27,Bass Point New South Wales AUSTRALIA,Bass Point,New South Wales,AUSTRALIA,-34.5959607,150.9018394
63,2020-04-27|Batemans Bay New South Wales AUSTRALIA,0.5945325453521683,-0.47443067090334123,0.07897346266116562,0.10757195602093844,0.3368207622537453,0.113448225885194,0.0972317788779274,2020-04-27,Batemans Bay New South Wales AUSTRALIA,Bateman's Bay,New South Wales,AUSTRALIA,-35.7143871,150.1794707
64,2020-04-27|Bathurst Reef Rottnest Island Western Australia AUSTRALIA,0.2901839232926805,-0.14631032341138842,0.030348180958797915,-0.02583416949629121,0.16539715757193407,0.027356219732875192,0.04587291788012349,2020-04-27,Bathurst Reef Rottnest Island Western Australia AUSTRALIA,Bathurst Reef,Western Australia,AUSTRALIA,-31.989356899999997,115.5407453
65,2020-04-27|Batt Reef Queensland AUSTRALIA,0.4125900895046612,-0.5486731706731309,-0.033453984584196,0.04442291703809219,0.318199791295519,0.10125110718051185,0.10062360914840604,2020-04-27,Batt Reef Queensland AUSTRALIA,Batt Reef,Queensland,AUSTRALIA,-16.415952800000003,145.7710071
66,2020-04-27|Beechford Tasmania AUSTRALIA,1.1483937797605637,-0.9876568239245369,0.23083958935119436,0.388073205048872,0.8142089953353916,0.6629362880850677,0.25747549166572486,2020-04-27,Beechford Tasmania AUSTRALIA,Beechford,Tasmania,AUSTRALIA,-41.042725299999994,146.9720846
67,2020-04-27|Beecroft Head New South Wales AUSTRALIA,0.6115364007193587,-0.4703778501226314,0.0879804925591815,0.11981041957686608,0.3416916423624286,0.11675317846033383,0.09863788084889676,2020-04-27,Beecroft Head New South Wales AUSTRALIA,Beecroft Head,New South Wales,AUSTRALIA,-35.0135426,150.84937340000002
68,2020-04-27|Belfast now Port Fairy South Australia AUSTRALIA,0.4640575728701288,-0.44056860355842165,0.03397422980079581,-0.012939528595798448,0.31937729693605615,0.10200185779818177,0.10099596912658533,2020-04-27,Belfast now Port Fairy South Australia AUSTRALIA,Belfast (now Port Fairy),South Australia,AUSTRALIA,-38.3860016,142.2356621
69,2020-04-27|Bellambi New South Wales AUSTRALIA,0.6215833164082484,-0.46865150640234665,0.05881940019267458,0.0756279387511128,0.3521027487598105,0.12397634568421423,0.09765573191425472,2020-04-27,Bellambi New South Wales AUSTRALIA,Bellambi,New South Wales,AUSTRALIA,-34.366667,150.916667
70,2020-04-27|Bellambi Reef New South Wales AUSTRALIA,0.6215833164082484,-0.46865150640234665,0.05881940019267458,0.0756279387511128,0.3521027487598105,0.12397634568421423,0.09765573191425472,2020-04-27,Bellambi Reef New South Wales AUSTRALIA,Bellambi Reef,New South Wales,AUSTRALIA,-34.373611100000005,150.93472219999998
71,2020-04-27|Bellingen New South Wales AUSTRALIA,0.6767896099630691,-0.43427480985254885,0.07884480405135844,0.12961516361515454,0.3738681954045625,0.13977742753506414,0.10369238067664156,2020-04-27,Bellingen New South Wales AUSTRALIA,Bellingen,New South Wales,AUSTRALIA,-30.4522423,152.8979566
72,2020-04-27|Bellinger Head New South Wales AUSTRALIA,0.6767782847161307,-0.43427163996854024,0.07884061917028809,0.12960794159358147,0.3738630917509913,0.13977361137361013,0.10369096517782286,2020-04-27,Bellinger Head New South Wales AUSTRALIA,Bellinger Head,New South Wales,AUSTRALIA,-30.502025699999997,153.02505980000004
73,2020-04-27|Bells Beach Victoria AUSTRALIA,1.051198443182816,-0.9495052260527919,0.14487337066778092,0.2054040062247806,0.6717087170525846,0.4511926005644291,0.20252779844312938,2020-04-27,Bells Beach Victoria AUSTRALIA,Bells Beach,Victoria,AUSTRALIA,-38.366944000000004,144.284722
74,2020-04-27|Bellynahinch on the Manning River New South Wales AUSTRALIA,0.6709792331898513,-0.45350562791984445,0.07526212186657202,0.10890052027433444,0.37256224111493075,0.1388026235045798,0.10333017412628161,2020-04-27,Bellynahinch on the Manning River New South Wales AUSTRALIA,"""Bellynahinch"" on the Manning River",New South Wales,AUSTRALIA,-31.8518472,152.10067469999998
75,2020-04-27|Belongil Bay New South Wales AUSTRALIA,0.6891744161791671,-0.4612831382095517,0.07364348954154419,0.0581802216689572,0.38907220049655633,0.15137717719923252,0.11231546984544342,2020-04-27,Belongil Bay New South Wales AUSTRALIA,Belongil Bay,New South Wales,AUSTRALIA,-28.633732799999997,153.6003455
76,2020-04-27|Belongil Beach Byron Bay New South Wales AUSTRALIA,0.6891744161791671,-0.4612831382095517,0.07364348954154419,0.0581802216689572,0.38907220049655633,0.15137717719923252,0.11231546984544342,2020-04-27,Belongil Beach Byron Bay New South Wales AUSTRALIA,Belongil Beach,New South Wales,AUSTRALIA,-28.633732799999997,153.6003455
77,2020-04-27|Bermagui New South Wales AUSTRALIA,0.5862123585630971,-0.4732696089725526,0.074215770538617,0.10081398777324904,0.3334599704234603,0.11119555187481503,0.09626160184397474,2020-04-27,Bermagui New South Wales AUSTRALIA,Bermagui,New South Wales,AUSTRALIA,-36.4433701,150.061362
78,2020-04-27|Bernier Island Shark Bay Western Australia AUSTRALIA,0.47366988718871306,-0.4574074947802518,0.06330078935361633,0.1007608377714574,0.29417084477468425,0.08653648591545138,0.08869584694359164,2020-04-27,Bernier Island Shark Bay Western Australia AUSTRALIA,Bernier Island,Western Australia,AUSTRALIA,-24.8504267,113.1381998
79,2020-04-27|Berrys Bay Sydney Harbour New South Wales AUSTRALIA,0.6300913083258181,-0.46575391114183645,0.06338213840490275,0.08388769360991061,0.3555498782142477,0.1264157158981664,0.09861179360664976,2020-04-27,Berrys Bay Sydney Harbour New South Wales AUSTRALIA,Berry's Bay,New South Wales,AUSTRALIA,-33.8462182,151.2488616
80,2020-04-27|Between Bay Rock & Magnetic Island Cleveland Bay Queensland AUSTRALIA,0.5644461771770906,-0.5667427666660929,0.017460105207118572,0.03371884527355732,0.3201868068547789,0.10251959128385948,0.0965399546508451,2020-04-27,Between Bay Rock & Magnetic Island Cleveland Bay Queensland AUSTRALIA,Between Bay Rock & Magnetic Island,Queensland,AUSTRALIA,-19.2180556,146.9222222
81,2020-04-27|Between Carnac and Garden Islands Western Australia AUSTRALIA,0.29120141290097573,-0.19840932996952007,0.02282408977231195,-0.028486599738587987,0.17422716448273534,0.03035510484369412,0.04832192116316929,2020-04-27,Between Carnac and Garden Islands Western Australia AUSTRALIA,Between Carnac and Garden Islands,Western Australia,AUSTRALIA,-32.204325399999995,115.67762739999999
82,2020-04-27|Between De Grey River and Port Walcott Western Australia AUSTRALIA,2.7942146968846426,-2.3063407636439064,0.5716564052330566,1.0741404583819814,1.9569054058330908,3.829478767378774,0.6188278247928719,2020-04-27,Between De Grey River and Port Walcott Western Australia AUSTRALIA,Between De Grey River and Port Walcott,Western Australia,AUSTRALIA,-20.342612,118.6718706
83,2020-04-27|Between Dee Why and Long Reef New South Wales AUSTRALIA,0.6315376362736688,-0.465458366516061,0.06385605715113238,0.0845437523152989,0.3561202751447366,0.1268216503691629,0.098769993251284,2020-04-27,Between Dee Why and Long Reef New South Wales AUSTRALIA,Between Dee Why and Long Reef,New South Wales,AUSTRALIA,-33.746083399999996,151.30407160000001
84,2020-04-27|Between Port Arthur Penal Colony & Forestier Peninsula Tasmania AUSTRALIA,0.3611355402913955,-0.3664159616520618,0.06025305946659812,0.08250822075451497,0.22825195717251434,0.052098955953083316,0.06330570271619315,2020-04-27,Between Port Arthur Penal Colony & Forestier Peninsula Tasmania AUSTRALIA,Between Port Arthur Penal Colony & Forestier Peninsula,Tasmania,AUSTRALIA,-43.177459999999996,147.8420491
85,2020-04-27|Between Queensland AUSTRALIA,1.1259650002932697,-0.8163396313496025,0.171141498215033,0.17413237724111336,0.727028752524848,0.5285708069978367,0.2299066782409412,2020-04-27,Between Queensland AUSTRALIA,Between,Queensland,AUSTRALIA,-20.9175738,142.7027956
86,2020-04-27|Between Smith’s Rock & Moreton Island Queensland AUSTRALIA,0.867450686960901,-0.5523053771669768,0.12736954956093885,0.17207464964321567,0.47672054265024877,0.22726247578474768,0.13761736681367281,2020-04-27,Between Smith’s Rock & Moreton Island Queensland AUSTRALIA,Between Smith’s Rock & Moreton Island,Queensland,AUSTRALIA,-27.178901,153.3730896
87,2020-04-27|Between Wynnum & St Helena Island Queensland AUSTRALIA,0.920799549448222,-0.6592256273924675,0.08886521811470348,0.12125439894962807,0.534349501765746,0.285529390037301,0.15425341434289794,2020-04-27,Between Wynnum & St Helena Island Queensland AUSTRALIA,Between Wynnum & St. Helena Island,Queensland,AUSTRALIA,-27.391666700000002,153.2327778
88,2020-04-27|Bherwerre Beach New South Wales AUSTRALIA,0.6026483771448415,-0.47339316793227476,0.08301764597816051,0.11330108469457828,0.3394136213871168,0.11520160638311706,0.0979802728372388,2020-04-27,Bherwerre Beach New South Wales AUSTRALIA,Bherwerre Beach,New South Wales,AUSTRALIA,-35.163734600000005,150.6497392
89,2020-04-27|Bilgola Beach Sydney New South Wales AUSTRALIA,0.6355098642662328,-0.4664893711850738,0.06549854009036668,0.08663385947061089,0.3580335810853665,0.1281880451848117,0.09930064884163714,2020-04-27,Bilgola Beach Sydney New South Wales AUSTRALIA,Bilgola Beach,New South Wales,AUSTRALIA,-33.6444858,151.3275826
90,2020-04-27|Binalong Bay Tasmania AUSTRALIA,0.4863481798833592,-0.4588110885624931,0.05250364185320363,0.10356697754900371,0.2879975800606734,0.08294260612080397,0.07987615708602333,2020-04-27,Binalong Bay Tasmania AUSTRALIA,Binalong Bay,Tasmania,AUSTRALIA,-41.249126399999994,148.2928957
91,2020-04-27|Binningup Western Australia AUSTRALIA,0.30645546198880264,-0.20870165951030814,0.017239192151508147,-0.012234967471354267,0.17696350093045277,0.03131608066156236,0.05335650310672914,2020-04-27,Binningup Western Australia AUSTRALIA,Binningup,Western Australia,AUSTRALIA,-33.135769399999994,115.72061599999999
92,2020-04-27|Birubi Point New South Wales AUSTRALIA,0.6520275473269196,-0.463593699770799,0.06982393614109948,0.09882879147542334,0.36571343146151597,0.13374631395135694,0.1014306560969524,2020-04-27,Birubi Point New South Wales AUSTRALIA,Birubi Point,New South Wales,AUSTRALIA,-32.7884091,152.08031430000003
93,2020-04-27|Black Head south of Taree New South Wales AUSTRALIA,0.670979924291031,-0.453505918833297,0.07526200699464021,0.10889872655192134,0.3725622843882745,0.13880265574860953,0.10333018612814775,2020-04-27,Black Head south of Taree New South Wales AUSTRALIA,Black Head,New South Wales,AUSTRALIA,-31.8894897,152.4444453
94,2020-04-27|Black Point Eyre Peninsula South Australia AUSTRALIA,1.4140940119876029,-1.2642250502619636,0.15094141160051938,0.3921146377178625,0.8963398905389749,0.8034251993714215,0.2485999565832349,2020-04-27,Black Point Eyre Peninsula South Australia AUSTRALIA,Black Point,South Australia,AUSTRALIA,-34.6106775,137.8773175
95,2020-04-27|Black Point South Australia AUSTRALIA,1.4140883609856312,-1.2642214005523664,0.15094180294289383,0.3921179640164775,0.8963371386102724,0.8034202660520507,0.24859919333553926,2020-04-27,Black Point South Australia AUSTRALIA,Black Point,South Australia,AUSTRALIA,-34.6106775,137.8773175
96,2020-04-27|Black’s Beach 9 miles north of Mackay Queensland AUSTRALIA,0.8318050493858162,-0.977398847973451,-0.0249855740867876,0.05571046689858263,0.6947585814306073,0.4826894864714698,0.23158619381020243,2020-04-27,Black’s Beach 9 miles north of Mackay Queensland AUSTRALIA,Black’s Beach,Queensland,AUSTRALIA,-21.062778,149.1875
97,2020-04-27|Blairgowrie Victoria AUSTRALIA,1.0853647889684432,-1.0040471117102283,0.1266624652752987,0.166954843891351,0.7050514845626491,0.4970975958839955,0.2125810211070327,2020-04-27,Blairgowrie Victoria AUSTRALIA,Blairgowrie,Victoria,AUSTRALIA,-38.36,144.769
98,2020-04-27|Blue Bay New South Wales AUSTRALIA,0.6422593800772495,-0.465478228640385,0.06789329655881972,0.09134764475219592,0.36100029017833857,0.13032120950884465,0.10012346589964453,2020-04-27,Blue Bay New South Wales AUSTRALIA,Blue Bay,New South Wales,AUSTRALIA,-33.353,151.501
99,2020-04-27|Boarding School Bay Victoria AUSTRALIA,0.2960058191803291,-0.3712421475669054,0.017540005276718278,0.03612121852599358,0.2502729013168697,0.06263652513356359,0.08848483283419509,2020-04-27,Boarding School Bay Victoria AUSTRALIA,Boarding School Bay,Victoria,AUSTRALIA,-37.471307700000004,144.7851531
100,2020-04-27|Boat Harbour north of Cronulla New South Wales AUSTRALIA,0.6524773707447565,-0.46238694559888005,0.07022300350482125,0.10018103024080109,0.3658244664593782,0.13382754026028873,0.10146145166450343,2020-04-27,Boat Harbour north of Cronulla New South Wales AUSTRALIA,Boat Harbour,New South Wales,AUSTRALIA,-32.7844827,152.110421
101,2020-04-27|Bombo Beach New South Wales AUSTRALIA,0.618479387662831,-0.4700831342991837,0.05799260306296899,0.07183055684990682,0.3506131674635123,0.12292959319879693,0.0972425963955797,2020-04-27,Bombo Beach New South Wales AUSTRALIA,Bombo Beach,New South Wales,AUSTRALIA,-34.656041200000004,150.8556659
102,2020-04-27|Bondi Beach New South Wales AUSTRALIA,0.6300898046517006,-0.4657529310054024,0.06338676231582073,0.08389200260439578,0.35555377965929935,0.12641849023001359,0.09861287567281762,2020-04-27,Bondi Beach New South Wales AUSTRALIA,Bondi Beach,New South Wales,AUSTRALIA,-33.8914755,151.2766845
103,2020-04-27|Bondi Beach Sydney New South Wales AUSTRALIA,0.6300803010871231,-0.4657548917338656,0.0633809838629394,0.08388338532091576,0.3555483355129545,0.12641461888603248,0.09861136573829474,2020-04-27,Bondi Beach Sydney New South Wales AUSTRALIA,Bondi Beach,New South Wales,AUSTRALIA,-33.8914755,151.2766845
104,2020-04-27|Bondi New South Wales AUSTRALIA,0.6300803010871231,-0.4657548917338656,0.0633809838629394,0.08388338532091576,0.3555483355129545,0.12641461888603248,0.09861136573829474,2020-04-27,Bondi New South Wales AUSTRALIA,Bondi,New South Wales,AUSTRALIA,-33.89195,151.26099
105,2020-04-27|Bondi Sydney New South Wales AUSTRALIA,0.6300803010871231,-0.4657548917338656,0.0633809838629394,0.08388338532091576,0.3555483355129545,0.12641461888603248,0.09861136573829474,2020-04-27,Bondi Sydney New South Wales AUSTRALIA,Bondi,New South Wales,AUSTRALIA,-33.89195,151.26099
106,2020-04-27|Boot Reef Torres Strait Queensland AUSTRALIA,0.9180020846211133,-1.5426210631687536,0.08731743671234564,0.30421670677656365,0.8465774508469704,0.7166933802825546,0.2347983390523344,2020-04-27,Boot Reef Torres Strait Queensland AUSTRALIA,Boot Reef,Queensland,AUSTRALIA,-10.2199025,141.93685449999998
107,2020-04-27|Booti Booti National Park New South Wales AUSTRALIA,0.6663343140573,-0.45613824464482977,0.07460101707114461,0.10373228944880593,0.37020251542913607,0.13704990243005974,0.1026757039758076,2020-04-27,Booti Booti National Park New South Wales AUSTRALIA,Booti Booti National Park,New South Wales,AUSTRALIA,-32.312709600000005,152.5179343
108,2020-04-27|Botany Bay New South Wales AUSTRALIA,0.6260637319303713,-0.4667308548425874,0.06111634862328692,0.08045314660960584,0.35392795164863666,0.12526499495819968,0.09816195211454609,2020-04-27,Botany Bay New South Wales AUSTRALIA,Botany Bay,New South Wales,AUSTRALIA,-33.9930374,151.175278
109,2020-04-27|Botany Bay Sydney New South Wales AUSTRALIA,0.6260736443006364,-0.46672947419734473,0.061120076435417954,0.08045915062977194,0.3539326130943297,0.1252682946117805,0.0981632449669664,2020-04-27,Botany Bay Sydney New South Wales AUSTRALIA,Botany Bay,New South Wales,AUSTRALIA,-33.9930374,151.175278
110,2020-04-27|Botany Bay? New South Wales AUSTRALIA,0.6260736443006364,-0.46672921022380487,0.061120241325881355,0.0804602991544809,0.35393274189161233,0.1252683857829147,0.09816328068890537,2020-04-27,Botany Bay? New South Wales AUSTRALIA,Botany Bay?,New South Wales,AUSTRALIA,-33.9930374,151.175278
111,2020-04-27|Bowen Queensland AUSTRALIA,0.40195575965266517,-0.5509199723341032,-0.06843762391785348,-0.055948333691211424,0.26428136102240596,0.06984463778385529,0.08357310439600486,2020-04-27,Bowen Queensland AUSTRALIA,Bowen,Queensland,AUSTRALIA,-20.012102399999996,148.24627900000002
112,2020-04-27|Boyup Brook Western Australia AUSTRALIA,0.3140557191202061,-0.21574445033022957,0.016191857259429634,-0.012755071845186004,0.1818125157329814,0.03305579087715561,0.054818536079717026,2020-04-27,Boyup Brook Western Australia AUSTRALIA,Boyup Brook,Western Australia,AUSTRALIA,-33.829471500000004,116.3841139
113,2020-04-27|Bradleys Head Sydney New South Wales AUSTRALIA,0.631536740937295,-0.4654577835236882,0.0638561744022313,0.0845463321641352,0.3561202051541081,0.126821600519004,0.0987699738393763,2020-04-27,Bradleys Head Sydney New South Wales AUSTRALIA,Bradleys Head,New South Wales,AUSTRALIA,-33.843012,151.2441915
114,2020-04-27|Bramble Reef Queensland AUSTRALIA,0.5036696784347068,-0.6224590821421526,-0.030052956506940554,0.016911151638600127,0.340132780690276,0.11569030850009941,0.09818787624587341,2020-04-27,Bramble Reef Queensland AUSTRALIA,Bramble Reef,Queensland,AUSTRALIA,-18.4082815,146.70503100000002
115,2020-04-27|Bribie Island Queensland AUSTRALIA,0.7373725963869118,-0.5529441622833646,0.05292670000828661,0.06244865552476297,0.42710651926303284,0.18241997879698346,0.12329503193457805,2020-04-27,Bribie Island Queensland AUSTRALIA,Bribie Island,Queensland,AUSTRALIA,-26.986100300000004,153.1325243
116,2020-04-27|Bribie Passage Caloundra Queensland AUSTRALIA,0.6976935365735604,-0.5066271360926207,0.07345400934940936,0.08720390014935109,0.3966312595824591,0.15731635607796804,0.11449758224447655,2020-04-27,Bribie Passage Caloundra Queensland AUSTRALIA,Bribie Passage,Queensland,AUSTRALIA,-26.804309999999997,153.128613
117,2020-04-27|Brible Island Queensland AUSTRALIA,0.7373725963869118,-0.5529441622833646,0.05292670000828661,0.06244865552476297,0.42710651926303284,0.18241997879698346,0.12329503193457805,2020-04-27,Brible Island Queensland AUSTRALIA,Brible Island,Queensland,AUSTRALIA,-26.986100300000004,153.1325243
118,2020-04-27|Bridport Tasmania AUSTRALIA,1.0535494953029043,-1.1714272551863276,0.1357484718921336,0.13612535679472376,0.8229542860456368,0.6772537569208839,0.24813005331165344,2020-04-27,Bridport Tasmania AUSTRALIA,Bridport,Tasmania,AUSTRALIA,-41.014520700000006,147.4070438
119,2020-04-27|Brighton Beach Adelaide South Australia AUSTRALIA,1.2219800430921592,-1.0276093634238368,0.08879254558954168,0.20908781031074927,0.7498311065689109,0.5622466883783575,0.2079657309747778,2020-04-27,Brighton Beach Adelaide South Australia AUSTRALIA,Brighton Beach,South Australia,AUSTRALIA,-35.0244116,138.51712980000002
120,2020-04-27|Brighton Victoria AUSTRALIA,0.2973888314478066,-0.3727049054138374,0.017064694275348374,0.0352481967035295,0.25182479009915676,0.06341572490848436,0.08903350837499634,2020-04-27,Brighton Victoria AUSTRALIA,Brighton,Victoria,AUSTRALIA,-37.9043383,144.9931825
121,2020-04-27|Brisbane Queensland AUSTRALIA,0.9197599528791943,-0.6981712229324042,0.04804065451588647,0.06313766003097215,0.5500915104987523,0.30260066992279894,0.15879774083269124,2020-04-27,Brisbane Queensland AUSTRALIA,Brisbane,Queensland,AUSTRALIA,-27.469770699999998,153.0251235
122,2020-04-27|Brisbane River Queensland AUSTRALIA,0.692168359900246,-0.5003901976296329,0.07507501705451188,0.08731145968942955,0.3923638403219293,0.1539493831921724,0.11326568441507061,2020-04-27,Brisbane River Queensland AUSTRALIA,Brisbane River,Queensland,AUSTRALIA,-26.895106800000004,152.318608
123,2020-04-27|Broken Head Beach New South Wales AUSTRALIA,0.6906146007229941,-0.4609974161318518,0.07257597446607034,0.05550462566354891,0.3899539438563125,0.15206407832909213,0.11257000722849912,2020-04-27,Broken Head Beach New South Wales AUSTRALIA,Broken Head Beach,New South Wales,AUSTRALIA,-28.701846399999997,153.6139946
124,2020-04-27|Broken Head New South Wales AUSTRALIA,0.6915949396494638,-0.45950812115255796,0.07136281634844645,0.051887019838512925,0.39050910968306285,0.1524973647454584,0.11273026979825872,2020-04-27,Broken Head New South Wales AUSTRALIA,Broken Head,New South Wales,AUSTRALIA,-28.7264578,153.5983166
125,2020-04-27|Bronte Beach New South Wales AUSTRALIA,0.6300803010871231,-0.4657548917338656,0.0633809838629394,0.08388338532091576,0.3555483355129545,0.12641461888603248,0.09861136573829474,2020-04-27,Bronte Beach New South Wales AUSTRALIA,Bronte Beach,New South Wales,AUSTRALIA,-33.90532,151.26068999999998
126,2020-04-27|Bronte New South Wales AUSTRALIA,0.6300803010871231,-0.4657548917338656,0.0633809838629394,0.08388338532091576,0.3555483355129545,0.12641461888603248,0.09861136573829474,2020-04-27,Bronte New South Wales AUSTRALIA,Bronte,New South Wales,AUSTRALIA,-33.90532,151.26068999999998
127,2020-04-27|Broome Head New South Wales AUSTRALIA,0.6856143225087492,-0.4443031132099122,0.08199475899247861,0.1355957550591104,0.37769037103355707,0.142650016371466,0.10475246146234686,2020-04-27,Broome Head New South Wales AUSTRALIA,Broome Head,New South Wales,AUSTRALIA,-29.6430001,153.30745190000002
128,2020-04-27|Broome Western Australia AUSTRALIA,3.6191407092719565,-3.1999595436371067,0.8848010903815351,2.029438975686979,2.594423739183282,6.731034538437764,0.7822481900056205,2020-04-27,Broome Western Australia AUSTRALIA,Broome,Western Australia,AUSTRALIA,-17.964429100000004,122.23036570000001
129,2020-04-27|Broomfield Island Queensland AUSTRALIA,1.079060852697347,-0.7759840918232225,0.14709877594873202,0.217858340209521,0.6144463624866608,0.37754433237308904,0.17737538639213002,2020-04-27,Broomfield Island Queensland AUSTRALIA,Broomfield Island,Queensland,AUSTRALIA,-26.9601877,149.0840869
130,2020-04-27|Broomfield Reef Queensland AUSTRALIA,0.9514265826212491,-0.6142581150861433,0.11652687457970005,0.1441582205248362,0.511078017009607,0.2612007394704721,0.14753551534869838,2020-04-27,Broomfield Reef Queensland AUSTRALIA,Broomfield Reef,Queensland,AUSTRALIA,-23.2670335,151.93534019999998
131,2020-04-27|Broughton Island New South Wales AUSTRALIA,0.6556611121579473,-0.4615680085549757,0.0709763744242375,0.10062745641430688,0.36694368842030717,0.13464767047149948,0.10177186798517686,2020-04-27,Broughton Island New South Wales AUSTRALIA,Broughton Island,New South Wales,AUSTRALIA,-32.6157855,152.31398269999997
132,2020-04-27|Browns Inlet Broadwater Queensland AUSTRALIA,1.1259650002932697,-0.8163396313496025,0.171141498215033,0.17413237724111336,0.727028752524848,0.5285708069978367,0.2299066782409412,2020-04-27,Browns Inlet Broadwater Queensland AUSTRALIA,Brown's Inlet,Queensland,AUSTRALIA,-20.9175738,142.7027956
133,2020-04-27|Brunswick Heads New South Wales AUSTRALIA,0.6872661610249707,-0.4603311783456409,0.07413589303235735,0.05871059208321214,0.38762235023877195,0.15025108640462917,0.1118969341271352,2020-04-27,Brunswick Heads New South Wales AUSTRALIA,Brunswick Heads,New South Wales,AUSTRALIA,-28.5557919,153.54363940000002
134,2020-04-27|Buddina Beach south of Noosa Queensland AUSTRALIA,0.6911270233496084,-0.49800687311433495,0.07801354339835302,0.08953088862469673,0.39069277221428994,0.15264084226048705,0.11278328860418073,2020-04-27,Buddina Beach south of Noosa Queensland AUSTRALIA,Buddina Beach,Queensland,AUSTRALIA,-26.3864103,153.0923901
135,2020-04-27|Bullcock Beach Queensland AUSTRALIA,0.6976935365735604,-0.5066271360926207,0.07345400934940936,0.08720390014935109,0.3966312595824591,0.15731635607796804,0.11449758224447655,2020-04-27,Bullcock Beach Queensland AUSTRALIA,Bullcock Beach,Queensland,AUSTRALIA,-26.806945199999998,153.131696
136,2020-04-27|Bunbury Western Australia AUSTRALIA,0.31147513748180466,-0.21246610508220565,0.016730681844346906,-0.01230167459683055,0.1797814273889172,0.03232136163399651,0.05420613990214201,2020-04-27,Bunbury Western Australia AUSTRALIA,Bunbury,Western Australia,AUSTRALIA,-33.3209971,115.63834820000001
137,2020-04-27|Bundegi Sanctuary Zone Ningaloo Western Australia AUSTRALIA,0.5654174417813692,-0.49531128150937065,0.10435865522292526,0.16812048775552352,0.33915818445280094,0.11502827408132013,0.10226004021891717,2020-04-27,Bundegi Sanctuary Zone Ningaloo Western Australia AUSTRALIA,Bundegi Sanctuary Zone,Western Australia,AUSTRALIA,-22.6799051,113.69804909999999
138,2020-04-27|Bunker Bay Western Australia AUSTRALIA,0.30780321099912056,-0.17437792346390343,0.0334454307729134,-0.016822286320506464,0.18124208918924223,0.03284869489368123,0.05026751121877157,2020-04-27,Bunker Bay Western Australia AUSTRALIA,Bunker Bay,Western Australia,AUSTRALIA,-33.5426804,115.0391851
139,2020-04-27|Burleigh Heads Brisbane Queensland AUSTRALIA,0.6927556572659692,-0.4608689956917844,0.07740891230316549,0.05830139346913468,0.3887426245078311,0.15112082810923655,0.11222032945253896,2020-04-27,Burleigh Heads Brisbane Queensland AUSTRALIA,Burleigh Heads,Queensland,AUSTRALIA,-28.104,153.436
140,2020-04-27|Burleigh Lake on the Gold Coast Queensland AUSTRALIA,0.6929978003898897,-0.46215046070933596,0.0773611397755815,0.05874563782769027,0.3887427760248487,0.15112094591150568,0.1122203731917344,2020-04-27,Burleigh Lake on the Gold Coast Queensland AUSTRALIA,Burleigh Lake on the Gold Coast,Queensland,AUSTRALIA,-28.087777799999998,153.4408333
141,2020-04-27|Burnett River Queensland AUSTRALIA,0.9229977886565616,-0.606254548961707,0.12990064113419497,0.15127972605900167,0.5208986179190459,0.27133537014997217,0.15705684267747028,2020-04-27,Burnett River Queensland AUSTRALIA,Burnett River,Queensland,AUSTRALIA,-25.3273915,151.813121
142,2020-04-27|Burns Beach Perth Western Australia AUSTRALIA,0.29178151294707233,-0.14655465669325118,0.029188981012911633,-0.028033743024087267,0.16531680691042058,0.027329646647057285,0.04585063261626931,2020-04-27,Burns Beach Perth Western Australia AUSTRALIA,Burns Beach,Western Australia,AUSTRALIA,-31.724687199999998,115.7248959
143,2020-04-27|Bushrangers Pass at Bass Point New South Wales AUSTRALIA,0.61848927684088,-0.4700813719694926,0.05799648998849127,0.07183778168411047,0.3506178915697651,0.12293290588882755,0.0972439066269124,2020-04-27,Bushrangers Pass at Bass Point New South Wales AUSTRALIA,Bushrangers Pass at Bass Point,New South Wales,AUSTRALIA,-34.5973075,150.8997956
144,2020-04-27|Bushy Ilet Queensland AUSTRALIA,0.776496392580292,-1.0609259781060454,-0.12625767556519546,-0.11891988303339299,0.6898769950448587,0.475930268292124,0.21815826096944482,2020-04-27,Bushy Ilet Queensland AUSTRALIA,Bushy Ilet,Queensland,AUSTRALIA,-20.9539613,150.0725668
145,2020-04-27|Busselton Western Australia AUSTRALIA,0.31377756695257736,-0.21887887822144328,0.01510943046881441,-0.014218371046400015,0.18280668548001533,0.03341828425618924,0.05511828953688376,2020-04-27,Busselton Western Australia AUSTRALIA,Busselton,Western Australia,AUSTRALIA,-33.653158399999995,115.3454892
146,2020-04-27|Byron Bay New South Wales AUSTRALIA,0.6891744161791671,-0.4612831382095517,0.07364348954154419,0.0581802216689572,0.38907220049655633,0.15137717719923252,0.11231546984544342,2020-04-27,Byron Bay New South Wales AUSTRALIA,Byron Bay,New South Wales,AUSTRALIA,-28.647367100000004,153.601977
147,2020-04-27|Cabbage Tree Creek Sandgate Queensland AUSTRALIA,0.881089374810061,-0.6187016484876403,0.08643280484659425,0.11566719914560444,0.5050430939694553,0.2550685267662401,0.14579338312781326,2020-04-27,Cabbage Tree Creek Sandgate Queensland AUSTRALIA,Cabbage Tree Creek,Queensland,AUSTRALIA,-27.357138199999998,153.00638469999998
148,2020-04-27|Cabramatta Creek George’s River New South Wales AUSTRALIA,0.6239769596959759,-0.4674357645615324,0.05994245317691764,0.07804740890859133,0.35301564284299536,0.12462004409185327,0.09790892317779247,2020-04-27,Cabramatta Creek George’s River New South Wales AUSTRALIA,Cabramatta Creek,New South Wales,AUSTRALIA,-33.9224412,150.9010938
149,2020-04-27|Cactus Beach South Australia AUSTRALIA,0.7491973919987815,-0.5530507723081521,0.13183925708736116,0.23537794733988332,0.4587636887950167,0.21046412215681093,0.1383224566520402,2020-04-27,Cactus Beach South Australia AUSTRALIA,Cactus Beach,South Australia,AUSTRALIA,-32.083500300000004,132.982204
150,2020-04-27|Cactus Beach near Ceduna South Australia AUSTRALIA,0.7491973919987815,-0.5530507723081521,0.13183925708736116,0.23537794733988332,0.4587636887950167,0.21046412215681093,0.1383224566520402,2020-04-27,Cactus Beach near Ceduna South Australia AUSTRALIA,Cactus Beach,South Australia,AUSTRALIA,-32.083500300000004,132.982204
151,2020-04-27|Cactus Beach near Penong South Australia AUSTRALIA,0.7491973919987815,-0.5530507723081521,0.13183925708736116,0.23537794733988332,0.4587636887950167,0.21046412215681093,0.1383224566520402,2020-04-27,Cactus Beach near Penong South Australia AUSTRALIA,Cactus Beach near Penong,South Australia,AUSTRALIA,-32.083500300000004,132.982204
152,2020-04-27|Cairns Aquarium Queensland AUSTRALIA,0.4119316262410003,-0.5442588885716045,-0.030220968552384854,0.04739173674864953,0.3169977817848488,0.10048759365651459,0.1002435003661158,2020-04-27,Cairns Aquarium Queensland AUSTRALIA,Cairns Aquarium,Queensland,AUSTRALIA,-16.9184171,145.7738313
153,2020-04-27|Calliope River Queensland AUSTRALIA,1.099029645583632,-0.7874090561351443,0.1551381270598329,0.23038097787199768,0.6264796779969006,0.39247678694310034,0.18084910536667034,2020-04-27,Calliope River Queensland AUSTRALIA,Calliope River,Queensland,AUSTRALIA,-23.9815319,151.0075239
154,2020-04-27|Caloundra Heads Queensland AUSTRALIA,0.6976935365735604,-0.5066271360926207,0.07345400934940936,0.08720390014935109,0.3966312595824591,0.15731635607796804,0.11449758224447655,2020-04-27,Caloundra Heads Queensland AUSTRALIA,Caloundra Heads,Queensland,AUSTRALIA,-26.799,153.13299999999998
155,2020-04-27|Caloundra Queensland AUSTRALIA,0.6976935365735604,-0.5066271360926207,0.07345400934940936,0.08720390014935109,0.3966312595824591,0.15731635607796804,0.11449758224447655,2020-04-27,Caloundra Queensland AUSTRALIA,Caloundra,Queensland,AUSTRALIA,-26.799,153.13299999999998
156,2020-04-27|Canadian Bay near Mount Eliza Victoria AUSTRALIA,0.30354344252178517,-0.37547276042062316,0.018002171874368582,0.032282299604249595,0.2547118482459299,0.06487812563685762,0.09005423757162792,2020-04-27,Canadian Bay near Mount Eliza Victoria AUSTRALIA,Canadian Bay near Mount Eliza,Victoria,AUSTRALIA,-38.191611,145.09546559999998
157,2020-04-27|Cape Douglas South Australia AUSTRALIA,0.465003171668014,-0.3458620771000663,0.07818216164877013,0.07801650546388582,0.25802090366014224,0.06657478672559641,0.0777962295917391,2020-04-27,Cape Douglas South Australia AUSTRALIA,Cape Douglas,South Australia,AUSTRALIA,-38.0146455,140.5819172
158,2020-04-27|Cape Elizabeth South Australia AUSTRALIA,0.6727499724514047,-0.3819179449894455,0.01180375393354275,-0.10858574992643832,0.3677654027047649,0.13525139142659787,0.10199977052259175,2020-04-27,Cape Elizabeth South Australia AUSTRALIA,Cape Elizabeth,South Australia,AUSTRALIA,-34.1333333,137.45
159,2020-04-27|Cape Howe New South Wales AUSTRALIA,0.5688007344726682,-0.47614244936903277,0.06619444445697618,0.08358161423335551,0.3278696546504531,0.10749851044060739,0.09464781668577436,2020-04-27,Cape Howe New South Wales AUSTRALIA,Cape Howe,New South Wales,AUSTRALIA,-37.5021775,149.9781828
160,2020-04-27|Cape Jervis South Australia AUSTRALIA,0.5979828900629436,-0.43179127483707547,-0.01947166963072546,-0.05685639563761968,0.31726814036985973,0.10065907289374902,0.0847934772144941,2020-04-27,Cape Jervis South Australia AUSTRALIA,Cape Jervis,South Australia,AUSTRALIA,-35.6061701,138.11540459999998
161,2020-04-27|Cape Levêque Western Australia AUSTRALIA,3.0490750721985367,-2.7897716272448703,0.9993398582452115,1.7855772089041884,2.0384781955180284,4.155393353602437,0.6146243016230941,2020-04-27,Cape Levêque Western Australia AUSTRALIA,Cape Levêque,Western Australia,AUSTRALIA,-16.4,122.93333329999999
162,2020-04-27|Cape Moreton Queensland AUSTRALIA,0.6868559001156899,-0.48842001245016137,0.08040011339618015,0.08551148002810832,0.38606817324413706,0.149048634392065,0.11144828187402481,2020-04-27,Cape Moreton Queensland AUSTRALIA,Cape Moreton,Queensland,AUSTRALIA,-27.0333333,153.4666667
163,2020-04-27|Cape Nelson Victoria AUSTRALIA,0.4603435457073085,-0.3480702454426085,0.08147118620488988,-0.019359723428676135,0.28559947675165515,0.08156706112081921,0.09519982558388505,2020-04-27,Cape Nelson Victoria AUSTRALIA,Cape Nelson,Victoria,AUSTRALIA,-38.384739399999994,141.565049
164,2020-04-27|Cape Pillar Storm Bay Tasmania AUSTRALIA,0.35552408143917724,-0.3771563053794356,0.06286960522957605,0.08586714158058685,0.22770263341493502,0.05184848926409628,0.060856088593205036,2020-04-27,Cape Pillar Storm Bay Tasmania AUSTRALIA,Cape Pillar,Tasmania,AUSTRALIA,-43.17,147.44
165,2020-04-27|Carnac Island Western Australia AUSTRALIA,0.2913222516170022,-0.19910666286600914,0.012822235172666075,-0.05509393848135399,0.17140993318049264,0.02938136519294095,0.04581123161794414,2020-04-27,Carnac Island Western Australia AUSTRALIA,Carnac Island,Western Australia,AUSTRALIA,-32.12095789999999,115.66209009999999
166,2020-04-27|Carnarvon Western Australia AUSTRALIA,0.5724861672621087,-0.5019172735373503,0.1392614629014043,0.13384647469044597,0.32442765561483267,0.10525330372773647,0.09781861866263984,2020-04-27,Carnarvon Western Australia AUSTRALIA,Carnarvon,Western Australia,AUSTRALIA,-24.8877473,113.6621827
167,2020-04-27|Carrara Nerang River Queensland AUSTRALIA,0.6930800704080875,-0.4630700662158283,0.0772738570915837,0.0588760488574908,0.3886084927646374,0.15101656064880323,0.11218160895351907,2020-04-27,Carrara Nerang River Queensland AUSTRALIA,Carrara,Queensland,AUSTRALIA,-28.0211196,153.3618544
168,2020-04-27|Carrickalinga Head South Australia AUSTRALIA,1.0563787689394704,-0.8490756808332638,0.029898125627563672,0.010521827869394602,0.6346739710031014,0.40281104946884566,0.16962375369977892,2020-04-27,Carrickalinga Head South Australia AUSTRALIA,Carrickalinga Head,South Australia,AUSTRALIA,-35.428351899999996,138.3308642
169,2020-04-27|Carrum Victoria AUSTRALIA,0.30217409569289866,-0.37489580724322474,0.018357693426682115,0.03381219390697089,0.25433908765285035,0.0646883715080843,0.08992244680006509,2020-04-27,Carrum Victoria AUSTRALIA,Carrum,Victoria,AUSTRALIA,-38.076,145.122
170,2020-04-27|Castle Rock north of Dunsborough Western Australia AUSTRALIA,0.30780321099912056,-0.17437792346390343,0.0334454307729134,-0.016822286320506464,0.18124208918924223,0.03284869489368123,0.05026751121877157,2020-04-27,Castle Rock north of Dunsborough Western Australia AUSTRALIA,Castle Rock,Western Australia,AUSTRALIA,-33.583762899999996,115.09000060000001
171,2020-04-27|Cathedral Rock Victoria AUSTRALIA,0.4156778054760733,-0.1962316994485515,0.05847098289460244,-0.027969678516629112,0.22536377526909104,0.050788831203537374,0.07126628319446536,2020-04-27,Cathedral Rock Victoria AUSTRALIA,Cathedral Rock,Victoria,AUSTRALIA,-31.434438800000002,120.85630420000001
172,2020-04-27|Catseye Beach Hamilton Island Whitsundays Queensland AUSTRALIA,0.43637536090910867,-0.8441794962798744,-0.1040901857369942,-0.0679545954145717,0.47324380075601763,0.2239596949540013,0.149652829894393,2020-04-27,Catseye Beach Hamilton Island Whitsundays Queensland AUSTRALIA,Catseye Beach,Queensland,AUSTRALIA,-20.3464395,148.9574515
173,2020-04-27|Cave at Shell Harbour New South Wales AUSTRALIA,0.618479387662831,-0.4700831342991837,0.05799260306296899,0.07183055684990682,0.3506131674635123,0.12292959319879693,0.0972425963955797,2020-04-27,Cave at Shell Harbour New South Wales AUSTRALIA,Cave at Shell Harbour,New South Wales,AUSTRALIA,-34.64434779999999,150.8558397
174,2020-04-27|Caves Beach New South Wales AUSTRALIA,0.6479920448077037,-0.4648689018449496,0.06965083617487802,0.09544949094300406,0.36363382529160765,0.13222955889620744,0.10085387712169273,2020-04-27,Caves Beach New South Wales AUSTRALIA,Caves Beach,New South Wales,AUSTRALIA,-33.1063425,151.6450391
175,2020-04-27|Ceduna South Australia AUSTRALIA,0.8039516548395298,-0.6227649753560256,0.12021546835479437,0.2584268741331456,0.5039931731620073,0.2540091185939091,0.15195965929809047,2020-04-27,Ceduna South Australia AUSTRALIA,Ceduna,South Australia,AUSTRALIA,-32.130585100000005,133.6817145
176,2020-04-27|Cellito Beach New South Wales AUSTRALIA,0.6640960457029007,-0.4566862317783982,0.07408026505546565,0.10328248927288046,0.3693781289863839,0.13644020217348166,0.10244706031502758,2020-04-27,Cellito Beach New South Wales AUSTRALIA,Cellito Beach,New South Wales,AUSTRALIA,-32.3789104,152.529459
177,2020-04-27|Charles Street Wharf Parramatta River New South Wales AUSTRALIA,0.6315376362736688,-0.465458366516061,0.06385605715113238,0.0845437523152989,0.3561202751447366,0.1268216503691629,0.098769993251284,2020-04-27,Charles Street Wharf Parramatta River New South Wales AUSTRALIA,Charles Street Wharf,New South Wales,AUSTRALIA,-33.834442700000004,151.0923358
178,2020-04-27|Cheviot Beach Portsea Port Phillip Bay Victoria AUSTRALIA,0.847975943288932,-0.8054008440591632,0.07847248830600505,0.07874227100695774,0.5593243832142157,0.31284376565796285,0.1686426468380465,2020-04-27,Cheviot Beach Portsea Port Phillip Bay Victoria AUSTRALIA,Cheviot Beach,Victoria,AUSTRALIA,-38.3136027,144.66766669999998
179,2020-04-27|Cheynes Beach Western Australia AUSTRALIA,0.37766505876031786,-0.17607242389496328,0.06517101829090459,0.002051052987390948,0.21147842324977845,0.04472312350021243,0.06687534934504076,2020-04-27,Cheynes Beach Western Australia AUSTRALIA,Cheynes Beach,Western Australia,AUSTRALIA,-34.88414,118.404629
180,2020-04-27|Chimney Point George’s Bay Tasmania AUSTRALIA,0.4863481798833592,-0.4588110885624931,0.05250364185320363,0.10356697754900371,0.2879975800606734,0.08294260612080397,0.07987615708602333,2020-04-27,Chimney Point George’s Bay Tasmania AUSTRALIA,Chimney Point,Tasmania,AUSTRALIA,-41.31,148.29
181,2020-04-27|Chowder Bay Sydney New South Wales AUSTRALIA,0.6315376362736688,-0.465458366516061,0.06385605715113238,0.0845437523152989,0.3561202751447366,0.1268216503691629,0.098769993251284,2020-04-27,Chowder Bay Sydney New South Wales AUSTRALIA,Chowder Bay,New South Wales,AUSTRALIA,-33.833420600000004,151.25995830000002
182,2020-04-27|Cid Harbor Whitsundays Queensland AUSTRALIA,0.4333426530388759,-0.7523571754549275,-0.16156835938789946,-0.14009130675322776,0.3843673296316239,0.14773824408814543,0.11589111036899541,2020-04-27,Cid Harbor Whitsundays Queensland AUSTRALIA,Cid Harbor,Queensland,AUSTRALIA,-20.25,148.93333330000002
183,2020-04-27|City Beach Perth Western Australia AUSTRALIA,0.2927655240634317,-0.14677319354505447,0.028552054431648956,-0.029612423361858514,0.1665411167196533,0.027735943558229184,0.04619019506198024,2020-04-27,City Beach Perth Western Australia AUSTRALIA,City Beach,Western Australia,AUSTRALIA,-31.9339651,115.76420859999999
184,2020-04-27|Clairview Queensland AUSTRALIA,2.9618520215482342,-2.2250123639803334,0.4644920363524846,0.8902019012166966,1.8666388459866647,3.484340581346428,0.5902830322266114,2020-04-27,Clairview Queensland AUSTRALIA,Clairview,Queensland,AUSTRALIA,-22.0422664,149.4835735
185,2020-04-27|Clarence Head New South Wales AUSTRALIA,0.6923368935754287,-0.447625864557631,0.0828609741683691,0.13419641809780594,0.3803239437374749,0.144646302180026,0.10548288311016517,2020-04-27,Clarence Head New South Wales AUSTRALIA,Clarence Head,New South Wales,AUSTRALIA,-29.431929999999998,153.36539969999998
186,2020-04-27|Clarence Heads New South Wales AUSTRALIA,0.6227519454340942,-0.46831997082338983,0.05918309748540255,0.07624402503649769,0.3525369957535849,0.12428233337496312,0.09777617036058316,2020-04-27,Clarence Heads New South Wales AUSTRALIA,Clarence Heads,New South Wales,AUSTRALIA,-33.482099100000006,150.22437649999998
187,2020-04-27|Clarence River New South Wales AUSTRALIA,0.6923499386254136,-0.44762714573808493,0.08286236546383413,0.13419959948665713,0.38032584901009797,0.14464775142525182,0.10548341153771411,2020-04-27,Clarence River New South Wales AUSTRALIA,Clarence River,New South Wales,AUSTRALIA,-29.4612304,153.14638190000002
188,2020-04-27|Clark Island Sydney Harbour New South Wales AUSTRALIA,0.6300803010871231,-0.4657548917338656,0.0633809838629394,0.08388338532091576,0.3555483355129545,0.12641461888603248,0.09861136573829474,2020-04-27,Clark Island Sydney Harbour New South Wales AUSTRALIA,Clark Island,New South Wales,AUSTRALIA,-33.8626215,151.241028
189,2020-04-27|Clarkes Beach Byron Bay New South Wales AUSTRALIA,0.6891744161791671,-0.4612831382095517,0.07364348954154419,0.0581802216689572,0.38907220049655633,0.15137717719923252,0.11231546984544342,2020-04-27,Clarkes Beach Byron Bay New South Wales AUSTRALIA,Clarkes Beach,New South Wales,AUSTRALIA,-28.6396907,153.6272755
190,2020-04-27|Clarks Beach Byron Bay New South Wales AUSTRALIA,0.6891744161791671,-0.4612831382095517,0.07364348954154419,0.0581802216689572,0.38907220049655633,0.15137717719923252,0.11231546984544342,2020-04-27,Clarks Beach Byron Bay New South Wales AUSTRALIA,Clarks Beach,New South Wales,AUSTRALIA,-28.6396907,153.6272755
191,2020-04-27|Clarks Island Sydney Harbor New South Wales AUSTRALIA,0.6300793026926829,-0.4657542379552648,0.06338111225363476,0.08388625743530238,0.3555482566427388,0.12641456280169086,0.09861134386363267,2020-04-27,Clarks Island Sydney Harbor New South Wales AUSTRALIA,Clark's Island,New South Wales,AUSTRALIA,-33.8626215,151.241028
192,2020-04-27|Cleveland Queensland AUSTRALIA,0.9321588377152769,-0.7371592777998551,0.02080220679173503,0.02459419707855673,0.5706004867798719,0.3255849155134267,0.16471817232104527,2020-04-27,Cleveland Queensland AUSTRALIA,Cleveland,Queensland,AUSTRALIA,-27.533333000000002,153.26666699999998
193,2020-04-27|Clifton Beach Tasmania AUSTRALIA,0.36323709343866034,-0.39740879404680796,0.059986315821935095,0.08872234865366165,0.23366523678181322,0.05459944288030084,0.062449661374068106,2020-04-27,Clifton Beach Tasmania AUSTRALIA,Clifton Beach,Tasmania,AUSTRALIA,-42.989444,147.52166699999998
194,2020-04-27|Clifton Beach southwest of Hobart Tasmania AUSTRALIA,0.36323709343866034,-0.39740879404680796,0.059986315821935095,0.08872234865366165,0.23366523678181322,0.05459944288030084,0.062449661374068106,2020-04-27,Clifton Beach southwest of Hobart Tasmania AUSTRALIA,Clifton Beach,Tasmania,AUSTRALIA,-42.989444,147.52166699999998
195,2020-04-27|Coalcliff New South Wales AUSTRALIA,0.6227520418855099,-0.46832003692985325,0.05918308520444412,0.07624374290669754,0.3525370038312696,0.12428233907032861,0.09777617260092981,2020-04-27,Coalcliff New South Wales AUSTRALIA,Coalcliff,New South Wales,AUSTRALIA,-34.245726399999995,150.97291940000002
196,2020-04-27|Cobblestones Margaret River Area Western Australia AUSTRALIA,0.31926637548733494,-0.1848776762796528,0.02646864500532592,-0.02916327679968882,0.18879158716662398,0.03564226338489298,0.052361365223499386,2020-04-27,Cobblestones Margaret River Area Western Australia AUSTRALIA,Cobblestones,Western Australia,AUSTRALIA,-33.9610465,115.0767388
197,2020-04-27|Cockatoo Island Sydney New South Wales AUSTRALIA,0.6300803010871231,-0.4657548917338656,0.0633809838629394,0.08388338532091576,0.3555483355129545,0.12641461888603248,0.09861136573829474,2020-04-27,Cockatoo Island Sydney New South Wales AUSTRALIA,Cockatoo Island,New South Wales,AUSTRALIA,-33.84705579999999,151.1716362
198,2020-04-27|Cockle Bay Sydney Harbour New South Wales AUSTRALIA,0.6300793026926829,-0.4657542379552648,0.06338111225363476,0.08388625743530238,0.3555482566427388,0.12641456280169086,0.09861134386363267,2020-04-27,Cockle Bay Sydney Harbour New South Wales AUSTRALIA,Cockle Bay,New South Wales,AUSTRALIA,-33.8661517,151.2005002
199,2020-04-27|Coffee Head New South Wales AUSTRALIA,0.6300803010871231,-0.4657548917338656,0.0633809838629394,0.08388338532091576,0.3555483355129545,0.12641461888603248,0.09861136573829474,2020-04-27,Coffee Head New South Wales AUSTRALIA,Coffee Head,New South Wales,AUSTRALIA,-33.8594282,151.2777455
200,2020-04-27|Coffin Bay South Australia AUSTRALIA,0.6363503252636524,-0.4863144072891305,0.06201351954435427,0.09755791843431641,0.37196341273889705,0.13835678041636706,0.1121511887086385,2020-04-27,Coffin Bay South Australia AUSTRALIA,Coffin Bay,South Australia,AUSTRALIA,-34.6235585,135.4654638
201,2020-04-27|Coff’s Harbor New South Wales AUSTRALIA,0.67617392320773,-0.4338119720539879,0.07856689645991881,0.12833908640551486,0.3731096279255792,0.13921079445076415,0.10348199191192052,2020-04-27,Coff’s Harbor New South Wales AUSTRALIA,Coff’s Harbor,New South Wales,AUSTRALIA,-30.298612,153.10939219999997
202,2020-04-27|Coledale Beach New South Wales AUSTRALIA,0.6227526108455902,-0.4683204269333722,0.05918301273086027,0.0762420788316424,0.35253705153155207,0.1242823727025602,0.09777618583060782,2020-04-27,Coledale Beach New South Wales AUSTRALIA,Coledale Beach,New South Wales,AUSTRALIA,-34.28763370000001,150.9490069
203,2020-04-27|Collaroy New South Wales AUSTRALIA,0.6333859930598428,-0.465829851209703,0.06452864478379589,0.08602543347389886,0.35708054144836937,0.12750651308106065,0.09903632320481078,2020-04-27,Collaroy New South Wales AUSTRALIA,Collaroy,New South Wales,AUSTRALIA,-33.73,151.3
204,2020-04-27|Colledges Crossing Brisbane River Queensland AUSTRALIA,0.9197599528791943,-0.6981712229324042,0.04804065451588647,0.06313766003097215,0.5500915104987523,0.30260066992279894,0.15879774083269124,2020-04-27,Colledges Crossing Brisbane River Queensland AUSTRALIA,Colledge's Crossing,Queensland,AUSTRALIA,-27.5568063,152.80267419999998
205,2020-04-27|College’s Crossing 54 miles above mouth of the Brisbane River Queensland AUSTRALIA,0.692168359900246,-0.5003901976296329,0.07507501705451188,0.08731145968942955,0.3923638403219293,0.1539493831921724,0.11326568441507061,2020-04-27,College’s Crossing 54 miles above mouth of the Brisbane River Queensland AUSTRALIA,College’s Crossing,Queensland,AUSTRALIA,-26.895106800000004,152.318608
206,2020-04-27|Collendina Beach east of Ocean Grove Victoria AUSTRALIA,1.0789531911031265,-0.9838057786055494,0.1387567606553208,0.19349160411643498,0.69643185863571,0.4850173337227896,0.20998210610404391,2020-04-27,Collendina Beach east of Ocean Grove Victoria AUSTRALIA,Collendina Beach east of Ocean Grove,Victoria,AUSTRALIA,-38.271434,144.55914099999998
207,2020-04-27|Collie River Western Australia AUSTRALIA,0.31147513748180466,-0.21246610508220565,0.016730681844346906,-0.01230167459683055,0.1797814273889172,0.03232136163399651,0.05420613990214201,2020-04-27,Collie River Western Australia AUSTRALIA,Collie River,Western Australia,AUSTRALIA,-33.3057308,115.788155
208,2020-04-27|Condon 88 km NE of Port Hedland Western Australia AUSTRALIA,2.6184920380735583,-2.534865569622381,0.3814148125337653,1.0719724597145985,1.9460877777976482,3.7872576388933887,0.586767542550121,2020-04-27,Condon 88 km NE of Port Hedland Western Australia AUSTRALIA,Condon,Western Australia,AUSTRALIA,-20.3068645,118.61767090000001
209,2020-04-27|Cone Bay Western Australia AUSTRALIA,3.364552933488077,-2.447498965511954,1.378648755271859,2.2487957461733292,2.0161686275912722,4.064935934883274,0.6078977138005489,2020-04-27,Cone Bay Western Australia AUSTRALIA,Cone Bay,Western Australia,AUSTRALIA,-16.4683333,123.53527779999999
210,2020-04-27|Conspicuous Beach near Walpole Western Australia AUSTRALIA,0.3351414965716771,-0.14240548567512862,0.04259251803238532,-0.026225798085688284,0.19274420818437152,0.03715032978862035,0.05564046023999408,2020-04-27,Conspicuous Beach near Walpole Western Australia AUSTRALIA,Conspicuous Beach,Western Australia,AUSTRALIA,-35.0169764,116.861579
211,2020-04-27|Coogee Bay near Sydney New South Wales AUSTRALIA,0.628891948025906,-0.46596636025206045,0.06266615245754152,0.08301704491567982,0.3550847439331667,0.12608517537408256,0.0984827885681564,2020-04-27,Coogee Bay near Sydney New South Wales AUSTRALIA,Coogee Bay,New South Wales,AUSTRALIA,-33.9197737,151.249673
212,2020-04-27|Coogee New South Wales AUSTRALIA,0.628891948025906,-0.46596636025206045,0.06266615245754152,0.08301704491567982,0.3550847439331667,0.12608517537408256,0.0984827885681564,2020-04-27,Coogee New South Wales AUSTRALIA,Coogee,New South Wales,AUSTRALIA,-33.919000000000004,151.2555
213,2020-04-27|Cook Island New South Wales AUSTRALIA,0.6908432047940499,-0.4602293119745471,0.07699472848921951,0.05899350546268573,0.3881766116809918,0.15068108185613552,0.11205693562356873,2020-04-27,Cook Island New South Wales AUSTRALIA,Cook Island,New South Wales,AUSTRALIA,-28.195873100000004,153.57802900000002
214,2020-04-27|Cooks Hill Newcastle New South Wales AUSTRALIA,0.6505976384968132,-0.4649568472135418,0.069895203158927,0.0978721448530581,0.36517580456472454,0.1333533682394939,0.10128154522437932,2020-04-27,Cooks Hill Newcastle New South Wales AUSTRALIA,Cooks Hill,New South Wales,AUSTRALIA,-32.9338,151.7696
215,2020-04-27|Cooktown Queensland AUSTRALIA,0.38380140734114315,-0.526502536740622,-0.029711629711875208,0.024496214322516405,0.28520288765257834,0.08134068712536924,0.08599190613358976,2020-04-27,Cooktown Queensland AUSTRALIA,Cooktown,Queensland,AUSTRALIA,-15.4758164,145.2470981
216,2020-04-27|Coolum Beach Queensland AUSTRALIA,0.6908162853816981,-0.4980860784991666,0.07715945025151849,0.08887952898497281,0.39087254104585717,0.1527813433436453,0.11283518339582935,2020-04-27,Coolum Beach Queensland AUSTRALIA,Coolum Beach,Queensland,AUSTRALIA,-26.527691700000002,153.0736329
217,2020-04-27|Coopers Point Queensland AUSTRALIA,1.4093289511687446,-1.2971498089976916,0.07815706334626722,0.1263006543844959,0.824417482262127,0.6796641850594244,0.23798882765433627,2020-04-27,Coopers Point Queensland AUSTRALIA,Cooper's Point,Queensland,AUSTRALIA,-27.4137404,140.0047273
218,2020-04-27|Cooranbong New South Wales AUSTRALIA,0.6464578655852081,-0.4652022016691234,0.06921473531948193,0.09384286653256396,0.36287193277619023,0.1316760395967279,0.10064256615779044,2020-04-27,Cooranbong New South Wales AUSTRALIA,Cooranbong,New South Wales,AUSTRALIA,-33.074,151.451
219,2020-04-27|Coral Bay Western Australia AUSTRALIA,0.5554452281140688,-0.4886303226646965,0.10266802859216523,0.17097076338205555,0.3333436032526873,0.11111795782948501,0.10050687802311432,2020-04-27,Coral Bay Western Australia AUSTRALIA,Coral Bay,Western Australia,AUSTRALIA,-23.143670800000002,113.77153590000002
220,2020-04-27|Corio Bay Port Phillip South Australia AUSTRALIA,0.30461615283375876,-0.3019645086996152,0.0836812499521588,0.1656232974598162,0.23598175181395023,0.0556873871891808,0.0963391467587128,2020-04-27,Corio Bay Port Phillip South Australia AUSTRALIA,Corio Bay,South Australia,AUSTRALIA,-38.1166667,144.43333330000002
221,2020-04-27|Cottesloe Beach Perth Western Australia AUSTRALIA,0.2929060096518765,-0.14712828758562124,0.02783025495373836,-0.030903404092430146,0.16706321162602766,0.0279101166788029,0.04633499813548726,2020-04-27,Cottesloe Beach Perth Western Australia AUSTRALIA,Cottesloe Beach,Western Australia,AUSTRALIA,-32.0135412,115.76343659999999
222,2020-04-27|Cottesloe Beach Western Australia AUSTRALIA,0.2929060096518765,-0.14712828758562124,0.02783025495373836,-0.030903404092430146,0.16706321162602766,0.0279101166788029,0.04633499813548726,2020-04-27,Cottesloe Beach Western Australia AUSTRALIA,Cottesloe Beach,Western Australia,AUSTRALIA,-31.9938622,115.7510477
223,2020-04-27|Cottesloe Perth Western Australia AUSTRALIA,0.2929060096518765,-0.14712828758562124,0.02783025495373836,-0.030903404092430146,0.16706321162602766,0.0279101166788029,0.04633499813548726,2020-04-27,Cottesloe Perth Western Australia AUSTRALIA,Cottesloe,Western Australia,AUSTRALIA,-31.9896506,115.7630503
224,2020-04-27|Cowaramup Bay Western Australia AUSTRALIA,0.3142445449145331,-0.18118242160034417,0.027475764855389738,-0.026667357975058384,0.18572343143715314,0.03449319298479093,0.05151041193090587,2020-04-27,Cowaramup Bay Western Australia AUSTRALIA,Cowaramup Bay,Western Australia,AUSTRALIA,-33.8606025,114.9857991
225,2020-04-27|Cowell South Australia AUSTRALIA,0.8863341636701525,-0.614597057500296,0.05317097581359567,0.019656944031600607,0.49570587654438253,0.2457243160406346,0.1374840734945841,2020-04-27,Cowell South Australia AUSTRALIA,Cowell,South Australia,AUSTRALIA,-33.683333000000005,136.916667
226,2020-04-27|Cowes Victoria AUSTRALIA,0.5623016711285085,-0.49274814399594713,0.10298396955845958,0.13709940818524635,0.32862676614408454,0.10799555142631882,0.09908469812434521,2020-04-27,Cowes Victoria AUSTRALIA,Cowes,Victoria,AUSTRALIA,-38.451111,145.241944
227,2020-04-27|Crescent Head New South Wales AUSTRALIA,0.6748290725049174,-0.4325965488991488,0.07814385070089197,0.12260061516447016,0.37253066917621275,0.13877909947687686,0.10332141764598057,2020-04-27,Crescent Head New South Wales AUSTRALIA,Crescent Head,New South Wales,AUSTRALIA,-31.1861501,152.9132368
228,2020-04-27|Cronulla New South Wales AUSTRALIA,0.6249671730309879,-0.46709272963858944,0.06045886200096287,0.0791652132392619,0.35344946636176955,0.12492652527141968,0.09802924417328805,2020-04-27,Cronulla New South Wales AUSTRALIA,Cronulla,New South Wales,AUSTRALIA,-34.05744,151.15219
229,2020-04-27|Cronulla near Sydney New South Wales AUSTRALIA,0.6249671730309879,-0.46709272963858944,0.06045886200096287,0.0791652132392619,0.35344946636176955,0.12492652527141968,0.09802924417328805,2020-04-27,Cronulla near Sydney New South Wales AUSTRALIA,Cronulla,New South Wales,AUSTRALIA,-34.05744,151.15219
230,2020-04-27|Crookhaven New South Wales AUSTRALIA,0.6133693238314857,-0.4706344407146365,0.056242349820312024,0.06746337133577508,0.34824205108223916,0.12127252614196488,0.09658496703459717,2020-04-27,Crookhaven New South Wales AUSTRALIA,Crookhaven,New South Wales,AUSTRALIA,-34.9211517,150.7225905
231,2020-04-27|Crowdy Head New South Wales AUSTRALIA,0.6735873893497306,-0.45047706393283876,0.0756230411190609,0.11107609731937607,0.3734412760086396,0.13945838662696095,0.10357397454029617,2020-04-27,Crowdy Head New South Wales AUSTRALIA,Crowdy Head,New South Wales,AUSTRALIA,-31.844324100000005,152.72650990000002
232,2020-04-27|Cudgen Creek New South Wales AUSTRALIA,0.6889212660363938,-0.4605855703929796,0.07591892121626435,0.059507903840391785,0.38773241447878226,0.1503364252375462,0.11192870693643425,2020-04-27,Cudgen Creek New South Wales AUSTRALIA,Cudgen Creek,New South Wales,AUSTRALIA,-28.2765787,153.5730286
233,2020-04-27|Cull Island  Esperance Western Australia AUSTRALIA,0.42790214312399955,-0.2121670485665364,0.05891703804837649,-0.02742971256431769,0.23153340558374363,0.05360771790120633,0.07321729160601771,2020-04-27,Cull Island  Esperance Western Australia AUSTRALIA,Cull Island / Esperance,Western Australia,AUSTRALIA,-33.9221794,121.90321809999999
234,2020-04-27|Curl Curl New South Wales AUSTRALIA,0.6315376362736688,-0.465458366516061,0.06385605715113238,0.0845437523152989,0.3561202751447366,0.1268216503691629,0.098769993251284,2020-04-27,Curl Curl New South Wales AUSTRALIA,Curl Curl,New South Wales,AUSTRALIA,-33.77213,151.28992
235,2020-04-27|Currumbin Queensland AUSTRALIA,0.6927544411740904,-0.46086994126690933,0.07740895123122367,0.05830395811893624,0.38874249132853966,0.15112072456431971,0.11222029100698908,2020-04-27,Currumbin Queensland AUSTRALIA,Currumbin,Queensland,AUSTRALIA,-28.136,153.483
236,2020-04-27|Currumbin Rock Queensland AUSTRALIA,0.6927556572659692,-0.4608689956917844,0.07740891230316549,0.05830139346913468,0.3887426245078311,0.15112082810923655,0.11222032945253896,2020-04-27,Currumbin Rock Queensland AUSTRALIA,Currumbin Rock,Queensland,AUSTRALIA,-28.133333299999997,153.5
237,2020-04-27|Dampiers Creek Broome Western Australia AUSTRALIA,3.6191407092719565,-3.1999595436371067,0.8848010903815351,2.029438975686979,2.594423739183282,6.731034538437764,0.7822481900056205,2020-04-27,Dampiers Creek Broome Western Australia AUSTRALIA,Dampier's Creek,Western Australia,AUSTRALIA,-17.9420122,122.250175
238,2020-04-27|Dangerous Reef South Australia AUSTRALIA,0.6642602171064366,-0.41741480023725397,0.10031447109012896,0.04404075357031978,0.34726818169461865,0.12059519001748668,0.1047052963918196,2020-04-27,Dangerous Reef South Australia AUSTRALIA,Dangerous Reef,South Australia,AUSTRALIA,-34.8166667,136.22916669999998
239,2020-04-27|Dangerous Reef South Neptune Island South Australia AUSTRALIA,0.6642698734911684,-0.4174168103864211,0.10031548249956926,0.04403451403813005,0.34727279867365024,0.12059839669862962,0.10470668846337529,2020-04-27,Dangerous Reef South Neptune Island South Australia AUSTRALIA,Dangerous Reef,South Australia,AUSTRALIA,-34.8166667,136.22916669999998
240,2020-04-27|Darling Harbor Sydney New South Wales AUSTRALIA,0.6300803010871231,-0.4657548917338656,0.0633809838629394,0.08388338532091576,0.3555483355129545,0.12641461888603248,0.09861136573829474,2020-04-27,Darling Harbor Sydney New South Wales AUSTRALIA,Darling Harbor,New South Wales,AUSTRALIA,-33.87488,151.2009
241,2020-04-27|Dee Why north of Queenscliff New South Wales AUSTRALIA,0.6315376362736688,-0.465458366516061,0.06385605715113238,0.0845437523152989,0.3561202751447366,0.1268216503691629,0.098769993251284,2020-04-27,Dee Why north of Queenscliff New South Wales AUSTRALIA,Dee Why,New South Wales,AUSTRALIA,-33.7544,151.2854
242,2020-04-27|Denmark Western Australia AUSTRALIA,0.35208321396909464,-0.15596714630426295,0.05547283505904511,-0.003170039445717758,0.20222423366356712,0.040894640680816996,0.060972900598109975,2020-04-27,Denmark Western Australia AUSTRALIA,Denmark,Western Australia,AUSTRALIA,-34.9617565,117.35065
243,2020-04-27|Dent Island Whitsundays Queensland AUSTRALIA,0.43637536090910867,-0.8441794962798744,-0.1040901857369942,-0.0679545954145717,0.47324380075601763,0.2239596949540013,0.149652829894393,2020-04-27,Dent Island Whitsundays Queensland AUSTRALIA,Dent Island,Queensland,AUSTRALIA,-20.3496288,148.93201430000002
244,2020-04-27|Depth of 40 m on the wreck of the St Paul off Brisbane Queensland AUSTRALIA,2.4445607678126082,-2.3224153608525335,0.8329648862054941,1.3242170684553578,1.7108372731309047,2.92696417513399,0.5410142489005247,2020-04-27,Depth of 40 m on the wreck of the St Paul off Brisbane Queensland AUSTRALIA,Depth of 40 m on the wreck of the St. Paul off Brisbane,Queensland,AUSTRALIA,44.953702899999996,-93.0899578
245,2020-04-27|Derwent Island Queensland AUSTRALIA,0.8088511441059272,-1.1623785982321242,-0.19866069719324714,-0.20371331212022842,0.7295944709998592,0.5323080921135644,0.2307180296625221,2020-04-27,Derwent Island Queensland AUSTRALIA,Derwent Island,Queensland,AUSTRALIA,-20.9866702,149.7855122
246,2020-04-27|Derwent River Tasmania AUSTRALIA,0.4092456271493073,-0.35503308291156194,0.05569150036113216,0.018649013397727534,0.25972318102493924,0.06745613076171336,0.08657439367497975,2020-04-27,Derwent River Tasmania AUSTRALIA,Derwent River,Tasmania,AUSTRALIA,-42.133391100000004,146.22308940000002
247,2020-04-27|Derwent River empties into the sea at Hobart Tasmania AUSTRALIA,0.4092456271493073,-0.35503308291156194,0.05569150036113216,0.018649013397727534,0.25972318102493924,0.06745613076171336,0.08657439367497975,2020-04-27,Derwent River empties into the sea at Hobart Tasmania AUSTRALIA,Derwent River (empties into the sea at Hobart),Tasmania,AUSTRALIA,-42.133391100000004,146.22308940000002
248,2020-04-27|Dicky Beach Queensland AUSTRALIA,0.6976935365735604,-0.5066271360926207,0.07345400934940936,0.08720390014935109,0.3966312595824591,0.15731635607796804,0.11449758224447655,2020-04-27,Dicky Beach Queensland AUSTRALIA,Dicky Beach,Queensland,AUSTRALIA,-26.783,153.13299999999998
249,2020-04-27|Dingo Reef 80 nm off Townsville Queensland AUSTRALIA,0.4873591652173473,-0.5174931117167042,-0.0020609984671570215,0.02690897433541612,0.29853174300979857,0.08912120158446842,0.09440402617710136,2020-04-27,Dingo Reef 80 nm off Townsville Queensland AUSTRALIA,Dingo Reef,Queensland,AUSTRALIA,-19.150384600000002,148.3894903
250,2020-04-27|Direction Island Cocos Islands Western Australia AUSTRALIA,0.4759909465396276,-0.33143475172166204,0.025757789740241753,-0.021174772798741352,0.277272685380873,0.0768801420583206,0.07690160649433324,2020-04-27,Direction Island Cocos Islands Western Australia AUSTRALIA,Direction Island,Western Australia,AUSTRALIA,-12.188700599999999,96.8293902
251,2020-04-27|Dobroyd Head Watson Bay Sydney New South Wales AUSTRALIA,0.6315369429538418,-0.46545791506853074,0.06385614793246477,0.08454574996908251,0.35612022093150525,0.1268216117563041,0.09876997821523896,2020-04-27,Dobroyd Head Watson Bay Sydney New South Wales AUSTRALIA,Dobroyd Head,New South Wales,AUSTRALIA,-33.8115783,151.2731683
252,2020-04-27|Dolphin Bay Innes National Park South Australia AUSTRALIA,0.5085033001506248,-0.3607984631089912,0.0626492002591082,0.03608341164507539,0.27037636862676884,0.07310338071179838,0.08152154244671014,2020-04-27,Dolphin Bay Innes National Park South Australia AUSTRALIA,Dolphin Bay,South Australia,AUSTRALIA,-35.2367081,136.897156
253,2020-04-27|Double Island Beach Queensland AUSTRALIA,0.6928518168292433,-0.5010336023344834,0.07935649946340025,0.09020200540836551,0.3903324508120244,0.15235942215692144,0.11267927277488432,2020-04-27,Double Island Beach Queensland AUSTRALIA,Double Island Beach,Queensland,AUSTRALIA,-25.9090307,153.0924523
254,2020-04-27|Dover Heights Sydney New South Wales AUSTRALIA,0.6300803010871231,-0.4657548917338656,0.0633809838629394,0.08388338532091576,0.3555483355129545,0.12641461888603248,0.09861136573829474,2020-04-27,Dover Heights Sydney New South Wales AUSTRALIA,Dover Heights,New South Wales,AUSTRALIA,-33.87185,151.27837
255,2020-04-27|Dugong Bay Westerm Australia AUSTRALIA,4.281521176921744,-3.709217158778918,1.1067099524662967,2.1988466503080257,2.917359853993591,8.510988517693509,0.8796170921947959,2020-04-27,Dugong Bay Westerm Australia AUSTRALIA,Dugong Bay,Western Australia,AUSTRALIA,-16.395,123.87222220000001
256,2020-04-27|Duranbah Greenmount Beach Queensland AUSTRALIA,0.690831162752822,-0.46022738400741015,0.07699094192653456,0.05898836027890565,0.38817146948176595,0.15067708971963356,0.1120554511985151,2020-04-27,Duranbah Greenmount Beach Queensland AUSTRALIA,Duranbah,Queensland,AUSTRALIA,-28.1675,153.55194440000002
257,2020-04-27|Duranbah Queensland AUSTRALIA,0.6878310517561083,-0.4603297529434576,0.07525801565621372,0.05944089356525841,0.3874835265147424,0.15014348332030106,0.11185685916991601,2020-04-27,Duranbah Queensland AUSTRALIA,Duranbah,Queensland,AUSTRALIA,-28.316667,153.533333
258,2020-04-27|Eaglehawk Neck Tasmania AUSTRALIA,0.3746242448034191,-0.33657087552836507,0.0641991642760746,0.07964656659390038,0.21639507439447409,0.046826828222189976,0.062467877226479354,2020-04-27,Eaglehawk Neck Tasmania AUSTRALIA,Eaglehawk Neck,Tasmania,AUSTRALIA,-43.019722200000004,147.925
259,2020-04-27|East Ballina New South Wales AUSTRALIA,0.6914855438811363,-0.45720310044815415,0.07054919999627252,0.04953625613662832,0.39078087157901636,0.1527096895920557,0.11280872070015084,2020-04-27,East Ballina New South Wales AUSTRALIA,East Ballina,New South Wales,AUSTRALIA,-28.8537305,153.5865127
260,2020-04-27|East of Station Pier Port Melbourne Victoria AUSTRALIA,0.29738787975239006,-0.37270411933903186,0.017068664768976217,0.03525585046729149,0.2518246698750684,0.06341566435768718,0.08903346586936227,2020-04-27,East of Station Pier Port Melbourne Victoria AUSTRALIA,East of Station Pier,Victoria,AUSTRALIA,-37.8423661,144.93221259999999
261,2020-04-27|Egg Rock Middle Harbor Sydney New South Wales AUSTRALIA,0.6315376362736688,-0.465458366516061,0.06385605715113238,0.0845437523152989,0.3561202751447366,0.1268216503691629,0.098769993251284,2020-04-27,Egg Rock Middle Harbor Sydney New South Wales AUSTRALIA,Egg Rock,New South Wales,AUSTRALIA,-33.7859956,151.2260866
262,2020-04-27|Eight-mile reef off Port Kembla New South Wales AUSTRALIA,0.6207887982550655,-0.4691126101276114,0.05874123852535263,0.0743985239048407,0.35164377861340135,0.12365334703751081,0.09752843649911738,2020-04-27,Eight-mile reef off Port Kembla New South Wales AUSTRALIA,Eight-mile reef off Port Kembla,New South Wales,AUSTRALIA,-34.485392,150.8995794
263,2020-04-27|Elephant Rock Currumbin near Southport Queensland AUSTRALIA,0.6927544751186046,-0.46086991486534296,0.07740895014282823,0.05830388651935401,0.38874249504329544,0.1511207274524866,0.1122202920793467,2020-04-27,Elephant Rock Currumbin near Southport Queensland AUSTRALIA,Elephant Rock,Queensland,AUSTRALIA,-28.131834499999997,153.48836269999998
264,2020-04-27|Elliot Head near Bundaberg Queensland AUSTRALIA,0.9938651765468985,-0.6930472050306612,0.12902882117035358,0.11978001237115676,0.5834497979727661,0.3404136667544615,0.17591673308039324,2020-04-27,Elliot Head near Bundaberg Queensland AUSTRALIA,Elliot Head,Queensland,AUSTRALIA,-24.916667,152.48333300000002
265,2020-04-27|Elliots Cove Tasmania AUSTRALIA,0.37400606827688365,-0.3856278704167739,0.014071700600228602,0.04388215779638276,0.27789734622906564,0.07722693504115717,0.09263244874302189,2020-04-27,Elliots Cove Tasmania AUSTRALIA,Elliot's Cove,Tasmania,AUSTRALIA,-42.98,145.56
266,2020-04-27|Ellis Beach Queensland AUSTRALIA,0.40642614496948987,-0.5415689819658045,-0.030039629085192872,0.05028355580778114,0.3151264396357026,0.0993046729574741,0.09965173001883815,2020-04-27,Ellis Beach Queensland AUSTRALIA,Ellis Beach,Queensland,AUSTRALIA,-16.722874800000003,145.67572130000002
267,2020-04-27|Elliston Eyre Peninsula South Australia AUSTRALIA,0.7259712381784698,-0.472808051385378,0.10549189531221304,0.07756665779535832,0.38428305341562424,0.1476734651424355,0.11586570013379342,2020-04-27,Elliston Eyre Peninsula South Australia AUSTRALIA,Elliston,South Australia,AUSTRALIA,-34.3333333,135.75
268,2020-04-27|Elwood Beach Victoria AUSTRALIA,0.29738787975239006,-0.37270411933903186,0.017068664768976217,0.03525585046729149,0.2518246698750684,0.06341566435768718,0.08903346586936227,2020-04-27,Elwood Beach Victoria AUSTRALIA,Elwood Beach,Victoria,AUSTRALIA,-37.890226500000004,144.9845562
269,2020-04-27|Elwood Victoria AUSTRALIA,0.2973888681480491,-0.3727049357362458,0.017064589283755174,0.03524809358655927,0.2518247822149444,0.06341572093760418,0.08903350558750633,2020-04-27,Elwood Victoria AUSTRALIA,Elwood,Victoria,AUSTRALIA,-37.882248600000004,144.9825759
270,2020-04-27|Emerald Beach New South Wales AUSTRALIA,0.680164359996449,-0.44022160368309715,0.07854547796941555,0.1317173777420863,0.37599045037207107,0.14136881877099283,0.10428098830010005,2020-04-27,Emerald Beach New South Wales AUSTRALIA,Emerald Beach,New South Wales,AUSTRALIA,-30.1574794,153.1501948
271,2020-04-27|Emerald Hill Victoria AUSTRALIA,0.29738929625799,-0.3727052894406075,0.017063365458550125,0.035246891511632905,0.25182469051452233,0.06341567475273496,0.0890334731665112,2020-04-27,Emerald Hill Victoria AUSTRALIA,Emerald Hill,Victoria,AUSTRALIA,-37.835,144.96
272,2020-04-27|Emu Channel Western Australia AUSTRALIA,0.506151500306388,-0.3339302849151236,0.09063053545981135,0.02951160937292153,0.2987337998061541,0.08924188314662337,0.09007162965037799,2020-04-27,Emu Channel Western Australia AUSTRALIA,Emu Channel,Western Australia,AUSTRALIA,-27.6728168,121.6283098
273,2020-04-27|Emu Point Western Australia AUSTRALIA,0.37207442178605754,-0.16484826454136875,0.06892107822899521,0.015303374025228328,0.20903192720176836,0.043694346589685386,0.0661016993652095,2020-04-27,Emu Point Western Australia AUSTRALIA,Emu Point,Western Australia,AUSTRALIA,-34.9977653,117.9383683
274,2020-04-27|Encounter Bay South Australia AUSTRALIA,0.5414295365867736,-0.4157623149630713,0.02618109518970173,0.04045665371834711,0.29600459668716733,0.08761872125993259,0.08544916678935134,2020-04-27,Encounter Bay South Australia AUSTRALIA,Encounter Bay,South Australia,AUSTRALIA,-35.5753024,138.5962997
275,2020-04-27|Esperance Westerm Australia AUSTRALIA,0.42790214312399955,-0.2121670485665364,0.05891703804837649,-0.02742971256431769,0.23153340558374363,0.05360771790120633,0.07321729160601771,2020-04-27,Esperance Westerm Australia AUSTRALIA,Esperance,Western Australia,AUSTRALIA,-33.86131029999999,121.89142379999998
276,2020-04-27|Esperance Western Australia AUSTRALIA,0.42790214312399955,-0.2121670485665364,0.05891703804837649,-0.02742971256431769,0.23153340558374363,0.05360771790120633,0.07321729160601771,2020-04-27,Esperance Western Australia AUSTRALIA,Esperance,Western Australia,AUSTRALIA,-33.86131029999999,121.89142379999998
277,2020-04-27|Eva Rock Queensland AUSTRALIA,0.46219955274733227,-0.5867859886382872,-0.041433286154496686,0.01987836472800689,0.3576801670233643,0.12793510188186177,0.11310840016632795,2020-04-27,Eva Rock Queensland AUSTRALIA,Eva Rock,Queensland,AUSTRALIA,-18.235612,146.3256112
278,2020-04-27|Evans Head New South Wales AUSTRALIA,0.6954030844518775,-0.4521800721581813,0.08263238253198221,0.13252182554754577,0.3803393591326179,0.14465802810541048,0.10548715857152052,2020-04-27,Evans Head New South Wales AUSTRALIA,Evans Head,New South Wales,AUSTRALIA,-29.108617100000004,153.4217078
279,2020-04-27|Exmouth Western Australia AUSTRALIA,0.8055290638977608,-0.6831239434371112,0.18876652105971514,0.256032237436256,0.47714181986871346,0.22766431626762781,0.15088549177029173,2020-04-27,Exmouth Western Australia AUSTRALIA,Exmouth,Western Australia,AUSTRALIA,-21.9313388,114.1236812
280,2020-04-27|Fairhaven Beach Lorne Victoria AUSTRALIA,0.9975709756930309,-0.8838853516199113,0.15405080382628536,0.22698328309713633,0.6285616960521118,0.3950898057439073,0.1895184821267518,2020-04-27,Fairhaven Beach Lorne Victoria AUSTRALIA,Fairhaven Beach,Victoria,AUSTRALIA,-38.468452500000005,144.0776499
281,2020-04-27|Fairy Bower New South Wales AUSTRALIA,0.6315376362736688,-0.465458366516061,0.06385605715113238,0.0845437523152989,0.3561202751447366,0.1268216503691629,0.098769993251284,2020-04-27,Fairy Bower New South Wales AUSTRALIA,Fairy Bower,New South Wales,AUSTRALIA,-33.8007906,151.2936784
282,2020-04-27|Fairy Bower near North Steyne New South Wales AUSTRALIA,0.6315376362736688,-0.465458366516061,0.06385605715113238,0.0845437523152989,0.3561202751447366,0.1268216503691629,0.098769993251284,2020-04-27,Fairy Bower near North Steyne New South Wales AUSTRALIA,Fairy Bower,New South Wales,AUSTRALIA,-33.8007906,151.2936784
283,2020-04-27|Falcon Bay Beach Mandurah Western Australia AUSTRALIA,0.2901841474933051,-0.19766576653077025,0.025007007304669256,-0.02337427871162294,0.17534239047149447,0.03074495389625803,0.048631229200569365,2020-04-27,Falcon Bay Beach Mandurah Western Australia AUSTRALIA,Falcon Bay Beach,Western Australia,AUSTRALIA,-32.5785751,115.65358130000001
284,2020-04-27|Falcon Beach Mandurah Western Australia AUSTRALIA,0.2901841474933051,-0.19766576653077025,0.025007007304669256,-0.02337427871162294,0.17534239047149447,0.03074495389625803,0.048631229200569365,2020-04-27,Falcon Beach Mandurah Western Australia AUSTRALIA,Falcon Beach,Western Australia,AUSTRALIA,-32.5785751,115.65358130000001
285,2020-04-27|Fantome Island Queensland AUSTRALIA,0.5435208392369814,-0.580283392394429,0.016694193600593498,0.06088826596180923,0.32121787782353817,0.10318092503345748,0.09685083424499079,2020-04-27,Fantome Island Queensland AUSTRALIA,Fantome Island,Queensland,AUSTRALIA,-18.6932861,146.5196111
286,2020-04-27|Fidos Reef 300 m east of Cook Island Cook Island is 2 miles from Tweed Heads Gold Coast Queensland AUSTRALIA,0.690831162752822,-0.46022738400741015,0.07699094192653456,0.05898836027890565,0.38817146948176595,0.15067708971963356,0.1120554511985151,2020-04-27,Fidos Reef 300 m east of Cook Island Cook Island is 2 miles from Tweed Heads Gold Coast Queensland AUSTRALIA,Fido's Reef,Queensland,AUSTRALIA,-28.178665600000002,153.5370011
287,2020-04-27|Fig Tree Bridge Lane Cove River near Sydney New South Wales AUSTRALIA,0.6315368423588609,-0.46545784955447794,0.06385616112524035,0.08454603988368811,0.35612021307182196,0.1268216061583199,0.09876997603535502,2020-04-27,Fig Tree Bridge Lane Cove River near Sydney New South Wales AUSTRALIA,Fig Tree Bridge,New South Wales,AUSTRALIA,-33.8298,151.1461246
288,2020-04-27|Figtree Ledge Hervey Bay Queensland AUSTRALIA,1.0725395792668686,-0.7790568426132276,0.12694285475147893,0.10109945772507198,0.6459762533329662,0.4172853198700965,0.19476916870772867,2020-04-27,Figtree Ledge Hervey Bay Queensland AUSTRALIA,Figtree Ledge,Queensland,AUSTRALIA,-25.288153899999998,152.7676633
289,2020-04-27|Fingal Bay New South Wales AUSTRALIA,0.6534015609998813,-0.46193502418479626,0.07053429313896194,0.10059480548896918,0.36614708862445683,0.13406369050816583,0.10155093095364129,2020-04-27,Fingal Bay New South Wales AUSTRALIA,Fingal Bay,New South Wales,AUSTRALIA,-32.750155,152.16318700000002
290,2020-04-27|Fingal Beach New South Wales AUSTRALIA,0.690831162752822,-0.46022738400741015,0.07699094192653456,0.05898836027890565,0.38817146948176595,0.15067708971963356,0.1120554511985151,2020-04-27,Fingal Beach New South Wales AUSTRALIA,Fingal Beach,New South Wales,AUSTRALIA,-28.2,153.5667
291,2020-04-27|Fingal Beach Queensland AUSTRALIA,0.690831162752822,-0.46022738400741015,0.07699094192653456,0.05898836027890565,0.38817146948176595,0.15067708971963356,0.1120554511985151,2020-04-27,Fingal Beach Queensland AUSTRALIA,Fingal Beach,Queensland,AUSTRALIA,-28.2,153.5667
292,2020-04-27|Fingal Beach near Tweed Heads Queensland AUSTRALIA,0.6908432047940499,-0.4602293771150723,0.07699475212817146,0.05899367926687796,0.3881766336311025,0.15068109889717515,0.11205694196001989,2020-04-27,Fingal Beach near Tweed Heads Queensland AUSTRALIA,Fingal Beach,Queensland,AUSTRALIA,-28.2,153.5667
293,2020-04-27|First Beach Forster New South Wales AUSTRALIA,0.6702395944103199,-0.4535747980111477,0.07539361857245898,0.10841497409862984,0.3721188637544408,0.13847244876189607,0.10320720337184881,2020-04-27,First Beach Forster New South Wales AUSTRALIA,First Beach,New South Wales,AUSTRALIA,-32.1777906,152.5131044
294,2020-04-27|First Sun Beach Byron Bay New South Wales AUSTRALIA,0.6891744161791671,-0.4612831382095517,0.07364348954154419,0.0581802216689572,0.38907220049655633,0.15137717719923252,0.11231546984544342,2020-04-27,First Sun Beach Byron Bay New South Wales AUSTRALIA,First Sun Beach,New South Wales,AUSTRALIA,-28.6410983,153.611705
295,2020-04-27|Fishery Bay Eyre Peninsula South Australia AUSTRALIA,0.5505200310475825,-0.3855232601320014,0.08974128999616261,0.08452442111206625,0.31789338044171117,0.10105620132865853,0.10052671352862308,2020-04-27,Fishery Bay Eyre Peninsula South Australia AUSTRALIA,Fishery Bay,South Australia,AUSTRALIA,-34.9141667,135.6861111
296,2020-04-27|Fishery Bay South Australia AUSTRALIA,0.5505200310475825,-0.3855232601320014,0.08974128999616261,0.08452442111206625,0.31789338044171117,0.10105620132865853,0.10052671352862308,2020-04-27,Fishery Bay South Australia AUSTRALIA,Fishery Bay,South Australia,AUSTRALIA,-34.9141667,135.6861111
297,2020-04-27|Fitzroy Island Queensland AUSTRALIA,0.41550739774090517,-0.5457396451130202,-0.03191316038675303,0.041752598673933015,0.3183060056944373,0.10131871326114715,0.1006571970904948,2020-04-27,Fitzroy Island Queensland AUSTRALIA,Fitzroy Island,Queensland,AUSTRALIA,-16.9336669,145.9943465
298,2020-04-27|Fitzroy River at Rockhampton Queensland AUSTRALIA,1.0357747352756435,-1.3591719299239466,-0.18754306661692888,-0.2169258205255224,0.857815753525611,0.7358478669967119,0.2476300781065566,2020-04-27,Fitzroy River at Rockhampton Queensland AUSTRALIA,Fitzroy River at Rockhampton,Queensland,AUSTRALIA,-23.265825699999997,150.35923630000002
299,2020-04-27|Fitzroy River near Rockhampton Queensland AUSTRALIA,1.0357678317783465,-1.3591698793171099,-0.18754244999519754,-0.21692404962063183,0.857813724425317,0.7358443858124336,0.24762949235575613,2020-04-27,Fitzroy River near Rockhampton Queensland AUSTRALIA,Fitzroy River near Rockhampton,Queensland,AUSTRALIA,-23.265825699999997,150.35923630000002
300,2020-04-27|Flat Rock Ballina New South Wales AUSTRALIA,0.6914299694364401,-0.4577136795769913,0.07068756788201773,0.04975741536092321,0.39048935312288596,0.15248193490232995,0.11272456657059053,2020-04-27,Flat Rock Ballina New South Wales AUSTRALIA,Flat Rock,New South Wales,AUSTRALIA,-28.842362599999998,153.60194730000003
301,2020-04-27|Flat Rock Beach Lennox Head New South Wales AUSTRALIA,0.6914420524232879,-0.45771623475960765,0.07069154768000512,0.04976377276746893,0.39049470758350635,0.15248611665072814,0.1127261122702308,2020-04-27,Flat Rock Beach Lennox Head New South Wales AUSTRALIA,Flat Rock Beach,New South Wales,AUSTRALIA,-28.842362599999998,153.60194730000003
302,2020-04-27|Flat Rock New South Wales AUSTRALIA,0.6007581148846729,-0.4727256658977824,0.08223711421745072,0.11216712036760092,0.33861312700811597,0.11465884978221447,0.09774919001463835,2020-04-27,Flat Rock New South Wales AUSTRALIA,Flat Rock,New South Wales,AUSTRALIA,-35.2341806,150.52992930000002
303,2020-04-27|Flat Rock Yamba New South Wales AUSTRALIA,0.6923368935754287,-0.447625864557631,0.0828609741683691,0.13419641809780594,0.3803239437374749,0.144646302180026,0.10548288311016517,2020-04-27,Flat Rock Yamba New South Wales AUSTRALIA,Flat Rock,New South Wales,AUSTRALIA,-29.4372663,153.3652792
304,2020-04-27|Flinders Cay Queensland AUSTRALIA,0.5745904213250353,-0.5984258543641728,0.01786880222204146,0.054991770801469254,0.33065781916089093,0.10933459337223646,0.09969708365035124,2020-04-27,Flinders Cay Queensland AUSTRALIA,Flinders Cay,Queensland,AUSTRALIA,-21.0184301,144.4342138
305,2020-04-27|Flinders Island Tasmania AUSTRALIA,0.60701490327483,-0.6031269593196623,0.023081217990709408,0.02586087469466088,0.378820432574336,0.14350492013580704,0.10506588414155518,2020-04-27,Flinders Island Tasmania AUSTRALIA,Flinders Island,Tasmania,AUSTRALIA,-39.9836386,148.052689
306,2020-04-27|Flinders Island Victoria AUSTRALIA,0.29940436079874216,-0.37338609975237985,0.017612366394184842,0.03442577988407734,0.25274076348324337,0.06387789352609277,0.08935735387063336,2020-04-27,Flinders Island Victoria AUSTRALIA,Flinders Island,Victoria,AUSTRALIA,-37.908132,145.101076
307,2020-04-27|Flinders Mornington Penisula Victoria AUSTRALIA,1.1257686094581232,-1.0701288832540814,0.10694864104062224,0.14285886184289392,0.7400098905838809,0.5476146381619673,0.22312137711078966,2020-04-27,Flinders Mornington Penisula Victoria AUSTRALIA,Flinders,Victoria,AUSTRALIA,-38.474000000000004,145.02200000000002
308,2020-04-27|Flinders Victoria AUSTRALIA,1.1257815645080107,-1.0701425396273097,0.10694764888954439,0.1428531229879113,0.7400155371584626,0.547622995235928,0.22312307961708405,2020-04-27,Flinders Victoria AUSTRALIA,Flinders,Victoria,AUSTRALIA,-38.474000000000004,145.02200000000002
309,2020-04-27|Floreat Beach Western Australia AUSTRALIA,0.29276223345930036,-0.14676986403503015,0.028551743873122554,-0.029613015331094665,0.16653864860656148,0.027735121479699764,0.04618951053057207,2020-04-27,Floreat Beach Western Australia AUSTRALIA,Floreat Beach,Western Australia,AUSTRALIA,-31.928959399999997,115.7548856
310,2020-04-27|Fluted Cape Bruny Island Tasmania AUSTRALIA,0.34360927522579465,-0.37245279874369863,0.03968354101429247,0.08807692795254747,0.21825603034042712,0.04763569477996144,0.060533331428587245,2020-04-27,Fluted Cape Bruny Island Tasmania AUSTRALIA,Fluted Cape,Tasmania,AUSTRALIA,-43.3582342,147.3630217
311,2020-04-27|Fourth Beach  Twilgth Beach Western Australia AUSTRALIA,0.4267712051088137,-0.21081586944759553,0.05878488693609789,-0.027555928111921524,0.2309469221729828,0.05333648086117378,0.07303182926722687,2020-04-27,Fourth Beach  Twilgth Beach Western Australia AUSTRALIA,Fourth Beach / Twilgth Beach,Western Australia,AUSTRALIA,-33.887392299999995,121.84184979999999
312,2020-04-27|Frankston Victoria AUSTRALIA,0.303537099338705,-0.3754670051068546,0.018019368747283295,0.03229881989617142,0.25471242525986404,0.06487841958176181,0.09005444157686075,2020-04-27,Frankston Victoria AUSTRALIA,Frankston,Victoria,AUSTRALIA,-38.1466246,145.135722
313,2020-04-27|Fraser Island Queensland AUSTRALIA,1.0655984833771848,-0.7377609585480428,0.1584356664939902,0.15276373672915688,0.6304350588536614,0.39744836343181944,0.190083322263929,2020-04-27,Fraser Island Queensland AUSTRALIA,Fraser Island,Queensland,AUSTRALIA,-25.2398229,153.1325243
314,2020-04-27|Frasers Reef New South Wales AUSTRALIA,0.6355108740512087,-0.466490018957509,0.0654984059529277,0.08663097192323141,0.3580336639325729,0.12818810450898258,0.09930067181931797,2020-04-27,Frasers Reef New South Wales AUSTRALIA,Fraser's Reef,New South Wales,AUSTRALIA,-31.2532183,146.921099
315,2020-04-27|Fremantle Western Australia AUSTRALIA,0.29276778830998007,-0.14739096017551728,0.03980523377605861,-0.0013547801838901426,0.16855928760403635,0.028412233437580238,0.04865887503630097,2020-04-27,Fremantle Western Australia AUSTRALIA,Fremantle,Western Australia,AUSTRALIA,-32.051819099999996,115.75510849999999
316,2020-04-27|Frenchman Bay Western Australia AUSTRALIA,0.3659046221734296,-0.1549248421886713,0.07153856465270284,0.025391202960807293,0.20621223967796568,0.04252348779300276,0.06521003587869183,2020-04-27,Frenchman Bay Western Australia AUSTRALIA,Frenchman Bay,Western Australia,AUSTRALIA,-35.0943154,117.9496472
317,2020-04-27|Freo Western Australia AUSTRALIA,0.29276778830998007,-0.14739096017551728,0.03980523377605861,-0.0013547801838901426,0.16855928760403635,0.028412233437580238,0.04865887503630097,2020-04-27,Freo Western Australia AUSTRALIA,Freo,Western Australia,AUSTRALIA,-32.051819099999996,115.75510849999999
318,2020-04-27|Garden Island Sydney New South Wales AUSTRALIA,0.6300793892051266,-0.465754294611587,0.06338110111615572,0.08388600850061498,0.3555482634692239,0.12641456765598066,0.09861134575695898,2020-04-27,Garden Island Sydney New South Wales AUSTRALIA,Garden Island,New South Wales,AUSTRALIA,-33.858892100000006,151.2294331
319,2020-04-27|Garden Point Woolloomooloo Sydney Harbour New South Wales AUSTRALIA,0.6300803010871231,-0.4657548917338656,0.0633809838629394,0.08388338532091576,0.3555483355129545,0.12641461888603248,0.09861136573829474,2020-04-27,Garden Point Woolloomooloo Sydney Harbour New South Wales AUSTRALIA,Garden Point,New South Wales,AUSTRALIA,-33.8641859,151.2165708
320,2020-04-27|Gay’s Corner Bulimba Reach of Brisbane River Queensland AUSTRALIA,0.9197599528791943,-0.6981712229324042,0.04804065451588647,0.06313766003097215,0.5500915104987523,0.30260066992279894,0.15879774083269124,2020-04-27,Gay’s Corner Bulimba Reach of Brisbane River Queensland AUSTRALIA,Gay’s Corner,Queensland,AUSTRALIA,-27.45,153.058
321,2020-04-27|Gearys Beach Western Australia AUSTRALIA,0.506151500306388,-0.3339302849151236,0.09063053545981135,0.02951160937292153,0.2987337998061541,0.08924188314662337,0.09007162965037799,2020-04-27,Gearys Beach Western Australia AUSTRALIA,Gearys Beach,Western Australia,AUSTRALIA,-27.6728168,121.6283098
322,2020-04-27|Geelong Victoria AUSTRALIA,0.3046167198017321,-0.30196637179412433,0.08367895720354829,0.1656195267795279,0.23598230572583487,0.055687648615681394,0.09633937289229276,2020-04-27,Geelong Victoria AUSTRALIA,Geelong,Victoria,AUSTRALIA,-38.1499181,144.3617186
323,2020-04-27|Geographe Bay Western Australia AUSTRALIA,0.3131792097945681,-0.2199643199870123,0.015186589042590775,-0.013922098833675723,0.1830770024812778,0.033517188837529806,0.05519979317939664,2020-04-27,Geographe Bay Western Australia AUSTRALIA,Geographe Bay,Western Australia,AUSTRALIA,-33.625,115.3197222
324,2020-04-27|George Town Cove Tasmania AUSTRALIA,1.1698690849918583,-1.0294243783814794,0.21481817004934492,0.3768104323531776,0.8344412140328074,0.6962921396765455,0.2638734809859728,2020-04-27,George Town Cove Tasmania AUSTRALIA,George Town Cove,Tasmania,AUSTRALIA,-41.112004999999996,146.82339299999998
325,2020-04-27|Georges Head off Port Jackson New South Wales AUSTRALIA,0.6300803010871231,-0.4657548917338656,0.0633809838629394,0.08388338532091576,0.3555483355129545,0.12641461888603248,0.09861136573829474,2020-04-27,Georges Head off Port Jackson New South Wales AUSTRALIA,Georges Head,New South Wales,AUSTRALIA,-33.8462182,151.2488616
326,2020-04-27|Georges River New South Wales AUSTRALIA,0.6233572809569897,-0.46775324211084934,0.05952060353026069,0.07712241431692726,0.35274642347315666,0.12443003927310355,0.0978342551591539,2020-04-27,Georges River New South Wales AUSTRALIA,Georges River,New South Wales,AUSTRALIA,-34.0494645,150.8953368
327,2020-04-27|George’s River New South Wales AUSTRALIA,0.6233572809569897,-0.46775324211084934,0.05952060353026069,0.07712241431692726,0.35274642347315666,0.12443003927310355,0.0978342551591539,2020-04-27,George’s River New South Wales AUSTRALIA,George’s River,New South Wales,AUSTRALIA,-34.0494645,150.8953368
328,2020-04-27|George’s River at Kentucky New South Wales AUSTRALIA,0.6233572809569897,-0.46775324211084934,0.05952060353026069,0.07712241431692726,0.35274642347315666,0.12443003927310355,0.0978342551591539,2020-04-27,George’s River at Kentucky New South Wales AUSTRALIA,George’s River at Kentucky,New South Wales,AUSTRALIA,-34.0494645,150.8953368
329,2020-04-27|Geraldton Western Australia AUSTRALIA,0.32508453155573397,-0.1119719501966529,0.041628585651456156,-0.03116570179571703,0.1561369061771586,0.02437873347057483,0.04507284240590893,2020-04-27,Geraldton Western Australia AUSTRALIA,Geraldton,Western Australia,AUSTRALIA,-28.7796535,114.6144452
330,2020-04-27|Gerringong New South Wales AUSTRALIA,0.6172100093649017,-0.4708968057534195,0.057264481300539696,0.07049521796367438,0.35018076633473844,0.12262656911078468,0.09712266990009026,2020-04-27,Gerringong New South Wales AUSTRALIA,Gerringong,New South Wales,AUSTRALIA,-34.7391385,150.8249873
331,2020-04-27|Gin Arm Creek Queensland AUSTRALIA,1.0693240439140759,-0.929454585143838,0.13266740172667407,0.18654427725452646,0.7517069898687925,0.5650633986176008,0.22664818524384295,2020-04-27,Gin Arm Creek Queensland AUSTRALIA,Gin Arm Creek,Queensland,AUSTRALIA,-17.563458999999998,139.44820280000002
332,2020-04-27|Gladstone Queensland AUSTRALIA,1.099029645583632,-0.7874090561351443,0.1551381270598329,0.23038097787199768,0.6264796779969006,0.39247678694310034,0.18084910536667034,2020-04-27,Gladstone Queensland AUSTRALIA,Gladstone,Queensland,AUSTRALIA,-23.8415948,151.24977080000002
333,2020-04-27|Gladstone Reef Queensland AUSTRALIA,1.099029645583632,-0.7874090561351443,0.1551381270598329,0.23038097787199768,0.6264796779969006,0.39247678694310034,0.18084910536667034,2020-04-27,Gladstone Reef Queensland AUSTRALIA,Gladstone Reef,Queensland,AUSTRALIA,-23.8397556,151.2543694
334,2020-04-27|Glenelg Breakwater South Australia AUSTRALIA,1.221992136857959,-1.02761628766497,0.08879134830921323,0.20907939642783965,0.7498369972450439,0.562255522437464,0.20796736475438124,2020-04-27,Glenelg Breakwater South Australia AUSTRALIA,Glenelg Breakwater,South Australia,AUSTRALIA,-34.982,138.516
335,2020-04-27|Glenelg South Australia AUSTRALIA,1.2219795349287295,-1.0276090725258,0.08879259599391133,0.20908816409812392,0.74983085906905,0.5622463172122295,0.2079656623306671,2020-04-27,Glenelg South Australia AUSTRALIA,Glenelg,South Australia,AUSTRALIA,-34.982,138.516
336,2020-04-27|Glenelg Western Australia AUSTRALIA,1.221992136857959,-1.02761628766497,0.08879134830921323,0.20907939642783965,0.7498369972450439,0.562255522437464,0.20796736475438124,2020-04-27,Glenelg Western Australia AUSTRALIA,Glenelg,Western Australia,AUSTRALIA,-34.982,138.516
337,2020-04-27|Gnaraloo Western Australia AUSTRALIA,0.5344748455763966,-0.4776632461574728,0.09733888356054972,0.17354386949338468,0.32207774262498345,0.1037340722944051,0.09711009323742965,2020-04-27,Gnaraloo Western Australia AUSTRALIA,Gnaraloo,Western Australia,AUSTRALIA,-23.8214,113.523903
338,2020-04-27|Golden Beach Caloundra Queensland AUSTRALIA,0.6976935365735604,-0.5066271360926207,0.07345400934940936,0.08720390014935109,0.3966312595824591,0.15731635607796804,0.11449758224447655,2020-04-27,Golden Beach Caloundra Queensland AUSTRALIA,Golden Beach,Queensland,AUSTRALIA,-26.799,153.13299999999998
339,2020-04-27|Golden Beach Queensland AUSTRALIA,0.6976935365735604,-0.5066271360926207,0.07345400934940936,0.08720390014935109,0.3966312595824591,0.15731635607796804,0.11449758224447655,2020-04-27,Golden Beach Queensland AUSTRALIA,Golden Beach,Queensland,AUSTRALIA,-26.823,153.118
340,2020-04-27|Goldsmith Beach Yorke Peninsula South Australia AUSTRALIA,0.9163564401964968,-0.6734119763569292,0.03735250263858377,0.013856015893059119,0.5164792627646788,0.2667508288659462,0.14324557420091452,2020-04-27,Goldsmith Beach Yorke Peninsula South Australia AUSTRALIA,Goldsmith Beach,South Australia,AUSTRALIA,-35.15153370000001,137.68547780000003
341,2020-04-27|Goolwa Beach Fleurieu Peninsula South Australia AUSTRALIA,0.530299381069098,-0.40416301257484377,0.0227207073407415,0.03448885141035789,0.28886795989288966,0.0834446982526801,0.08338899720220894,2020-04-27,Goolwa Beach Fleurieu Peninsula South Australia AUSTRALIA,Goolwa Beach,South Australia,AUSTRALIA,-35.5,138.5
342,2020-04-27|Goolwa Beach South Australia AUSTRALIA,0.5510610265698156,-0.42773711770017886,0.03001009156023553,0.0473109076532011,0.3024653580797021,0.09148529283828243,0.08731422795392628,2020-04-27,Goolwa Beach South Australia AUSTRALIA,Goolwa Beach,South Australia,AUSTRALIA,-35.5121467,138.7618244
343,2020-04-27|Goolwa Victoria AUSTRALIA,0.5510672575466863,-0.427741889620452,0.03000935472490346,0.047311227908344855,0.30246874075242336,0.0914873391323567,0.08731520444742938,2020-04-27,Goolwa Victoria AUSTRALIA,Goolwa,Victoria,AUSTRALIA,-35.498028600000005,138.7783094
344,2020-04-27|Governors Reef Port Phillip Bay Victoria AUSTRALIA,0.29993192108050487,-0.36669229983101304,0.02310768895802864,0.03772727021434584,0.2477801820634903,0.061395018623416404,0.08760352349036567,2020-04-27,Governors Reef Port Phillip Bay Victoria AUSTRALIA,Governor's Reef,Victoria,AUSTRALIA,-38.1552778,144.7263889
345,2020-04-27|Gracetown Western Australia AUSTRALIA,0.3142516220122206,-0.18118924170601008,0.02747628885000712,-0.02666651992853104,0.18572877952169917,0.034495179542619936,0.051511895222679425,2020-04-27,Gracetown Western Australia AUSTRALIA,Gracetown,Western Australia,AUSTRALIA,-33.8641558,114.9882251
346,2020-04-27|Graceville Queensland AUSTRALIA,0.9197592616907106,-0.6981725596726973,0.048040707509619716,0.0631378966773936,0.5500922458233882,0.30260147891501904,0.1587979531026295,2020-04-27,Graceville Queensland AUSTRALIA,Graceville,Queensland,AUSTRALIA,-27.520922,152.98091200000002
347,2020-04-27|Grange South Australia AUSTRALIA,1.2821185398986803,-1.0975544924325737,0.09503392101887842,0.247596213683996,0.7959421735272386,0.6335239435992649,0.22075463991974734,2020-04-27,Grange South Australia AUSTRALIA,Grange,South Australia,AUSTRALIA,-34.9,138.489
348,2020-04-27|Great Barrier Reef Queensland AUSTRALIA,0.4626981541711659,-0.5612579821528583,-0.026006727216758077,-0.0036683611418121156,0.3121534316078401,0.0974397648645505,0.09411780087864284,2020-04-27,Great Barrier Reef Queensland AUSTRALIA,Great Barrier Reef,Queensland,AUSTRALIA,-18.2870668,147.6991918
349,2020-04-27|Great Barrier Reef near Upolu Bay Queensland AUSTRALIA,0.4149503195001135,-0.5458815982301125,-0.030855344658317508,0.04497370291710981,0.3171611231134516,0.10059117801458602,0.10029515342955811,2020-04-27,Great Barrier Reef near Upolu Bay Queensland AUSTRALIA,Great Barrier Reef (near Upolu Bay),Queensland,AUSTRALIA,-16.6722064,145.9334219
350,2020-04-27|Great Barrier Reef off Cairns Queensland AUSTRALIA,0.41192404664458826,-0.5442572603406313,-0.03022315665133356,0.04738646879479652,0.31699642498936925,0.1004867334560408,0.10024307130971237,2020-04-27,Great Barrier Reef off Cairns Queensland AUSTRALIA,Great Barrier Reef,Queensland,AUSTRALIA,-16.9185514,145.7780548
351,2020-04-27|Great Keppel Island Queensland AUSTRALIA,1.191374793078351,-0.9520882971467078,0.12463212780281104,0.24076302825544163,0.7345144064912431,0.5395114133431831,0.22146442631291274,2020-04-27,Great Keppel Island Queensland AUSTRALIA,Great Keppel Island,Queensland,AUSTRALIA,-23.1262002,150.97441619999998
352,2020-04-27|Green Island New South Wales AUSTRALIA,0.600767641513714,-0.4727237541613489,0.08224164562859765,0.11216835630386804,0.3386171722669467,0.11466158935406305,0.09775035778027578,2020-04-27,Green Island New South Wales AUSTRALIA,Green Island,New South Wales,AUSTRALIA,-35.2721138,150.5160592
353,2020-04-27|Green Island Queensland AUSTRALIA,0.41464899049246984,-0.5448448535032354,-0.03101856535015176,0.04425100326551534,0.3163898988194357,0.10010256807497275,0.10005127089396353,2020-04-27,Green Island Queensland AUSTRALIA,Green Island,Queensland,AUSTRALIA,-16.7597228,145.97380159999997
354,2020-04-27|Greenmount Beach Queensland AUSTRALIA,0.690831162752822,-0.46022738400741015,0.07699094192653456,0.05898836027890565,0.38817146948176595,0.15067708971963356,0.1120554511985151,2020-04-27,Greenmount Beach Queensland AUSTRALIA,Greenmount Beach,Queensland,AUSTRALIA,-28.1639838,153.54760100000001
355,2020-04-27|Grey’s Point Port Hacking New South Wales AUSTRALIA,0.6249671730309879,-0.46709272963858944,0.06045886200096287,0.0791652132392619,0.35344946636176955,0.12492652527141968,0.09802924417328805,2020-04-27,Grey’s Point Port Hacking New South Wales AUSTRALIA,Grey’s Point,New South Wales,AUSTRALIA,-34.05508,151.07492
356,2020-04-27|Guillotines surf break Shire of Augusta Margaret River Western Australia AUSTRALIA,0.3243357503707094,-0.18978468372825869,0.02201060928164777,-0.03711016043824194,0.19228074572903944,0.036971885178115525,0.053329083693115786,2020-04-27,Guillotines surf break Shire of Augusta Margaret River Western Australia AUSTRALIA,Guillotines surf break,Western Australia,AUSTRALIA,-34.1622739,115.18891599999999
357,2020-04-27|Half Tide Beach Evans Head New South Wales AUSTRALIA,0.6954030844518775,-0.4521800721581813,0.08263238253198221,0.13252182554754577,0.3803393591326179,0.14465802810541048,0.10548715857152052,2020-04-27,Half Tide Beach Evans Head New South Wales AUSTRALIA,Half Tide Beach,New South Wales,AUSTRALIA,-29.108617100000004,153.4217078
358,2020-04-27|Hallidays Point New South Wales AUSTRALIA,0.670979924291031,-0.453505918833297,0.07526200699464021,0.10889872655192134,0.3725622843882745,0.13880265574860953,0.10333018612814775,2020-04-27,Hallidays Point New South Wales AUSTRALIA,Hallidays Point,New South Wales,AUSTRALIA,-32.0683509,152.51499819999998
359,2020-04-27|Hamelin Bay Western Australia AUSTRALIA,0.3265274229540495,-0.1918480767045849,0.019977077408706696,-0.040732738126716045,0.19377706373855197,0.03754955043113483,0.05374408763986176,2020-04-27,Hamelin Bay Western Australia AUSTRALIA,Hamelin Bay,Western Australia,AUSTRALIA,-34.2283311,115.0559483
360,2020-04-27|Hamelin Harbour at Faure Island Western Australia AUSTRALIA,0.4833006875199103,-0.5186762113152988,-0.0031269390995408413,0.03567278316837481,0.31824712687701984,0.10128123376547797,0.08217105482487044,2020-04-27,Hamelin Harbour at Faure Island Western Australia AUSTRALIA,Hamelin Harbour,Western Australia,AUSTRALIA,-25.8438664,113.89416570000002
361,2020-04-27|Hams Beach New South Wales AUSTRALIA,0.6479920448077037,-0.4648689018449496,0.06965083617487802,0.09544949094300406,0.36363382529160765,0.13222955889620744,0.10085387712169273,2020-04-27,Hams Beach New South Wales AUSTRALIA,Hams Beach,New South Wales,AUSTRALIA,-33.097531,151.658097
362,2020-04-27|Happy Valley Beach Caloundra Queensland AUSTRALIA,0.6976935365735604,-0.5066271360926207,0.07345400934940936,0.08720390014935109,0.3966312595824591,0.15731635607796804,0.11449758224447655,2020-04-27,Happy Valley Beach Caloundra Queensland AUSTRALIA,Happy Valley Beach,Queensland,AUSTRALIA,-26.8071839,153.13424890000002
363,2020-04-27|Hardwicke Bay Yorke Peninsula South Australia AUSTRALIA,0.6441821366561453,-0.3977137759127888,0.05085922321552989,-0.02307441894958029,0.3283667216631649,0.1078247038958144,0.09479130757257159,2020-04-27,Hardwicke Bay Yorke Peninsula South Australia AUSTRALIA,Hardwicke Bay,South Australia,AUSTRALIA,-34.889309600000004,137.45835280000003
364,2020-04-27|Harvey Bay Queensland AUSTRALIA,1.07253821704168,-0.7790524341591187,0.12694147186875418,0.10110392574213911,0.645971643735667,0.4172793645105594,0.19476777886184904,2020-04-27,Harvey Bay Queensland AUSTRALIA,Harvey Bay,Queensland,AUSTRALIA,-25.288153899999998,152.7676633
365,2020-04-27|Hawkesbury Bridge Sydney New South Wales AUSTRALIA,0.6249671730309879,-0.46709272963858944,0.06045886200096287,0.0791652132392619,0.35344946636176955,0.12492652527141968,0.09802924417328805,2020-04-27,Hawkesbury Bridge Sydney New South Wales AUSTRALIA,Hawkesbury Bridge,New South Wales,AUSTRALIA,-33.874241299999994,150.92112269999998
366,2020-04-27|Hawkesbury River New South Wales AUSTRALIA,0.6355108740512087,-0.466490018957509,0.0654984059529277,0.08663097192323141,0.3580336639325729,0.12818810450898258,0.09930067181931797,2020-04-27,Hawkesbury River New South Wales AUSTRALIA,Hawkesbury River,New South Wales,AUSTRALIA,-33.4594721,151.0642231
367,2020-04-27|Hawks Nest Beach New South Wales AUSTRALIA,0.6546348353000586,-0.4619361196079357,0.0707821087218883,0.10056231878549995,0.36660498105444456,0.13439921213392964,0.1016779274640234,2020-04-27,Hawks Nest Beach New South Wales AUSTRALIA,Hawks Nest Beach,New South Wales,AUSTRALIA,-32.6742413,152.1858925
368,2020-04-27|Heron Island Queensland AUSTRALIA,0.9470846500892538,-0.6148917203731371,0.12653328853277232,0.16397814312204764,0.5104157356881959,0.2605242232381222,0.1473443311991004,2020-04-27,Heron Island Queensland AUSTRALIA,Heron Island,Queensland,AUSTRALIA,-23.442297600000003,151.9148004
369,2020-04-27|Hinchinbrook Channel Queensland Queensland AUSTRALIA,0.46219955274733227,-0.5867859886382872,-0.041433286154496686,0.01987836472800689,0.3576801670233643,0.12793510188186177,0.11310840016632795,2020-04-27,Hinchinbrook Channel Queensland Queensland AUSTRALIA,Hinchinbrook Channel,Queensland,AUSTRALIA,-18.292160600000003,146.2440175
370,2020-04-27|Hobart Tasmania AUSTRALIA,0.36117274963248586,-0.38608745639455117,0.06286076843257773,0.08898603176478176,0.23046061648663843,0.053112095751401446,0.06159319057412194,2020-04-27,Hobart Tasmania AUSTRALIA,Hobart,Tasmania,AUSTRALIA,-42.8821377,147.3271949
371,2020-04-27|Hobson Bay Victoria AUSTRALIA,0.2960058191803291,-0.3712421475669054,0.017540005276718278,0.03612121852599358,0.2502729013168697,0.06263652513356359,0.08848483283419509,2020-04-27,Hobson Bay Victoria AUSTRALIA,Hobson Bay,Victoria,AUSTRALIA,-37.8360799,144.8401227
372,2020-04-27|Hobsons Bay Victoria AUSTRALIA,0.2960058191803291,-0.3712421475669054,0.017540005276718278,0.03612121852599358,0.2502729013168697,0.06263652513356359,0.08848483283419509,2020-04-27,Hobsons Bay Victoria AUSTRALIA,Hobson's Bay,Victoria,AUSTRALIA,-37.8360799,144.8401227
373,2020-04-27|Hog Bay South Australia AUSTRALIA,0.7082288666588846,-0.5171088242382329,0.02974633515598459,-0.02023741606074621,0.3906738949010293,0.15262609215714046,0.11277783919323442,2020-04-27,Hog Bay South Australia AUSTRALIA,Hog Bay,South Australia,AUSTRALIA,-35.7189386,137.9434671
374,2020-04-27|Holmes Reef Queensland AUSTRALIA,0.5897276219768197,-0.7897789220868443,0.05040793959108374,0.16895393491815225,0.501799242283574,0.25180247955636903,0.16726641409452467,2020-04-27,Holmes Reef Queensland AUSTRALIA,Holmes Reef,Queensland,AUSTRALIA,-10.6005556,142.23138889999998
375,2020-04-27|Homebush Bay Parramatta River Sydney New South Wales AUSTRALIA,0.6315367002031606,-0.4654577569910508,0.06385617975010266,0.0845464495753487,0.35612020197233857,0.12682159825281922,0.09876997295691221,2020-04-27,Homebush Bay Parramatta River Sydney New South Wales AUSTRALIA,Homebush Bay,New South Wales,AUSTRALIA,-33.8321521,151.08061709999998
376,2020-04-27|Honeycombs 250 km south of Perth Western Australia AUSTRALIA,0.29276277315397975,-0.14677041012312944,0.028551794809252715,-0.02961291823215901,0.16653905340696432,0.027735256309687716,0.04618962280200351,2020-04-27,Honeycombs 250 km south of Perth Western Australia AUSTRALIA,Honeycombs,Western Australia,AUSTRALIA,-31.950526899999996,115.8604572
377,2020-04-27|Honeymoon Island near Hopetown Western Australia AUSTRALIA,0.35208321396909464,-0.15596714630426295,0.05547283505904511,-0.003170039445717758,0.20222423366356712,0.040894640680816996,0.060972900598109975,2020-04-27,Honeymoon Island near Hopetown Western Australia AUSTRALIA,Honeymoon Island,Western Australia,AUSTRALIA,-34.99101160000001,117.34502920000001
378,2020-04-27|Honeysuckle Point Eden New South Wales AUSTRALIA,0.5853303723192198,-0.47327478981885884,0.07089479239444939,0.09548357520506846,0.33274812880338894,0.11072131722215671,0.09605611086849045,2020-04-27,Honeysuckle Point Eden New South Wales AUSTRALIA,Honeysuckle Point,New South Wales,AUSTRALIA,-36.9640598,149.8899148
379,2020-04-27|Horizontal Falls Western Australia AUSTRALIA,3.6191407092719565,-3.1999595436371067,0.8848010903815351,2.029438975686979,2.594423739183282,6.731034538437764,0.7822481900056205,2020-04-27,Horizontal Falls Western Australia AUSTRALIA,Horizontal Falls,Western Australia,AUSTRALIA,-17.947279,122.231078
380,2020-04-27|Horn Point Ladys Bay South Australia AUSTRALIA,1.409333891433024,-1.2971535079603413,0.0781572524059691,0.12630087515652538,0.8244198183310673,0.6796680368570299,0.23798950201935204,2020-04-27,Horn Point Ladys Bay South Australia AUSTRALIA,Horn Point,South Australia,AUSTRALIA,-30.0002315,136.20915469999997
381,2020-04-27|Horseshoe Bay New South Wales AUSTRALIA,0.5870229103198391,-0.4737329200083176,0.07460846351945137,0.1013920397255196,0.3338947050207311,0.11148567404088103,0.0963870989123549,2020-04-27,Horseshoe Bay New South Wales AUSTRALIA,Horseshoe Bay,New South Wales,AUSTRALIA,-36.4058391,150.075097
382,2020-04-27|Horseshoe Bay near Kempsey New South Wales AUSTRALIA,0.6755693856218319,-0.42938683614648915,0.07887583668840589,0.1268757099901437,0.3729708917202762,0.13910728607061798,0.10344351341176795,2020-04-27,Horseshoe Bay near Kempsey New South Wales AUSTRALIA,Horseshoe Bay,New South Wales,AUSTRALIA,-30.8840947,153.039412
383,2020-04-27|Iluka Beach New South Wales AUSTRALIA,0.6923368935754287,-0.447625864557631,0.0828609741683691,0.13419641809780594,0.3803239437374749,0.144646302180026,0.10548288311016517,2020-04-27,Iluka Beach New South Wales AUSTRALIA,Iluka Beach,New South Wales,AUSTRALIA,-29.4120103,153.3647477
384,2020-04-27|In Swan River at Freshwater Bay Claremont 5 miles from river mouth Western Australia AUSTRALIA,0.2929060096518765,-0.14712828758562124,0.02783025495373836,-0.030903404092430146,0.16706321162602766,0.0279101166788029,0.04633499813548726,2020-04-27,In Swan River at Freshwater Bay Claremont 5 miles from river mouth Western Australia AUSTRALIA,In Swan River at Freshwater Bay,Western Australia,AUSTRALIA,-31.9842456,115.77800049999999
385,2020-04-27|In a tidal creek 5 km from Wickham Western Australia AUSTRALIA,2.107017779072934,-1.5197208621368654,0.5572819134806128,0.9734838722034626,1.3917058100118502,1.9368450616207404,0.44009601925270125,2020-04-27,In a tidal creek 5 km from Wickham Western Australia AUSTRALIA,In a tidal creek 5 km from Wickham,Western Australia,AUSTRALIA,-20.673199399999998,117.147269
386,2020-04-27|Injidup Western Australia AUSTRALIA,0.31067750447845377,-0.17750737128885383,0.030343506439381305,-0.021968998456262507,0.18320236495217707,0.03356310652407068,0.05081119389394933,2020-04-27,Injidup Western Australia AUSTRALIA,Injidup,Western Australia,AUSTRALIA,-33.6930914,114.9857991
387,2020-04-27|Ipswich Queensland AUSTRALIA,0.9197592226396318,-0.6981726352255787,0.04804071048574924,0.06313791002159533,0.5500922873804052,0.30260152463540624,0.15879796509910696,2020-04-27,Ipswich Queensland AUSTRALIA,Ipswich,Queensland,AUSTRALIA,-27.623,152.76
388,2020-04-27|Iron Cove Bridge Sydney Estuary New South Wales AUSTRALIA,0.6300793026926829,-0.4657542379552648,0.06338111225363476,0.08388625743530238,0.3555482566427388,0.12641456280169086,0.09861134386363267,2020-04-27,Iron Cove Bridge Sydney Estuary New South Wales AUSTRALIA,Iron Cove Bridge,New South Wales,AUSTRALIA,-33.8592696,151.1619465
389,2020-04-27|Iron Cove Sydney New South Wales AUSTRALIA,0.6300803010871231,-0.4657548917338656,0.0633809838629394,0.08388338532091576,0.3555483355129545,0.12641461888603248,0.09861136573829474,2020-04-27,Iron Cove Sydney New South Wales AUSTRALIA,Iron Cove,New South Wales,AUSTRALIA,-33.8642907,151.1583441
390,2020-04-27|Jan Juc Beach Victoria AUSTRALIA,1.051198443182816,-0.9495052260527919,0.14487337066778092,0.2054040062247806,0.6717087170525846,0.4511926005644291,0.20252779844312938,2020-04-27,Jan Juc Beach Victoria AUSTRALIA,Jan Juc Beach,Victoria,AUSTRALIA,-38.346092299999995,144.3099291
391,2020-04-27|Jervis Bay & Long Reef New South Wales AUSTRALIA,0.6112800205800213,-0.4704670658233851,0.0879679594584546,0.11979656265522937,0.34155524763435186,0.11665998718656341,0.09859850708241118,2020-04-27,Jervis Bay & Long Reef New South Wales AUSTRALIA,Jervis Bay & Long Reef,New South Wales,AUSTRALIA,-35.0480805,150.7446771
392,2020-04-27|Jervis Bay New South Wales AUSTRALIA,0.6112800205800213,-0.4704670658233851,0.0879679594584546,0.11979656265522937,0.34155524763435186,0.11665998718656341,0.09859850708241118,2020-04-27,Jervis Bay New South Wales AUSTRALIA,Jervis Bay,New South Wales,AUSTRALIA,-35.0480805,150.7446771
393,2020-04-27|Jimmys Beach New South Wales AUSTRALIA,0.6534015609998813,-0.46193502418479626,0.07053429313896194,0.10059480548896918,0.36614708862445683,0.13406369050816583,0.10155093095364129,2020-04-27,Jimmys Beach New South Wales AUSTRALIA,Jimmy's Beach,New South Wales,AUSTRALIA,-32.6790132,152.1762756
394,2020-04-27|Jimmys Beach Port Stephens New South Wales AUSTRALIA,0.6534121647456612,-0.46193363357516354,0.07053836614024817,0.10060196739772426,0.3661521284074776,0.13406738113732594,0.10155232873795655,2020-04-27,Jimmys Beach Port Stephens New South Wales AUSTRALIA,Jimmys Beach,New South Wales,AUSTRALIA,-32.6790132,152.1762756
395,2020-04-27|Johnstones Bay Sydney New South Wales AUSTRALIA,0.6300803010871231,-0.4657548917338656,0.0633809838629394,0.08388338532091576,0.3555483355129545,0.12641461888603248,0.09861136573829474,2020-04-27,Johnstones Bay Sydney New South Wales AUSTRALIA,Johnstone's Bay,New South Wales,AUSTRALIA,-33.864072,151.1898785
396,2020-04-27|Julian Rocks Byron Bay New South Wales AUSTRALIA,0.6891744161791671,-0.4612831382095517,0.07364348954154419,0.0581802216689572,0.38907220049655633,0.15137717719923252,0.11231546984544342,2020-04-27,Julian Rocks Byron Bay New South Wales AUSTRALIA,Julian Rocks,New South Wales,AUSTRALIA,-28.643715999999998,153.615072
397,2020-04-27|Junpinpin off Stradbroke Island Queensland AUSTRALIA,0.6932950687078031,-0.4648547028900324,0.07664800761181194,0.0566601990279475,0.3874554617288608,0.15012173482352473,0.11184875756407427,2020-04-27,Junpinpin off Stradbroke Island Queensland AUSTRALIA,Junpinpin,Queensland,AUSTRALIA,-27.731177600000002,153.4428803
398,2020-04-27|Jurien Bay Western Australia AUSTRALIA,0.2891701558630504,-0.1455880621581753,0.029907701103784972,-0.026209900031715694,0.15977767413417537,0.025528905151726733,0.044314353597318897,2020-04-27,Jurien Bay Western Australia AUSTRALIA,Jurien Bay,Western Australia,AUSTRALIA,-30.293831400000002,115.11776540000001
399,2020-04-27|Just below Roseville Bridge opposite Killarney picnic reserve Middle Harbor Sydney New South Wales AUSTRALIA,0.6315481351399876,-0.4654570673715165,0.06385844931863797,0.08454950254516926,0.3561235912395056,0.12682401223732245,0.09877091297049352,2020-04-27,Just below Roseville Bridge opposite Killarney picnic reserve Middle Harbor Sydney New South Wales AUSTRALIA,Just below Roseville Bridge,New South Wales,AUSTRALIA,-33.773044899999995,151.2037718
400,2020-04-27|Just north of Fingal Spit New South Wales AUSTRALIA,0.6534015609998813,-0.46193502418479626,0.07053429313896194,0.10059480548896918,0.36614708862445683,0.13406369050816583,0.10155093095364129,2020-04-27,Just north of Fingal Spit New South Wales AUSTRALIA,Just north of Fingal Spit,New South Wales,AUSTRALIA,-32.750155,152.16318700000002
401,2020-04-27|Kalbarri Western Australia AUSTRALIA,0.33467664926207613,-0.11554445877111903,0.0469102426195644,-0.01750770307292893,0.1553260463270874,0.024126180667604503,0.0448387673295521,2020-04-27,Kalbarri Western Australia AUSTRALIA,Kalbarri,Western Australia,AUSTRALIA,-27.710419199999997,114.1646201
402,2020-04-27|Kangaroo Island South Australia AUSTRALIA,0.5137995203364694,-0.27846971779830276,0.028373718252206553,-0.050634552800084824,0.2752702537272734,0.07577371258707745,0.07356906987269925,2020-04-27,Kangaroo Island South Australia AUSTRALIA,Kangaroo Island,South Australia,AUSTRALIA,-35.775242600000006,137.2142417
403,2020-04-27|Karra Garra Queensland AUSTRALIA,0.9473188325135614,-0.7557040732114737,0.016326143548833928,0.01803101370033488,0.5832691723784911,0.3402029274470899,0.16837530684136603,2020-04-27,Karra Garra Queensland AUSTRALIA,Karra Garra,Queensland,AUSTRALIA,-27.637184,153.3718169
404,2020-04-27|Katana Downs Reach Brisbane River Queensland AUSTRALIA,0.9197676255453516,-0.698174917801133,0.04804414164672769,0.06313831493320564,0.5500973370501298,0.30260708022964405,0.15879942281319437,2020-04-27,Katana Downs Reach Brisbane River Queensland AUSTRALIA,Katana Downs Reach,Queensland,AUSTRALIA,-27.55,152.822222
405,2020-04-27|Kelpids Beach Wylie Bay Esperance Western Australia AUSTRALIA,0.4313820607413794,-0.2150896165325158,0.05937121843944586,-0.02749519632753819,0.23342642191482468,0.05448789444795775,0.07381591593142886,2020-04-27,Kelpids Beach Wylie Bay Esperance Western Australia AUSTRALIA,Kelpids Beach,Western Australia,AUSTRALIA,-33.8356954,121.9840825
406,2020-04-27|Kelpies near Wylie Bay Western Australia AUSTRALIA,0.4313820607413794,-0.2150896165325158,0.05937121843944586,-0.02749519632753819,0.23342642191482468,0.05448789444795775,0.07381591593142886,2020-04-27,Kelpies near Wylie Bay Western Australia AUSTRALIA,Kelpies near Wylie Bay,Western Australia,AUSTRALIA,-33.8324777,121.9970721
407,2020-04-27|Kempsey New South Wales AUSTRALIA,0.6748290725049174,-0.4325965488991488,0.07814385070089197,0.12260061516447016,0.37253066917621275,0.13877909947687686,0.10332141764598057,2020-04-27,Kempsey New South Wales AUSTRALIA,Kempsey,New South Wales,AUSTRALIA,-31.060476899999998,152.8481977
408,2020-04-27|Kerosene Bay New South Wales AUSTRALIA,0.6355108740512087,-0.466490018957509,0.0654984059529277,0.08663097192323141,0.3580336639325729,0.12818810450898258,0.09930067181931797,2020-04-27,Kerosene Bay New South Wales AUSTRALIA,Kerosene Bay,New South Wales,AUSTRALIA,-31.2532183,146.921099
409,2020-04-27|Kiah Creek Eden New South Wales AUSTRALIA,0.5853292975540759,-0.47327387781107116,0.07089509012193125,0.09548409270717677,0.3327476103497289,0.110720972193455,0.09605596120381034,2020-04-27,Kiah Creek Eden New South Wales AUSTRALIA,Kiah Creek,New South Wales,AUSTRALIA,-37.137766,149.871076
410,2020-04-27|Kiama New South Wales AUSTRALIA,0.6179768624357546,-0.4706440399630812,0.05769601927951781,0.07132533197869571,0.35049558702508243,0.12284715652405714,0.09720998544944505,2020-04-27,Kiama New South Wales AUSTRALIA,Kiama,New South Wales,AUSTRALIA,-34.6738221,150.8443706
411,2020-04-27|Kilcunda Victoria AUSTRALIA,1.1510466806668236,-1.129863550785692,0.07793402078139022,0.09086373009730839,0.773166552906003,0.5977865185325512,0.2331184869492436,2020-04-27,Kilcunda Victoria AUSTRALIA,Kilcunda,Victoria,AUSTRALIA,-38.5498,145.4761
412,2020-04-27|Kings Beach Caloundra Queensland AUSTRALIA,0.6976935365735604,-0.5066271360926207,0.07345400934940936,0.08720390014935109,0.3966312595824591,0.15731635607796804,0.11449758224447655,2020-04-27,Kings Beach Caloundra Queensland AUSTRALIA,Kings Beach,Queensland,AUSTRALIA,-26.801,153.141
413,2020-04-27|Kingscliff Beach New South Wales AUSTRALIA,0.6889331472112784,-0.46058796797396073,0.07592283338627508,0.0595142332540216,0.38773766768151896,0.15034049893910403,0.11193022340544131,2020-04-27,Kingscliff Beach New South Wales AUSTRALIA,Kingscliff Beach,New South Wales,AUSTRALIA,-28.251915000000004,153.574525
414,2020-04-27|Kingscliff New South Wales AUSTRALIA,0.6889212660363938,-0.4605855703929796,0.07591892121626435,0.059507903840391785,0.38773241447878226,0.1503364252375462,0.11192870693643425,2020-04-27,Kingscliff New South Wales AUSTRALIA,Kingscliff,New South Wales,AUSTRALIA,-28.264593800000004,153.5776602
415,2020-04-27|Kingscliffe Beach south of Tweed Heads New South Wales AUSTRALIA,0.6889331472112784,-0.46058796797396073,0.07592283338627508,0.0595142332540216,0.38773766768151896,0.15034049893910403,0.11193022340544131,2020-04-27,Kingscliffe Beach south of Tweed Heads New South Wales AUSTRALIA,Kingscliffe Beach,New South Wales,AUSTRALIA,-28.2732826,153.5811643
416,2020-04-27|King’s Beach Caloundra Queensland AUSTRALIA,0.6976935365735604,-0.5066271360926207,0.07345400934940936,0.08720390014935109,0.3966312595824591,0.15731635607796804,0.11449758224447655,2020-04-27,King’s Beach Caloundra Queensland AUSTRALIA,King’s Beach,Queensland,AUSTRALIA,-26.801,153.141
417,2020-04-27|Kirra Beach Coolangatta Queensland AUSTRALIA,0.6908444108187027,-0.46022838566873875,0.07699219181220794,0.05899103363874903,0.38817342305536817,0.15067860636652183,0.11205601514663766,2020-04-27,Kirra Beach Coolangatta Queensland AUSTRALIA,Kirra Beach,Queensland,AUSTRALIA,-28.165981300000002,153.5286085
418,2020-04-27|Kirra Queensland AUSTRALIA,0.690831162752822,-0.46022738400741015,0.07699094192653456,0.05898836027890565,0.38817146948176595,0.15067708971963356,0.1120554511985151,2020-04-27,Kirra Queensland AUSTRALIA,Kirra,Queensland,AUSTRALIA,-28.1673738,153.53098530000003
419,2020-04-27|Kissing Point Camp Townsville Queensland AUSTRALIA,0.555687705805835,-0.5604318963996815,0.01738688526527985,0.035358658240749484,0.3153160062479407,0.09942418379615137,0.09507135301070711,2020-04-27,Kissing Point Camp Townsville Queensland AUSTRALIA,Kissing Point Camp,Queensland,AUSTRALIA,-19.239290899999997,146.80543889999998
420,2020-04-27|Knobbys Beach Newcastle New South Wales AUSTRALIA,0.6505976384968132,-0.4649568472135418,0.069895203158927,0.0978721448530581,0.36517580456472454,0.1333533682394939,0.10128154522437932,2020-04-27,Knobbys Beach Newcastle New South Wales AUSTRALIA,Knobby's Beach,New South Wales,AUSTRALIA,-32.923841700000004,151.7928437
421,2020-04-27|Koonya Beach Melbourne Victoria AUSTRALIA,1.0853546664672538,-1.0040367281931715,0.12666309639759787,0.16695849936430546,0.705047346701955,0.4970917610914668,0.21257977349509113,2020-04-27,Koonya Beach Melbourne Victoria AUSTRALIA,Koonya Beach,Victoria,AUSTRALIA,-38.3632275,144.7513372
422,2020-04-27|Kurnell Botany Bay New South Wales AUSTRALIA,0.6260637319303713,-0.4667308548425874,0.06111634862328692,0.08045314660960584,0.35392795164863666,0.12526499495819968,0.09816195211454609,2020-04-27,Kurnell Botany Bay New South Wales AUSTRALIA,Kurnell,New South Wales,AUSTRALIA,-34.011590000000005,151.20686
423,2020-04-27|Kylies Beach Diamond Head New South Wales AUSTRALIA,0.6732338462669485,-0.44788004598162223,0.07597112244869476,0.11308391629182546,0.3731195202676193,0.13921817640473835,0.10348473555395589,2020-04-27,Kylies Beach Diamond Head New South Wales AUSTRALIA,Kylie's Beach,New South Wales,AUSTRALIA,-31.735303100000003,152.7916418
424,2020-04-27|Lachan Island Mercury Passage Tasmania AUSTRALIA,0.3926969032621362,-0.4195573271146422,0.036985481253564996,0.0522795777482388,0.2538994452327948,0.06446492828952097,0.07041903604605404,2020-04-27,Lachan Island Mercury Passage Tasmania AUSTRALIA,Lachan Island,Tasmania,AUSTRALIA,-42.642743599999996,147.97761830000002
425,2020-04-27|Lady Beach at Warrnambool Victoria AUSTRALIA,0.4662774351485855,-0.4467746546728689,0.03634148639599101,-0.007945729818380712,0.32219957881804007,0.10381256859052243,0.1018884530211949,2020-04-27,Lady Beach at Warrnambool Victoria AUSTRALIA,Lady Beach at Warrnambool,Victoria,AUSTRALIA,-38.3974833,142.4726155
426,2020-04-27|Lady Julia Percy Island Victoria AUSTRALIA,0.463179899753579,-0.354868356355849,0.08342695775371205,-0.01759576397564794,0.2882213445806677,0.08307154347188801,0.09607378152688924,2020-04-27,Lady Julia Percy Island Victoria AUSTRALIA,Lady Julia Percy Island,Victoria,AUSTRALIA,-38.4160708,142.00376599999998
427,2020-04-27|Lady Martin’s Beach Sydney Harbor New South Wales AUSTRALIA,0.6300803010871231,-0.4657548917338656,0.0633809838629394,0.08388338532091576,0.3555483355129545,0.12641461888603248,0.09861136573829474,2020-04-27,Lady Martin’s Beach Sydney Harbor New South Wales AUSTRALIA,Lady Martin’s Beach,New South Wales,AUSTRALIA,-33.865044299999994,151.2534844
428,2020-04-27|Lake Conjola near Milton New South Wales AUSTRALIA,0.6007685963393715,-0.47272487766780763,0.0822383728449459,0.11216762964065718,0.3386143403505064,0.1146596714910086,0.09774954027641622,2020-04-27,Lake Conjola near Milton New South Wales AUSTRALIA,Lake Conjola,New South Wales,AUSTRALIA,-35.2696191,150.4810158
429,2020-04-27|Lake Illawarra New South Wales AUSTRALIA,0.6199678343052059,-0.46949810652811125,0.058373043254851646,0.07367818291800951,0.351333181281199,0.12343500426916786,0.09744229229855754,2020-04-27,Lake Illawarra New South Wales AUSTRALIA,Lake Illawarra,New South Wales,AUSTRALIA,-34.541667,150.85833300000002
430,2020-04-27|Lake Macquarie New South Wales AUSTRALIA,0.6480019977791218,-0.4648673574554767,0.06965649541762059,0.09545688355618097,0.3636392777509694,0.13223352432324664,0.10085538936183167,2020-04-27,Lake Macquarie New South Wales AUSTRALIA,Lake Macquarie,New South Wales,AUSTRALIA,-33.031122499999995,151.56032439999998
431,2020-04-27|Lamberts Beach Mackay Queensland AUSTRALIA,0.8277430215333861,-0.9661337415894845,-0.012787993736486876,0.07011366766175818,0.6928259217880631,0.4800077579014794,0.23094197392935437,2020-04-27,Lamberts Beach Mackay Queensland AUSTRALIA,Lambert's Beach,Queensland,AUSTRALIA,-21.074391600000002,149.22827949999999
432,2020-04-27|Lambert’s Beach Mackay Queensland AUSTRALIA,0.8277430215333861,-0.9661337415894845,-0.012787993736486876,0.07011366766175818,0.6928259217880631,0.4800077579014794,0.23094197392935437,2020-04-27,Lambert’s Beach Mackay Queensland AUSTRALIA,Lambert’s Beach,Queensland,AUSTRALIA,-21.074391600000002,149.22827949999999
433,2020-04-27|Lambeth Street Wharf New South Wales AUSTRALIA,0.6249661881076229,-0.46709206819309773,0.060458986179420915,0.07916807483126041,0.35344938867888476,0.12492647035747734,0.09802922262793233,2020-04-27,Lambeth Street Wharf New South Wales AUSTRALIA,Lambeth Street Wharf,New South Wales,AUSTRALIA,-33.9633441,150.99770900000001
434,2020-04-27|Lamont Reef Queensland AUSTRALIA,0.9258257281688299,-0.7640982986239822,0.07062965722943716,0.13813981136043818,0.5356018154181615,0.28686930467923033,0.14854921605552157,2020-04-27,Lamont Reef Queensland AUSTRALIA,Lamont Reef,Queensland,AUSTRALIA,-23.6013947,152.0308565
435,2020-04-27|Lancelin Island Western Australia AUSTRALIA,0.2893379625157995,-0.14729289073096877,0.030389111025188025,-0.02426995670893488,0.16253015488369704,0.02641605124651855,0.04507775440325182,2020-04-27,Lancelin Island Western Australia AUSTRALIA,Lancelin Island,Western Australia,AUSTRALIA,-31.007032899999995,115.3167243
436,2020-04-27|Lancelin Western Australia AUSTRALIA,0.2893325502131814,-0.14728730547052316,0.030388597674256296,-0.024270975307983837,0.162526025236369,0.02641470887913285,0.04507660904516021,2020-04-27,Lancelin Western Australia AUSTRALIA,Lancelin,Western Australia,AUSTRALIA,-31.045409799999998,115.35327749999999
437,2020-04-27|Lane Cove River Sydney Harbor Estuary New South Wales AUSTRALIA,0.6315376362736688,-0.465458366516061,0.06385605715113238,0.0845437523152989,0.3561202751447366,0.1268216503691629,0.098769993251284,2020-04-27,Lane Cove River Sydney Harbor Estuary New South Wales AUSTRALIA,Lane Cove River,New South Wales,AUSTRALIA,-33.7827054,151.14003469999997
438,2020-04-27|Lane Cove River Sydney Harbor New South Wales AUSTRALIA,0.6315376362736688,-0.465458366516061,0.06385605715113238,0.0845437523152989,0.3561202751447366,0.1268216503691629,0.098769993251284,2020-04-27,Lane Cove River Sydney Harbor New South Wales AUSTRALIA,Lane Cove River,New South Wales,AUSTRALIA,-33.7827054,151.14003469999997
439,2020-04-27|Largs Bay South Australia AUSTRALIA,1.324850941018591,-1.1453991273489785,0.08809933288451463,0.2561832654098928,0.8291677502632524,0.6875191580766233,0.22996975688732896,2020-04-27,Largs Bay South Australia AUSTRALIA,Largs Bay,South Australia,AUSTRALIA,-34.821,138.494
440,2020-04-27|Latitude Reef near Forster New South Wales AUSTRALIA,0.6702510102455017,-0.4535735821105724,0.07539790675469459,0.1084223943265025,0.3721241097517606,0.13847635305854034,0.10320865834972015,2020-04-27,Latitude Reef near Forster New South Wales AUSTRALIA,Latitude Reef,New South Wales,AUSTRALIA,-32.180556,152.511667
441,2020-04-27|Laura Bay South Australia AUSTRALIA,0.8015113704558493,-0.6219466574125261,0.11677196027112723,0.25415051540340367,0.502387741694744,0.25239344300514477,0.15147560349776845,2020-04-27,Laura Bay South Australia AUSTRALIA,Laura Bay,South Australia,AUSTRALIA,-32.2280904,133.83199679999998
442,2020-04-27|Left break at the ‘Hot Spot’ at Sheringa Beach Western Australia AUSTRALIA,0.6410105614035895,-0.48521818312829995,0.07067809164949215,0.1102750225263121,0.37496496491832726,0.1405987249162024,0.11305619074207882,2020-04-27,Left break at the ‘Hot Spot’ at Sheringa Beach Western Australia AUSTRALIA,Left break at the ‘Hot Spot’ at Sheringa Beach,Western Australia,AUSTRALIA,-33.891765299999996,135.18893730000002
443,2020-04-27|Lefthanders Beach Margaret River Western Australia AUSTRALIA,0.3142516220122206,-0.18118924170601008,0.02747628885000712,-0.02666651992853104,0.18572877952169917,0.034495179542619936,0.051511895222679425,2020-04-27,Lefthanders Beach Margaret River Western Australia AUSTRALIA,Lefthanders Beach,Western Australia,AUSTRALIA,-33.8752851,114.98611319999999
444,2020-04-27|Lefthanders Margaret River Area Western Australia AUSTRALIA,0.3142516220122206,-0.18118924170601008,0.02747628885000712,-0.02666651992853104,0.18572877952169917,0.034495179542619936,0.051511895222679425,2020-04-27,Lefthanders Margaret River Area Western Australia AUSTRALIA,Lefthanders,Western Australia,AUSTRALIA,-33.8752851,114.98611319999999
445,2020-04-27|Leichardt Sydney New South Wales AUSTRALIA,0.6300803010871231,-0.4657548917338656,0.0633809838629394,0.08388338532091576,0.3555483355129545,0.12641461888603248,0.09861136573829474,2020-04-27,Leichardt Sydney New South Wales AUSTRALIA,Leichardt,New South Wales,AUSTRALIA,-33.8837222,151.157028
446,2020-04-27|Leighton Beach North Fremantle Western Australia AUSTRALIA,0.2929060096518765,-0.14712828758562124,0.02783025495373836,-0.030903404092430146,0.16706321162602766,0.0279101166788029,0.04633499813548726,2020-04-27,Leighton Beach North Fremantle Western Australia AUSTRALIA,Leighton Beach,Western Australia,AUSTRALIA,-32.028432,115.7503284
447,2020-04-27|Leighton Beach north of Freemantle Western Australia AUSTRALIA,0.2929060096518765,-0.14712828758562124,0.02783025495373836,-0.030903404092430146,0.16706321162602766,0.0279101166788029,0.04633499813548726,2020-04-27,Leighton Beach north of Freemantle Western Australia AUSTRALIA,Leighton Beach,Western Australia,AUSTRALIA,-32.024505600000005,115.7503081
448,2020-04-27|Leighton Beach south of North Cottesloe Western Australia AUSTRALIA,0.2929060096518765,-0.14712828758562124,0.02783025495373836,-0.030903404092430146,0.16706321162602766,0.0279101166788029,0.04633499813548726,2020-04-27,Leighton Beach south of North Cottesloe Western Australia AUSTRALIA,Leighton Beach,Western Australia,AUSTRALIA,-32.028432,115.7503284
449,2020-04-27|Lennox Head Ballina New South Wales AUSTRALIA,0.6914299694364401,-0.4577136795769913,0.07068756788201773,0.04975741536092321,0.39048935312288596,0.15248193490232995,0.11272456657059053,2020-04-27,Lennox Head Ballina New South Wales AUSTRALIA,Lennox Head,New South Wales,AUSTRALIA,-28.8,153.583333
450,2020-04-27|Lennox Head New South Wales AUSTRALIA,0.6914299694364401,-0.4577136795769913,0.07068756788201773,0.04975741536092321,0.39048935312288596,0.15248193490232995,0.11272456657059053,2020-04-27,Lennox Head New South Wales AUSTRALIA,Lennox Head,New South Wales,AUSTRALIA,-28.8,153.583333
451,2020-04-27|Lennox Heads New South Wales AUSTRALIA,0.6914299694364401,-0.4577136795769913,0.07068756788201773,0.04975741536092321,0.39048935312288596,0.15248193490232995,0.11272456657059053,2020-04-27,Lennox Heads New South Wales AUSTRALIA,Lennox Heads,New South Wales,AUSTRALIA,-28.8,153.583333
452,2020-04-27|Levys Beach Victoria AUSTRALIA,0.29600441171138925,-0.37124103358306976,0.017545128790210463,0.03612993377878036,0.25027286988309727,0.06263650939952174,0.08848482172067826,2020-04-27,Levys Beach Victoria AUSTRALIA,Levys Beach,Victoria,AUSTRALIA,-37.471307700000004,144.7851531
453,2020-04-27|Lighthouse Beach Ballina New South Wales AUSTRALIA,0.6914855438811363,-0.45720310044815415,0.07054919999627252,0.04953625613662832,0.39078087157901636,0.1527096895920557,0.11280872070015084,2020-04-27,Lighthouse Beach Ballina New South Wales AUSTRALIA,Lighthouse Beach,New South Wales,AUSTRALIA,-28.8725999,153.58992469999998
454,2020-04-27|Lighthouse Beach New South Wales AUSTRALIA,0.6759857983783256,-0.4396776556349442,0.07769195459944116,0.11653457720031657,0.37313316565943033,0.13922835931502786,0.10348852010471347,2020-04-27,Lighthouse Beach New South Wales AUSTRALIA,Lighthouse Beach,New South Wales,AUSTRALIA,-31.4789172,152.9298045
455,2020-04-27|Lighthouse Beach Seal Rocks New South Wales AUSTRALIA,0.6609097512750023,-0.4572128285002509,0.07333895468817128,0.10191448886488515,0.3680573924336911,0.1354662441250881,0.10208075390255732,2020-04-27,Lighthouse Beach Seal Rocks New South Wales AUSTRALIA,Lighthouse Beach,New South Wales,AUSTRALIA,-32.4436471,152.52793569999997
456,2020-04-27|Line Reef Queensland AUSTRALIA,0.5024034789413803,-0.5280535721293255,-0.02457362380796756,-0.012678913060042984,0.29003585079724487,0.0841207947476817,0.09171738916240565,2020-04-27,Line Reef Queensland AUSTRALIA,Line Reef,Queensland,AUSTRALIA,-19.674144000000002,149.1746224
457,2020-04-27|Line Reef northeast of Hamilton Island Whitsundays Queensland AUSTRALIA,0.5024034789413803,-0.5280535721293255,-0.02457362380796756,-0.012678913060042984,0.29003585079724487,0.0841207947476817,0.09171738916240565,2020-04-27,Line Reef northeast of Hamilton Island Whitsundays Queensland AUSTRALIA,Line Reef,Queensland,AUSTRALIA,-19.674144000000002,149.1746224
458,2020-04-27|Lipson Cove Tumby Bay South Australia AUSTRALIA,0.8219519649288749,-0.45350285590596456,0.12394457614930532,0.05641822742674654,0.4255561161836063,0.181098008021275,0.12284746911694838,2020-04-27,Lipson Cove Tumby Bay South Australia AUSTRALIA,Lipson Cove,South Australia,AUSTRALIA,-34.2592315,136.2625804
459,2020-04-27|Lismore New South Wales AUSTRALIA,0.6942860474347151,-0.4541429611510796,0.08245602592115878,0.1326550233880415,0.3789960913695215,0.1436380372733747,0.10511460312563423,2020-04-27,Lismore New South Wales AUSTRALIA,Lismore,New South Wales,AUSTRALIA,-28.8093154,153.2882876
460,2020-04-27|Little Beach Reef Bremer Bay Western Australia AUSTRALIA,0.3851315456676205,-0.18888352814714549,0.06067205292366014,-0.012773883431403423,0.21538743919117748,0.04639174896133317,0.06811148872351358,2020-04-27,Little Beach Reef Bremer Bay Western Australia AUSTRALIA,Little Beach Reef,Western Australia,AUSTRALIA,-34.4650904,119.0936263
461,2020-04-27|Little Congwong Beach La Perouse New South Wales AUSTRALIA,0.6260637319303713,-0.4667308548425874,0.06111634862328692,0.08045314660960584,0.35392795164863666,0.12526499495819968,0.09816195211454609,2020-04-27,Little Congwong Beach La Perouse New South Wales AUSTRALIA,Little Congwong Beach,New South Wales,AUSTRALIA,-33.9915566,151.2383626
462,2020-04-27|Little Island near Hillarys Western Australia AUSTRALIA,0.291776451709774,-0.146552635836748,0.029277536958781367,-0.02797472631316076,0.16551626045672502,0.027395632475578437,0.04590595107690575,2020-04-27,Little Island near Hillarys Western Australia AUSTRALIA,Little Island,Western Australia,AUSTRALIA,-31.8123368,115.70911540000002
463,2020-04-27|Lizard Island Queensland AUSTRALIA,0.378296847333153,-0.5199169107750439,-0.036371589310165604,0.017099858006052914,0.2789818980782109,0.07783089945532123,0.08411620720241797,2020-04-27,Lizard Island Queensland AUSTRALIA,Lizard Island,Queensland,AUSTRALIA,-14.668043300000003,145.463777
464,2020-04-27|Logan River Queensland AUSTRALIA,0.6929978003898897,-0.46215046070933596,0.0773611397755815,0.05874563782769027,0.3887427760248487,0.15112094591150568,0.1122203731917344,2020-04-27,Logan River Queensland AUSTRALIA,Logan River,Queensland,AUSTRALIA,-28.073537800000004,152.924704
465,2020-04-27|Long Reef Collaroy New South Wales AUSTRALIA,0.6333869935811742,-0.4658304970802901,0.06452851335310673,0.08602255745450654,0.357080617375575,0.12750656730532178,0.09903634426322871,2020-04-27,Long Reef Collaroy New South Wales AUSTRALIA,Long Reef,New South Wales,AUSTRALIA,-33.741958399999994,151.31703280000002
466,2020-04-27|Long Reef North Manly New South Wales AUSTRALIA,0.6333970195298896,-0.46582917398814816,0.06453225971169238,0.08602845042243243,0.3570853120688477,0.12750992009530634,0.0990376463368685,2020-04-27,Long Reef North Manly New South Wales AUSTRALIA,Long Reef,New South Wales,AUSTRALIA,-33.7419539,151.3170694
467,2020-04-27|Long Reef north of Sydney New South Wales AUSTRALIA,0.6315376362736688,-0.465458366516061,0.06385605715113238,0.0845437523152989,0.3561202751447366,0.1268216503691629,0.098769993251284,2020-04-27,Long Reef north of Sydney New South Wales AUSTRALIA,Long Reef,New South Wales,AUSTRALIA,-33.746083399999996,151.30407160000001
468,2020-04-27|Lookout Point Queensland AUSTRALIA,0.6865486136967668,-0.4748516894384249,0.07667343840235862,0.06725456568756054,0.38382841122919636,0.14732424926672907,0.11080171827290146,2020-04-27,Lookout Point Queensland AUSTRALIA,Lookout Point,Queensland,AUSTRALIA,-27.434650800000004,153.5304523
469,2020-04-27|Lord Howe Island New South Wales AUSTRALIA,0.6957722454863,-0.5337288004012227,0.09848453408671552,0.16047426304067486,0.412095122883337,0.16982239030423263,0.11429462276342348,2020-04-27,Lord Howe Island New South Wales AUSTRALIA,Lord Howe Island,New South Wales,AUSTRALIA,-31.555326300000004,159.0821211
470,2020-04-27|Lord Howe Island island group 440 miles northeast of Sydney New South Wales AUSTRALIA,0.6957668594985978,-0.5337258373738143,0.09848214715395225,0.16047706765423964,0.4120915054245562,0.16981940884307703,0.1142936194608757,2020-04-27,Lord Howe Island island group 440 miles northeast of Sydney New South Wales AUSTRALIA,Lord Howe Island (island group 440 miles northeast of Sydney),New South Wales,AUSTRALIA,-31.555326300000004,159.0821211
471,2020-04-27|Lorne Victoria AUSTRALIA,0.9768799943123923,-0.8602139953312806,0.156379047621274,0.23360041515361155,0.6129883972503931,0.3757547751636058,0.18482295586553432,2020-04-27,Lorne Victoria AUSTRALIA,Lorne,Victoria,AUSTRALIA,-38.5366556,143.97154840000002
472,2020-04-27|Maatsuyker Island Tasmania AUSTRALIA,0.31299293394015204,-0.34691916921248633,0.013384851793171896,0.08540731704049366,0.23938416336291984,0.05730477766896509,0.07979472112097329,2020-04-27,Maatsuyker Island Tasmania AUSTRALIA,Maatsuyker Island,Tasmania,AUSTRALIA,-43.6522707,146.27698130000002
473,2020-04-27|Mackay Queensland AUSTRALIA,0.8739202415630897,-1.0200693576495552,-0.03428275303747759,0.04216144418539144,0.7241682192814862,0.5244196098173187,0.24138940642716208,2020-04-27,Mackay Queensland AUSTRALIA,Mackay,Queensland,AUSTRALIA,-21.1424956,149.1821469
474,2020-04-27|Macleay River New South Wales AUSTRALIA,0.6759407168804177,-0.4309169791060273,0.07855857784996255,0.1274863266304325,0.3733962476877865,0.13942475778731883,0.10356148593108973,2020-04-27,Macleay River New South Wales AUSTRALIA,Macleay River,New South Wales,AUSTRALIA,-30.8273843,152.45621
475,2020-04-27|Magnetic Island Queensland AUSTRALIA,0.5703194074912827,-0.5742306547782322,0.01875733721266469,0.03797236499642041,0.32419774605258994,0.1051041785455796,0.09774929832139675,2020-04-27,Magnetic Island Queensland AUSTRALIA,Magnetic Island,Queensland,AUSTRALIA,-19.135865300000003,146.8423556
476,2020-04-27|Magra Islet Queensland AUSTRALIA,0.42576434196459334,-0.5850419714003087,-0.02448567553502006,0.01932017773133765,0.3103773632359552,0.09633410760930408,0.10345912107865174,2020-04-27,Magra Islet Queensland AUSTRALIA,Magra Islet,Queensland,AUSTRALIA,-11.8573472,143.2815326
477,2020-04-27|Main Beach Gold Coast Queensland AUSTRALIA,0.6931476575453164,-0.4638673509522285,0.07716025024085722,0.058809050747777813,0.3884223050425679,0.15087188705458168,0.11212786118779076,2020-04-27,Main Beach Gold Coast Queensland AUSTRALIA,Main Beach,Queensland,AUSTRALIA,-27.963,153.42600000000002
478,2020-04-27|Main Beach Southport Queensland AUSTRALIA,0.6931353280720509,-0.46386526339180545,0.07715630362464596,0.05880311383443817,0.38841699255741463,0.15086776010734668,0.11212632760542411,2020-04-27,Main Beach Southport Queensland AUSTRALIA,Main Beach,Queensland,AUSTRALIA,-27.963,153.42600000000002
479,2020-04-27|Malagil Barrier Reef Queensland AUSTRALIA,0.5583453903475079,-0.5624532867432739,0.0172268556497999,0.0346242788685221,0.3167181449497005,0.10031038334037952,0.09549411373595924,2020-04-27,Malagil Barrier Reef Queensland AUSTRALIA,Malagil,Queensland,AUSTRALIA,-19.3594967,146.885081
480,2020-04-27|Manley Beach New South Wales AUSTRALIA,0.631536800930904,-0.4654578225896659,0.0638561665400329,0.084546159260516,0.356120209838701,0.12682160385556043,0.09876997513864862,2020-04-27,Manley Beach New South Wales AUSTRALIA,Manley Beach,New South Wales,AUSTRALIA,-33.7931501,151.2876488
481,2020-04-27|Manly Marineland Sydney New South Wales AUSTRALIA,0.6315376362736688,-0.465458366516061,0.06385605715113238,0.0845437523152989,0.3561202751447366,0.1268216503691629,0.098769993251284,2020-04-27,Manly Marineland Sydney New South Wales AUSTRALIA,Manly Marineland,New South Wales,AUSTRALIA,-33.8060158,151.29477749999998
482,2020-04-27|Manly New South Wales AUSTRALIA,0.6315376362736688,-0.465458366516061,0.06385605715113238,0.0845437523152989,0.3561202751447366,0.1268216503691629,0.098769993251284,2020-04-27,Manly New South Wales AUSTRALIA,Manly,New South Wales,AUSTRALIA,-33.8060158,151.29477749999998
483,2020-04-27|Manning River New South Wales AUSTRALIA,0.6709792142901239,-0.4535056199654893,0.07526212500774533,0.10890056933262515,0.3725622399328216,0.13880262262376133,0.10333017379842353,2020-04-27,Manning River New South Wales AUSTRALIA,Manning River,New South Wales,AUSTRALIA,-31.8518472,152.10067469999998
484,2020-04-27|Maria River New South Wales AUSTRALIA,0.6751297015369397,-0.4335677879656638,0.07828670624788635,0.12209872191175838,0.372689113428153,0.1388971752678627,0.10336536217480156,2020-04-27,Maria River New South Wales AUSTRALIA,Maria River,New South Wales,AUSTRALIA,-31.269947600000002,152.8567516
485,2020-04-27|Marineland Aquarium Manley Sydney New South Wales AUSTRALIA,0.631547634252078,-0.46545698250496287,0.06385982939520024,0.08454987834938713,0.3561249829787176,0.12682500350159187,0.09877129896950052,2020-04-27,Marineland Aquarium Manley Sydney New South Wales AUSTRALIA,Marineland Aquarium,New South Wales,AUSTRALIA,-33.795355,151.285014
486,2020-04-27|Marineland Sydney New South Wales AUSTRALIA,0.6300803010871231,-0.4657548917338656,0.0633809838629394,0.08388338532091576,0.3555483355129545,0.12641461888603248,0.09861136573829474,2020-04-27,Marineland Sydney New South Wales AUSTRALIA,Marineland,New South Wales,AUSTRALIA,-33.8695997,151.2021381
487,2020-04-27|Marino South Australia AUSTRALIA,1.221992136857959,-1.02761628766497,0.08879134830921323,0.20907939642783965,0.7498369972450439,0.562255522437464,0.20796736475438124,2020-04-27,Marino South Australia AUSTRALIA,Marino,South Australia,AUSTRALIA,-35.049724499999996,138.5162223
488,2020-04-27|Marion Bay South Australia AUSTRALIA,0.5088285533718869,-0.3686021709596074,0.050985909636105234,0.02726437953682262,0.2723221368472918,0.07415934621707512,0.08210821363911669,2020-04-27,Marion Bay South Australia AUSTRALIA,Marion Bay,South Australia,AUSTRALIA,-35.2398829,136.97959939999998
489,2020-04-27|Mark’s Point Swan Bay Lake Macquarie New South Wales AUSTRALIA,0.6479920448077037,-0.4648689018449496,0.06965083617487802,0.09544949094300406,0.36363382529160765,0.13222955889620744,0.10085387712169273,2020-04-27,Mark’s Point Swan Bay Lake Macquarie New South Wales AUSTRALIA,Mark’s Point,New South Wales,AUSTRALIA,-33.0589864,151.64430869999998
490,2020-04-27|Maroochydore Beach Queensland AUSTRALIA,0.6915655461758411,-0.4993694745239977,0.0761904017273621,0.08834188648001418,0.3917132788192451,0.15343929280332366,0.11307788348572105,2020-04-27,Maroochydore Beach Queensland AUSTRALIA,Maroochydore Beach,Queensland,AUSTRALIA,-26.65447,153.10362869999997
491,2020-04-27|Maroochydore Queensland AUSTRALIA,0.6915655461758411,-0.4993694745239977,0.0761904017273621,0.08834188648001418,0.3917132788192451,0.15343929280332366,0.11307788348572105,2020-04-27,Maroochydore Queensland AUSTRALIA,Maroochydore,Queensland,AUSTRALIA,-26.65,153.1
492,2020-04-27|Maroubra Bay New South Wales AUSTRALIA,0.6278229986743437,-0.4662432397404767,0.06192377888831569,0.08211258690566535,0.35468135972727927,0.1257988669379917,0.09837090991907645,2020-04-27,Maroubra Bay New South Wales AUSTRALIA,Maroubra Bay,New South Wales,AUSTRALIA,-33.980540000000005,151.24301
493,2020-04-27|Maroubra Beach New South Wales AUSTRALIA,0.628891948025906,-0.46596636025206045,0.06266615245754152,0.08301704491567982,0.3550847439331667,0.12608517537408256,0.0984827885681564,2020-04-27,Maroubra Beach New South Wales AUSTRALIA,Maroubra Beach,New South Wales,AUSTRALIA,-33.9495,151.2437
494,2020-04-27|Maroubra New South Wales AUSTRALIA,0.628891948025906,-0.46596636025206045,0.06266615245754152,0.08301704491567982,0.3550847439331667,0.12608517537408256,0.0984827885681564,2020-04-27,Maroubra New South Wales AUSTRALIA,Maroubra,New South Wales,AUSTRALIA,-33.9495,151.2437
495,2020-04-27|Martin Islet New South Wales AUSTRALIA,0.6207887982550655,-0.4691126101276114,0.05874123852535263,0.0743985239048407,0.35164377861340135,0.12365334703751081,0.09752843649911738,2020-04-27,Martin Islet New South Wales AUSTRALIA,Martin Islet,New South Wales,AUSTRALIA,-34.4943401,150.93782480000002
496,2020-04-27|Mary River Queensland AUSTRALIA,0.6914123254858214,-0.49853626192316003,0.07835756742870802,0.0896750074829404,0.3905389166790445,0.15252064544084168,0.11273887433683559,2020-04-27,Mary River Queensland AUSTRALIA,Mary River,Queensland,AUSTRALIA,-26.184755499999998,152.64317409999998
497,2020-04-27|Maryborough Queensland AUSTRALIA,1.07253821704168,-0.7790524341591187,0.12694147186875418,0.10110392574213911,0.645971643735667,0.4172793645105594,0.19476777886184904,2020-04-27,Maryborough Queensland AUSTRALIA,Maryborough,Queensland,AUSTRALIA,-25.523262699999997,152.6970636
498,2020-04-27|Mauds Point Western Australia AUSTRALIA,0.29276859938109767,-0.14677630505532052,0.028552344658524628,-0.029611870246959677,0.16654342331502395,0.027736711849487266,0.046190834796432594,2020-04-27,Mauds Point Western Australia AUSTRALIA,Mauds Point,Western Australia,AUSTRALIA,-31.954288399999996,115.8624252
499,2020-04-27|McKenzies Beach New South Wales AUSTRALIA,0.5950138867171271,-0.4757188763883711,0.07820876139162893,0.10650127778608276,0.3373697061713989,0.11381831864217604,0.09739024533724105,2020-04-27,McKenzies Beach New South Wales AUSTRALIA,McKenzies Beach,New South Wales,AUSTRALIA,-35.8043718,150.226363
500,2020-04-27|McMasters Beach Central Coast New South Wales AUSTRALIA,0.6372665817070979,-0.4660919640931007,0.06613709062230044,0.08801383570565444,0.35878780510588903,0.1287286890927014,0.09950983294772796,2020-04-27,McMasters Beach Central Coast New South Wales AUSTRALIA,McMasters Beach,New South Wales,AUSTRALIA,-33.4967169,151.4114482
501,2020-04-27|Melbourne Victoria AUSTRALIA,0.29738929625799,-0.3727052894406075,0.017063365458550125,0.035246891511632905,0.25182469051452233,0.06341567475273496,0.0890334731665112,2020-04-27,Melbourne Victoria AUSTRALIA,Melbourne,Victoria,AUSTRALIA,-37.813627600000004,144.96305759999998
502,2020-04-27|Mereweather Beach New South Wales AUSTRALIA,0.6505976384968132,-0.4649568472135418,0.069895203158927,0.0978721448530581,0.36517580456472454,0.1333533682394939,0.10128154522437932,2020-04-27,Mereweather Beach New South Wales AUSTRALIA,Mereweather Beach,New South Wales,AUSTRALIA,-32.9465493,151.7599466
503,2020-04-27|Merewether Beach Newcastle New South Wales AUSTRALIA,0.6506091893989675,-0.46495596557856234,0.06989643249542342,0.09787649685398833,0.3651774456199716,0.1333545667895273,0.1012820003712131,2020-04-27,Merewether Beach Newcastle New South Wales AUSTRALIA,Merewether Beach,New South Wales,AUSTRALIA,-32.9465493,151.7599466
504,2020-04-27|Merewether Beach near Newcastle New South Wales AUSTRALIA,0.6505968135847774,-0.4649563844743436,0.06989531851687424,0.09787442874412423,0.3651757531174918,0.1333533306649273,0.10128153095548427,2020-04-27,Merewether Beach near Newcastle New South Wales AUSTRALIA,Merewether Beach,New South Wales,AUSTRALIA,-32.9465493,151.7599466
505,2020-04-27|Merimbula New South Wales AUSTRALIA,0.5831365075758395,-0.47226738211080316,0.07133148893989061,0.096397154748599,0.3319366870318734,0.11018196419769585,0.09582186780588234,2020-04-27,Merimbula New South Wales AUSTRALIA,Merimbula,New South Wales,AUSTRALIA,-36.8875485,149.90587480000002
506,2020-04-27|Merino Rocks Adelaide South Australia AUSTRALIA,1.221992136857959,-1.02761628766497,0.08879134830921323,0.20907939642783965,0.7498369972450439,0.562255522437464,0.20796736475438124,2020-04-27,Merino Rocks Adelaide South Australia AUSTRALIA,Merino Rocks,South Australia,AUSTRALIA,-35.05,138.5166667
507,2020-04-27|Mermaid Beach Queensland AUSTRALIA,0.6929978003898897,-0.46215046070933596,0.0773611397755815,0.05874563782769027,0.3887427760248487,0.15112094591150568,0.1122203731917344,2020-04-27,Mermaid Beach Queensland AUSTRALIA,Mermaid Beach,Queensland,AUSTRALIA,-28.044,153.437
508,2020-04-27|Mermaid Waters Queensland AUSTRALIA,0.6929978003898897,-0.46215046070933596,0.0773611397755815,0.05874563782769027,0.3887427760248487,0.15112094591150568,0.1122203731917344,2020-04-27,Mermaid Waters Queensland AUSTRALIA,Mermaid Waters,Queensland,AUSTRALIA,-28.047778000000005,153.42166699999999
509,2020-04-27|Metro coast Western Australia AUSTRALIA,0.29178151294707233,-0.14655465669325118,0.029188981012911633,-0.028033743024087267,0.16531680691042058,0.027329646647057285,0.04585063261626931,2020-04-27,Metro coast Western Australia AUSTRALIA,Metro coast,Western Australia,AUSTRALIA,-31.7478596,115.7726817
510,2020-04-27|Miall Island Queensland AUSTRALIA,1.017260837265992,-1.1886628165235757,-0.09047368377789916,-0.06881505922108612,0.7884637760849262,0.6216751261981006,0.23773077327822686,2020-04-27,Miall Island Queensland AUSTRALIA,Miall Island,Queensland,AUSTRALIA,-23.1528552,150.9052831
511,2020-04-27|Miami Lake Queensland AUSTRALIA,0.6929978003898897,-0.46215046070933596,0.0773611397755815,0.05874563782769027,0.3887427760248487,0.15112094591150568,0.1122203731917344,2020-04-27,Miami Lake Queensland AUSTRALIA,Miami Lake,Queensland,AUSTRALIA,-28.076944399999995,153.4366667
512,2020-04-27|Middle Beach 40 km north of Adelaide South Australia AUSTRALIA,1.3830899604977447,-1.218946636759507,0.09907583950865093,0.3003340904426833,0.8748140459843882,0.7652996150515752,0.24262976148406337,2020-04-27,Middle Beach 40 km north of Adelaide South Australia AUSTRALIA,Middle Beach,South Australia,AUSTRALIA,-34.5795185,138.4821124
513,2020-04-27|Middle Brighton Port Phillip Victoria AUSTRALIA,0.29738929625799,-0.3727052894406075,0.017063365458550125,0.035246891511632905,0.25182469051452233,0.06341567475273496,0.0890334731665112,2020-04-27,Middle Brighton Port Phillip Victoria AUSTRALIA,Middle Brighton,Victoria,AUSTRALIA,-37.915053799999995,144.9962287
514,2020-04-27|Middle Harbour Sugarloaf Bay Sydney Estuary New South Wales AUSTRALIA,0.6315376362736688,-0.465458366516061,0.06385605715113238,0.0845437523152989,0.3561202751447366,0.1268216503691629,0.098769993251284,2020-04-27,Middle Harbour Sugarloaf Bay Sydney Estuary New South Wales AUSTRALIA,Middle Harbour,New South Wales,AUSTRALIA,-33.7831723,151.2231308
515,2020-04-27|Middle Harbour Sydney New South Wales AUSTRALIA,0.6315366385490997,-0.46545771684099535,0.06385618783422184,0.08454662727656016,0.3561201971588452,0.12682159482445476,0.09876997162188936,2020-04-27,Middle Harbour Sydney New South Wales AUSTRALIA,Middle Harbour,New South Wales,AUSTRALIA,-33.7859956,151.2260866
516,2020-04-27|Middleton Beach South Australia AUSTRALIA,0.5510672575466863,-0.427741889620452,0.03000935472490346,0.047311227908344855,0.30246874075242336,0.0914873391323567,0.08731520444742938,2020-04-27,Middleton Beach South Australia AUSTRALIA,Middleton Beach,South Australia,AUSTRALIA,-35.51150689999999,138.7185508
517,2020-04-27|Middleton Point Fleurieu Peninsula South Australia AUSTRALIA,0.5510672575466863,-0.427741889620452,0.03000935472490346,0.047311227908344855,0.30246874075242336,0.0914873391323567,0.08731520444742938,2020-04-27,Middleton Point Fleurieu Peninsula South Australia AUSTRALIA,Middleton Point,South Australia,AUSTRALIA,-35.5142799,138.70844
518,2020-04-27|Middleton Reef Queensland AUSTRALIA,1.13610291894975,-0.8708587303949265,0.2138461655811078,0.26847678505650646,0.7643901864396906,0.5842923571253049,0.23047231289547854,2020-04-27,Middleton Reef Queensland AUSTRALIA,Middleton Reef,Queensland,AUSTRALIA,-22.3581165,141.54921140000002
519,2020-04-27|Millers Point New South Wales AUSTRALIA,0.6300803010871231,-0.4657548917338656,0.0633809838629394,0.08388338532091576,0.3555483355129545,0.12641461888603248,0.09861136573829474,2020-04-27,Millers Point New South Wales AUSTRALIA,Millers Point,New South Wales,AUSTRALIA,-33.86085,151.20281
520,2020-04-27|Millicent South Australia AUSTRALIA,0.4725333173702108,-0.3452869205793753,0.07834389054231211,0.07385384413877386,0.26185189545117027,0.06856641515137062,0.07895131707771834,2020-04-27,Millicent South Australia AUSTRALIA,Millicent,South Australia,AUSTRALIA,-37.6050244,140.3593062
521,2020-04-27|Mindarie Western Australia AUSTRALIA,0.2919809945208075,-0.14677202844343173,0.029370829605412672,-0.027563007361098478,0.1652266287621104,0.02729983885209224,0.04582562169798786,2020-04-27,Mindarie Western Australia AUSTRALIA,Mindarie,Western Australia,AUSTRALIA,-31.6900771,115.7060487
522,2020-04-27|Moama Beach South Australia AUSTRALIA,0.2960045226720788,-0.3712411213779506,0.017544801091613726,0.0361295533392281,0.25027285205551597,0.0626365004760022,0.08848481541767644,2020-04-27,Moama Beach South Australia AUSTRALIA,Moama Beach,South Australia,AUSTRALIA,-36.1214284,144.7528293
523,2020-04-27|Moffat Beach Caloundra Queensland AUSTRALIA,0.6976935365735604,-0.5066271360926207,0.07345400934940936,0.08720390014935109,0.3966312595824591,0.15731635607796804,0.11449758224447655,2020-04-27,Moffat Beach Caloundra Queensland AUSTRALIA,Moffat Beach,Queensland,AUSTRALIA,-26.791,153.139
524,2020-04-27|Mollymook Beach Bannister Head New South Wales AUSTRALIA,0.5992860633489732,-0.47267415250847805,0.08168533698189762,0.11136735455462252,0.3380864544236735,0.11430245066477066,0.09759715273543704,2020-04-27,Mollymook Beach Bannister Head New South Wales AUSTRALIA,Mollymook Beach,New South Wales,AUSTRALIA,-35.32012279999999,150.47556730000002
525,2020-04-27|Mona Vale Beach Sydney New South Wales AUSTRALIA,0.6343779406196567,-0.4662627961977882,0.06498581553109807,0.08622649389777602,0.3575372006781755,0.12783284986878593,0.09916297768700154,2020-04-27,Mona Vale Beach Sydney New South Wales AUSTRALIA,Mona Vale Beach,New South Wales,AUSTRALIA,-33.6795811,151.31354850000002
526,2020-04-27|Mona Vale New South Wales AUSTRALIA,0.6343678596036096,-0.4662644135215057,0.06498186253168267,0.08621928938688891,0.3575323459906958,0.1278293784296106,0.09916163123895273,2020-04-27,Mona Vale New South Wales AUSTRALIA,Mona Vale,New South Wales,AUSTRALIA,-33.675959999999996,151.30653
527,2020-04-27|Mona Vale near Sydney New South Wales AUSTRALIA,0.6343678596036096,-0.4662644135215057,0.06498186253168267,0.08621928938688891,0.3575323459906958,0.1278293784296106,0.09916163123895273,2020-04-27,Mona Vale near Sydney New South Wales AUSTRALIA,Mona Vale,New South Wales,AUSTRALIA,-33.675959999999996,151.30653
528,2020-04-27|Moodie Beach New South Wales AUSTRALIA,0.680164359996449,-0.44022160368309715,0.07854547796941555,0.1317173777420863,0.37599045037207107,0.14136881877099283,0.10428098830010005,2020-04-27,Moodie Beach New South Wales AUSTRALIA,Moodie Beach,New South Wales,AUSTRALIA,-30.210286,153.15729
529,2020-04-27|Mooloolaba Beach Queensland AUSTRALIA,0.692168359900246,-0.5003901976296329,0.07507501705451188,0.08731145968942955,0.3923638403219293,0.1539493831921724,0.11326568441507061,2020-04-27,Mooloolaba Beach Queensland AUSTRALIA,Mooloolaba Beach,Queensland,AUSTRALIA,-26.680943699999997,153.12166499999998
530,2020-04-27|Mooloolaba Queensland AUSTRALIA,0.692168359900246,-0.5003901976296329,0.07507501705451188,0.08731145968942955,0.3923638403219293,0.1539493831921724,0.11326568441507061,2020-04-27,Mooloolaba Queensland AUSTRALIA,Mooloolaba,Queensland,AUSTRALIA,-26.682,153.118
531,2020-04-27|Moonee Beach New South Wales AUSTRALIA,0.680164359996449,-0.44022160368309715,0.07854547796941555,0.1317173777420863,0.37599045037207107,0.14136881877099283,0.10428098830010005,2020-04-27,Moonee Beach New South Wales AUSTRALIA,Moonee Beach,New South Wales,AUSTRALIA,-30.1895467,153.1501948
532,2020-04-27|Moore Park north of Bundaberg Queensland AUSTRALIA,0.9356205759812067,-0.6299967886910649,0.12364957796893963,0.129635937714704,0.5360640835220639,0.28736470164235034,0.16162940260258407,2020-04-27,Moore Park north of Bundaberg Queensland AUSTRALIA,Moore Park,Queensland,AUSTRALIA,-24.850489899999996,152.3506485
533,2020-04-27|Mordialloc Victoria AUSTRALIA,0.3021740830222796,-0.37489579598957634,0.01835889826809549,0.03381690508778288,0.2543387909796254,0.0646882205969776,0.08992234191024051,2020-04-27,Mordialloc Victoria AUSTRALIA,Mordialloc,Victoria,AUSTRALIA,-37.999541799999996,145.0940302
534,2020-04-27|Moreton Bay NE of Brisbane Queensland AUSTRALIA,0.9149283848123144,-0.6251222121554364,0.11333812050746724,0.15551285901593712,0.5193740480488698,0.2697494017866697,0.1499303732255603,2020-04-27,Moreton Bay NE of Brisbane Queensland AUSTRALIA,Moreton Bay,Queensland,AUSTRALIA,-27.3123953,153.3446649
535,2020-04-27|Moreton Bay Queensland AUSTRALIA,0.9149217997760354,-0.6251186489497594,0.1133347897559024,0.1555114657837228,0.5193691120626766,0.2697442745647731,0.14992894832908163,2020-04-27,Moreton Bay Queensland AUSTRALIA,Moreton Bay,Queensland,AUSTRALIA,-27.3123953,153.3446649
536,2020-04-27|Moreton Island Queensland AUSTRALIA,0.7526301184538019,-0.5500408201077062,0.0803211493762205,0.10280433772554105,0.43057805076265965,0.18539745779857153,0.12429717675748296,2020-04-27,Moreton Island Queensland AUSTRALIA,Moreton Island,Queensland,AUSTRALIA,-27.0873207,153.41542330000001
537,2020-04-27|Mornington Island Gulf of Carpentaria Queensland AUSTRALIA,0.8804191956771189,-0.7201584772504077,0.17036719014863683,0.23512483735091255,0.6048958424116689,0.3658989801669227,0.18238295877504132,2020-04-27,Mornington Island Gulf of Carpentaria Queensland AUSTRALIA,Mornington Island,Queensland,AUSTRALIA,-16.5174872,139.4059435
538,2020-04-27|Mornington Island Queensland AUSTRALIA,0.8804191956771189,-0.7201584772504077,0.17036719014863683,0.23512483735091255,0.6048958424116689,0.3658989801669227,0.18238295877504132,2020-04-27,Mornington Island Queensland AUSTRALIA,Mornington Island,Queensland,AUSTRALIA,-16.5174872,139.4059435
539,2020-04-27|Mount Martha Beach Victoria AUSTRALIA,0.30102729133509853,-0.36966303847701315,0.016179268364205704,0.028069518136202953,0.25051491834614353,0.06275772431397496,0.08857039877547616,2020-04-27,Mount Martha Beach Victoria AUSTRALIA,Mount Martha Beach,Victoria,AUSTRALIA,-38.263749600000004,145.0158385
540,2020-04-27|Mowarry Point New South Wales AUSTRALIA,0.584390466796194,-0.4722909917803061,0.07088912822389078,0.09545262243818604,0.33210388183684997,0.11029298833110439,0.09587013278871251,2020-04-27,Mowarry Point New South Wales AUSTRALIA,Mowarry Point,New South Wales,AUSTRALIA,-37.1406048,150.0047629
541,2020-04-27|Mudjimba Island Queensland AUSTRALIA,0.6915655461758411,-0.4993694745239977,0.0761904017273621,0.08834188648001418,0.3917132788192451,0.15343929280332366,0.11307788348572105,2020-04-27,Mudjimba Island Queensland AUSTRALIA,Mudjimba Island,Queensland,AUSTRALIA,-26.6146347,153.1144871
542,2020-04-27|Mullaloo Beach Perth Western Australia AUSTRALIA,0.29178151294707233,-0.14655465669325118,0.029188981012911633,-0.028033743024087267,0.16531680691042058,0.027329646647057285,0.04585063261626931,2020-04-27,Mullaloo Beach Perth Western Australia AUSTRALIA,Mullaloo Beach,Western Australia,AUSTRALIA,-31.7789355,115.7325558
543,2020-04-27|Mullaway Headland New South Wales AUSTRALIA,0.6811691473622535,-0.44148933939328044,0.07960066828306137,0.13352039068927588,0.37624634621828823,0.14156131304261202,0.10435196103815499,2020-04-27,Mullaway Headland New South Wales AUSTRALIA,Mullaway Headland,New South Wales,AUSTRALIA,-30.080607300000004,153.19585039999998
544,2020-04-27|Murwillumbah Tweed River New South Wales AUSTRALIA,0.690829960369409,-0.4602283407487548,0.07699098106359341,0.05899091376047766,0.38817134343913623,0.15067699186734385,0.11205541481314199,2020-04-27,Murwillumbah Tweed River New South Wales AUSTRALIA,Murwillumbah,New South Wales,AUSTRALIA,-28.332256800000003,153.3827556
545,2020-04-27|Mutton Bird Island Albany Western Australia AUSTRALIA,0.35848412279262076,-0.14440111921123605,0.0736375080953942,0.034180997999921685,0.20253214210712925,0.0410192685865024,0.06404628684514223,2020-04-27,Mutton Bird Island Albany Western Australia AUSTRALIA,Mutton Bird Island,Western Australia,AUSTRALIA,-35.0508428,117.69298300000001
546,2020-04-27|Nambucca New South Wales AUSTRALIA,0.6769099685745887,-0.4326586363160492,0.07898069500388501,0.1288386493935979,0.3739127230329333,0.1398107244459031,0.10370473041873894,2020-04-27,Nambucca New South Wales AUSTRALIA,Nambucca,New South Wales,AUSTRALIA,-30.666463,152.73238840000002
547,2020-04-27|Nambucca River Entrance New South Wales AUSTRALIA,0.6772379711232455,-0.4335384423150913,0.07908934312154974,0.12940508703487763,0.3741133482546914,0.139960797342336,0.1037603738436774,2020-04-27,Nambucca River Entrance New South Wales AUSTRALIA,Nambucca River Entrance,New South Wales,AUSTRALIA,-30.6419702,152.9978834
548,2020-04-27|Native Dog Beach Western Australia AUSTRALIA,0.38712150686647695,-0.19374415754467186,0.03846260522938772,-0.07338506692203764,0.21645582823382586,0.04685312557639152,0.06526388781247429,2020-04-27,Native Dog Beach Western Australia AUSTRALIA,Native Dog Beach,Western Australia,AUSTRALIA,-34.450121,119.35602220000001
549,2020-04-27|Near Albany Western Australia AUSTRALIA,0.3701522340493061,-0.16177426525407576,0.06984335409030748,0.01815843942918007,0.20797698727762975,0.04325442723707937,0.06576809806971717,2020-04-27,Near Albany Western Australia AUSTRALIA,Near Albany,Western Australia,AUSTRALIA,-35.0269344,117.8837206
550,2020-04-27|Near Asbestos Works Camellia Parramatta River New South Wales AUSTRALIA,0.6300794242825388,-0.4657543175839136,0.06338109660018067,0.08388590757046431,0.3555482662377931,0.12641456962470063,0.09861134652482192,2020-04-27,Near Asbestos Works Camellia Parramatta River New South Wales AUSTRALIA,Near Asbestos Works,New South Wales,AUSTRALIA,-33.858772200000004,151.1770866
551,2020-04-27|Near Barrow Point Queensland AUSTRALIA,1.1259650002932697,-0.8163396313496025,0.171141498215033,0.17413237724111336,0.727028752524848,0.5285708069978367,0.2299066782409412,2020-04-27,Near Barrow Point Queensland AUSTRALIA,Near Barrow Point,Queensland,AUSTRALIA,-20.9175738,142.7027956
552,2020-04-27|Near Bondi Beach New South Wales AUSTRALIA,0.6300803010871231,-0.4657548917338656,0.0633809838629394,0.08388338532091576,0.3555483355129545,0.12641461888603248,0.09861136573829474,2020-04-27,Near Bondi Beach New South Wales AUSTRALIA,Near Bondi Beach,New South Wales,AUSTRALIA,-33.8914755,151.2766845
553,2020-04-27|Near Brisbane Queensland AUSTRALIA,0.9197599528791943,-0.6981712229324042,0.04804065451588647,0.06313766003097215,0.5500915104987523,0.30260066992279894,0.15879774083269124,2020-04-27,Near Brisbane Queensland AUSTRALIA,Near Brisbane,Queensland,AUSTRALIA,-27.469770699999998,153.0251235
554,2020-04-27|Near Broome in Roebuck Bay Western Australia AUSTRALIA,3.720186943365496,-3.3201322122692107,0.8680681240763639,2.027135530629851,2.6781999507544865,7.172754976221334,0.8075076682000856,2020-04-27,Near Broome in Roebuck Bay Western Australia AUSTRALIA,Near Broome in Roebuck Bay,Western Australia,AUSTRALIA,-18.0858333,122.28305559999998
555,2020-04-27|Near Cairns Queensland AUSTRALIA,0.41193231516875534,-0.5442578031050637,-0.030221853067797216,0.04738822481893963,0.31699776715410505,0.10048758438068821,0.1002434957394684,2020-04-27,Near Cairns Queensland AUSTRALIA,Near Cairns,Queensland,AUSTRALIA,-16.9185514,145.7780548
556,2020-04-27|Near Forbes Island Barrier Reef Queensland AUSTRALIA,0.4063316588371878,-0.5398601147933767,-0.023901597808249832,0.029824341469435214,0.29608342093449425,0.08766539215227291,0.09362979875673817,2020-04-27,Near Forbes Island Barrier Reef Queensland AUSTRALIA,Near Forbes Island,Queensland,AUSTRALIA,-12.2894676,143.4081551
557,2020-04-27|Near Legendre Island Western Australia AUSTRALIA,1.7838351946951425,-1.6758285454341229,0.3280810519411143,0.7142594278451091,1.2661121351242708,1.6030399387089396,0.381747172247542,2020-04-27,Near Legendre Island Western Australia AUSTRALIA,Near Legendre Island,Western Australia,AUSTRALIA,-20.3853568,116.87631040000001
558,2020-04-27|Near Moreton Island in Moreton Bay Queensland AUSTRALIA,0.7526301184538019,-0.5500408201077062,0.0803211493762205,0.10280433772554105,0.43057805076265965,0.18539745779857153,0.12429717675748296,2020-04-27,Near Moreton Island in Moreton Bay Queensland AUSTRALIA,Near Moreton Island in Moreton Bay,Queensland,AUSTRALIA,-27.0873207,153.41542330000001
559,2020-04-27|Near Port Vincent South Australia AUSTRALIA,1.268580445538461,-1.0933907852185376,0.10607931026794402,0.15015030095076068,0.7976131277904253,0.6361867016236253,0.2131710750989223,2020-04-27,Near Port Vincent South Australia AUSTRALIA,Near Port Vincent,South Australia,AUSTRALIA,-34.781414899999994,137.8547712
560,2020-04-27|Near Restoration Rock off Portland Roads Queensland AUSTRALIA,0.3666345537146446,-0.5357569070275209,-0.0592450204789961,0.021355295489053006,0.30090960793736243,0.09054659214901718,0.09515597309103468,2020-04-27,Near Restoration Rock off Portland Roads Queensland AUSTRALIA,Near Restoration Rock off Portland Roads,Queensland,AUSTRALIA,-12.622323800000002,143.46304740000002
561,2020-04-27|Near Southport Queensland AUSTRALIA,0.6930935702210901,-0.4630713287962866,0.07727517819749136,0.058879580368881565,0.38861049745858484,0.15101811873500878,0.11218218765881417,2020-04-27,Near Southport Queensland AUSTRALIA,Near Southport,Queensland,AUSTRALIA,-27.973794,153.4183144
562,2020-04-27|Near Sydney New South Wales AUSTRALIA,0.6300796423818208,-0.46575446040929247,0.06338106853575327,0.08388528006740341,0.3555482834555391,0.12641458186818041,0.09861135130016548,2020-04-27,Near Sydney New South Wales AUSTRALIA,Near Sydney,New South Wales,AUSTRALIA,-33.8688197,151.2092955
563,2020-04-27|Near Thursday Island Queensland AUSTRALIA,0.5897401179740375,-0.7897936650183749,0.05039096903876903,0.1689402999541227,0.501797042880784,0.2518002722438994,0.16726568096026131,2020-04-27,Near Thursday Island Queensland AUSTRALIA,Near Thursday Island,Queensland,AUSTRALIA,-10.5799169,142.2193906
564,2020-04-27|Neds Beach Lord Howe Island New South Wales AUSTRALIA,0.6956410605783987,-0.534340008892778,0.07564898251621778,0.0996285428485074,0.42022859080319186,0.17659206852843648,0.12130954501069996,2020-04-27,Neds Beach Lord Howe Island New South Wales AUSTRALIA,Ned's Beach,New South Wales,AUSTRALIA,-31.518050800000005,159.06489059999998
565,2020-04-27|Nelsons Bay New South Wales AUSTRALIA,0.6534015609998813,-0.46193502418479626,0.07053429313896194,0.10059480548896918,0.36614708862445683,0.13406369050816583,0.10155093095364129,2020-04-27,Nelsons Bay New South Wales AUSTRALIA,Nelson's Bay,New South Wales,AUSTRALIA,-32.715,152.15111100000001
566,2020-04-27|Nerang River Queensland AUSTRALIA,0.6930800704080875,-0.4630700662158283,0.0772738570915837,0.0588760488574908,0.3886084927646374,0.15101656064880323,0.11218160895351907,2020-04-27,Nerang River Queensland AUSTRALIA,Nerang River,Queensland,AUSTRALIA,-28.004231800000003,153.3708292
567,2020-04-27|Nerang River Southpot Queensland AUSTRALIA,0.6930935702210901,-0.4630714377792855,0.07727519513817695,0.05887988516692742,0.3886105026439153,0.15101812276515647,0.11218218915569014,2020-04-27,Nerang River Southpot Queensland AUSTRALIA,Nerang River,Queensland,AUSTRALIA,-27.973794,153.4183144
568,2020-04-27|Nerang River Surfers Paradise Queensland AUSTRALIA,0.6930800704080875,-0.4630700662158283,0.0772738570915837,0.0588760488574908,0.3886084927646374,0.15101656064880323,0.11218160895351907,2020-04-27,Nerang River Surfers Paradise Queensland AUSTRALIA,Nerang River,Queensland,AUSTRALIA,-27.9889011,153.4257263
569,2020-04-27|Nerang River near Chevron Island Queensland AUSTRALIA,0.6930800704080875,-0.4630700662158283,0.0772738570915837,0.0588760488574908,0.3886084927646374,0.15101656064880323,0.11218160895351907,2020-04-27,Nerang River near Chevron Island Queensland AUSTRALIA,Nerang River near Chevron Island,Queensland,AUSTRALIA,-27.997344599999998,153.4198464
570,2020-04-27|Nettley Bay Tasmania AUSTRALIA,0.4564562845909957,-0.35156132805162477,0.07238218293469134,0.06804738280470944,0.2680351529289663,0.07184284320565436,0.0773750838479106,2020-04-27,Nettley Bay Tasmania AUSTRALIA,Nettley Bay,Tasmania,AUSTRALIA,-40.93,144.62
571,2020-04-27|Newcastle Beach New South Wales AUSTRALIA,0.6505976384968132,-0.4649568472135418,0.069895203158927,0.0978721448530581,0.36517580456472454,0.1333533682394939,0.10128154522437932,2020-04-27,Newcastle Beach New South Wales AUSTRALIA,Newcastle Beach,New South Wales,AUSTRALIA,-32.9310039,151.7857155
572,2020-04-27|Newcastle Harbor New South Wales AUSTRALIA,0.6506091893989675,-0.46495596557856234,0.06989643249542342,0.09787649685398833,0.3651774456199716,0.1333545667895273,0.1012820003712131,2020-04-27,Newcastle Harbor New South Wales AUSTRALIA,Newcastle Harbor,New South Wales,AUSTRALIA,-32.9243415,151.7870367
573,2020-04-27|Newcastle New South Wales AUSTRALIA,0.6505976384968132,-0.4649568472135418,0.069895203158927,0.0978721448530581,0.36517580456472454,0.1333533682394939,0.10128154522437932,2020-04-27,Newcastle New South Wales AUSTRALIA,Newcastle,New South Wales,AUSTRALIA,-32.9282712,151.78168019999998
574,2020-04-27|Nobbys Beach Queensland AUSTRALIA,0.6929978003898897,-0.46215046070933596,0.0773611397755815,0.05874563782769027,0.3887427760248487,0.15112094591150568,0.1122203731917344,2020-04-27,Nobbys Beach Queensland AUSTRALIA,Nobby's Beach,Queensland,AUSTRALIA,-28.0534335,153.4410418
575,2020-04-27|Noosa Heads Queensland AUSTRALIA,0.6911375868947593,-0.49800815152842315,0.07801679030298557,0.08953562760034191,0.3906973701139842,0.15264443501398356,0.11278461590349383,2020-04-27,Noosa Heads Queensland AUSTRALIA,Noosa Heads,Queensland,AUSTRALIA,-26.398000000000003,153.093
576,2020-04-27|Noosa Queensland AUSTRALIA,0.6911270233496084,-0.49800687311433495,0.07801354339835302,0.08953088862469673,0.39069277221428994,0.15264084226048705,0.11278328860418073,2020-04-27,Noosa Queensland AUSTRALIA,Noosa,Queensland,AUSTRALIA,-26.3645433,152.9676695
577,2020-04-27|Norah Head New South Wales AUSTRALIA,0.6434922224510615,-0.46557779444688996,0.0683116785277334,0.09184607132584625,0.36154636079388075,0.13071577100329898,0.10027491863844157,2020-04-27,Norah Head New South Wales AUSTRALIA,Norah Head,New South Wales,AUSTRALIA,-33.2815439,151.5791475
578,2020-04-27|Noraville New South Wales AUSTRALIA,0.6434922224510615,-0.46557779444688996,0.0683116785277334,0.09184607132584625,0.36154636079388075,0.13071577100329898,0.10027491863844157,2020-04-27,Noraville New South Wales AUSTRALIA,Noraville,New South Wales,AUSTRALIA,-33.268863,151.5559438
579,2020-04-27|Normanville South Australia AUSTRALIA,1.0563744343949804,-0.849073346397249,0.02989849958059085,0.010522771961461529,0.634671999040212,0.4028085463656988,0.16962322667052807,2020-04-27,Normanville South Australia AUSTRALIA,Normanville,South Australia,AUSTRALIA,-35.446382799999995,138.3215845
580,2020-04-27|North Avoca Beach New South Wales AUSTRALIA,0.6403285942289648,-0.46567271461542287,0.0672282306846968,0.08964078663535853,0.3600701565604216,0.1296505176454465,0.09986549324945741,2020-04-27,North Avoca Beach New South Wales AUSTRALIA,North Avoca Beach,New South Wales,AUSTRALIA,-33.4608015,151.4379276
581,2020-04-27|North Beach Belligen River New South Wales AUSTRALIA,0.6767782847161307,-0.43427163996854024,0.07884061917028809,0.12960794159358147,0.3738630917509913,0.13977361137361013,0.10369096517782286,2020-04-27,North Beach Belligen River New South Wales AUSTRALIA,North Beach,New South Wales,AUSTRALIA,-30.464843100000003,153.04732109999998
582,2020-04-27|North Bondi New South Wales AUSTRALIA,0.6300803010871231,-0.4657548917338656,0.0633809838629394,0.08388338532091576,0.3555483355129545,0.12641461888603248,0.09861136573829474,2020-04-27,North Bondi New South Wales AUSTRALIA,North Bondi,New South Wales,AUSTRALIA,-33.8879,151.2808
583,2020-04-27|North Brighton Botany Bay New South Wales AUSTRALIA,0.626074637624014,-0.46672986792098314,0.06111748860098851,0.08045743789535373,0.3539294836849338,0.12526607942148385,0.09816237702496342,2020-04-27,North Brighton Botany Bay New South Wales AUSTRALIA,North Brighton,New South Wales,AUSTRALIA,-33.95908729999999,151.15205930000002
584,2020-04-27|North Burleigh near Brisbane Queensland AUSTRALIA,0.6930106325743107,-0.4621522867243387,0.07736374337931355,0.05875066806625819,0.3887466916630343,0.1511239902789543,0.11222150353911467,2020-04-27,North Burleigh near Brisbane Queensland AUSTRALIA,North Burleigh,Queensland,AUSTRALIA,-28.0771255,153.4468079
585,2020-04-27|North Cottesloe Western Australia AUSTRALIA,0.2929060096518765,-0.14712828758562124,0.02783025495373836,-0.030903404092430146,0.16706321162602766,0.0279101166788029,0.04633499813548726,2020-04-27,North Cottesloe Western Australia AUSTRALIA,North Cottesloe,Western Australia,AUSTRALIA,-31.9819839,115.76097040000002
586,2020-04-27|North Cronulla Beach New South Wales AUSTRALIA,0.6249671730309879,-0.46709272963858944,0.06045886200096287,0.0791652132392619,0.35344946636176955,0.12492652527141968,0.09802924417328805,2020-04-27,North Cronulla Beach New South Wales AUSTRALIA,North Cronulla Beach,New South Wales,AUSTRALIA,-34.0496066,151.1572211
587,2020-04-27|North Haven South Australia AUSTRALIA,1.324850941018591,-1.1453991273489785,0.08809933288451463,0.2561832654098928,0.8291677502632524,0.6875191580766233,0.22996975688732896,2020-04-27,North Haven South Australia AUSTRALIA,North Haven,South Australia,AUSTRALIA,-34.7864711,138.49372130000003
588,2020-04-27|North Head New South Wales AUSTRALIA,0.6315376362736688,-0.465458366516061,0.06385605715113238,0.0845437523152989,0.3561202751447366,0.1268216503691629,0.098769993251284,2020-04-27,North Head New South Wales AUSTRALIA,North Head,New South Wales,AUSTRALIA,-33.8332187,151.28042580000002
589,2020-04-27|North Head Sydney Harbour New South Wales AUSTRALIA,0.6315376362736688,-0.465458366516061,0.06385605715113238,0.0845437523152989,0.3561202751447366,0.1268216503691629,0.098769993251284,2020-04-27,North Head Sydney Harbour New South Wales AUSTRALIA,North Head,New South Wales,AUSTRALIA,-33.8332187,151.28042580000002
590,2020-04-27|North Narrabeen Beach New South Wales AUSTRALIA,0.6343678596036096,-0.4662644135215057,0.06498186253168267,0.08621928938688891,0.3575323459906958,0.1278293784296106,0.09916163123895273,2020-04-27,North Narrabeen Beach New South Wales AUSTRALIA,North Narrabeen Beach,New South Wales,AUSTRALIA,-33.7006895,151.30409939999998
591,2020-04-27|North Point Beach Moreton Island Queensland AUSTRALIA,0.697883070014018,-0.4998544366737636,0.08233732228121127,0.09393526111603201,0.39423724129238824,0.15542300242183274,0.11380648869236791,2020-04-27,North Point Beach Moreton Island Queensland AUSTRALIA,North Point Beach,Queensland,AUSTRALIA,-27.0269755,153.45147409999998
592,2020-04-27|North Shelly Beach New South Wales AUSTRALIA,0.6403183297465384,-0.46567429656248066,0.06722422763540131,0.08963358344583876,0.3600652422425481,0.12964697867118485,0.09986413026291305,2020-04-27,North Shelly Beach New South Wales AUSTRALIA,North Shelly Beach,New South Wales,AUSTRALIA,-33.3699595,151.4858695
593,2020-04-27|North Solitary Island New South Wales AUSTRALIA,0.6822404586821402,-0.4432682697194394,0.0808850932791762,0.13567078034334415,0.3764571161763541,0.14171996031981696,0.10441041810670375,2020-04-27,North Solitary Island New South Wales AUSTRALIA,North Solitary Island,New South Wales,AUSTRALIA,-29.9294292,153.39146609999997
594,2020-04-27|North Steyne New South Wales AUSTRALIA,0.6315376362736688,-0.465458366516061,0.06385605715113238,0.0845437523152989,0.3561202751447366,0.1268216503691629,0.098769993251284,2020-04-27,North Steyne New South Wales AUSTRALIA,North Steyne,New South Wales,AUSTRALIA,-33.7915584,151.2869868
595,2020-04-27|North West Island Queensland AUSTRALIA,1.0536604579492743,-0.7741237090919256,0.09526332465799044,0.1266367546114777,0.6021811418952461,0.3626221276542625,0.17383472218706827,2020-04-27,North West Island Queensland AUSTRALIA,North West Island,Queensland,AUSTRALIA,-23.2950882,151.7078724
596,2020-04-27|North of main swimming area in Watermans Bay Beach Perth Western Australia AUSTRALIA,0.29264072610842906,-0.14661517420982198,0.02885537868736549,-0.02900177204768482,0.16615239807703286,0.027606619386748795,0.04608238390831126,2020-04-27,North of main swimming area in Watermans Bay Beach Perth Western Australia AUSTRALIA,North of main swimming area in Waterman's Bay Beach,Western Australia,AUSTRALIA,-31.8517249,115.75106559999999
597,2020-04-27|Oak Beach Queensland AUSTRALIA,0.40779829521939237,-0.5460531927628948,-0.03197075798653204,0.04850556356054102,0.31781108869615715,0.10100388809823668,0.1005006905937649,2020-04-27,Oak Beach Queensland AUSTRALIA,Oak Beach,Queensland,AUSTRALIA,-16.591276999999998,145.51918569999998
598,2020-04-27|Oatley Bay near Como George’s River New South Wales AUSTRALIA,0.6249780322926869,-0.46709173754838673,0.060459997286205505,0.07916950574377393,0.3534509918633323,0.1249276036491734,0.09802966727129614,2020-04-27,Oatley Bay near Como George’s River New South Wales AUSTRALIA,Oatley Bay near Como,New South Wales,AUSTRALIA,-33.9904648,151.0843479
599,2020-04-27|Ocean Reef Western Australia AUSTRALIA,0.29178151294707233,-0.14655465669325118,0.029188981012911633,-0.028033743024087267,0.16531680691042058,0.027329646647057285,0.04585063261626931,2020-04-27,Ocean Reef Western Australia AUSTRALIA,Ocean Reef,Western Australia,AUSTRALIA,-31.760051699999998,115.73328070000001
600,2020-04-27|Ocean baths Kissing Point Beach Queensland AUSTRALIA,1.1259650002932697,-0.8163396313496025,0.171141498215033,0.17413237724111336,0.727028752524848,0.5285708069978367,0.2299066782409412,2020-04-27,Ocean baths Kissing Point Beach Queensland AUSTRALIA,Ocean baths,Queensland,AUSTRALIA,-20.9175738,142.7027956
601,2020-04-27|Oceanworld Manley New South Wales AUSTRALIA,0.6315376362736688,-0.465458366516061,0.06385605715113238,0.0845437523152989,0.3561202751447366,0.1268216503691629,0.098769993251284,2020-04-27,Oceanworld Manley New South Wales AUSTRALIA,Oceanworld,New South Wales,AUSTRALIA,-33.795355,151.285014
602,2020-04-27|Off Airlie Beach Whitsundays Queensland AUSTRALIA,0.38546946790611075,-0.6988246298562111,-0.13494010746201965,-0.06709925711634901,0.3443834883463268,0.11859998704558462,0.10890362117284466,2020-04-27,Off Airlie Beach Whitsundays Queensland AUSTRALIA,Off Airlie Beach,Queensland,AUSTRALIA,-20.2675,148.71694399999998
603,2020-04-27|Off Ben Buckler near Sydney New South Wales AUSTRALIA,0.6300803010871231,-0.4657548917338656,0.0633809838629394,0.08388338532091576,0.3555483355129545,0.12641461888603248,0.09861136573829474,2020-04-27,Off Ben Buckler near Sydney New South Wales AUSTRALIA,Off Ben Buckler,New South Wales,AUSTRALIA,-33.8898004,151.2831104
604,2020-04-27|Off Big Friar Island Tasmania AUSTRALIA,1.1860388825303758,-1.1181552494343612,0.15706798732629698,0.31785528402236046,0.8644373785953119,0.7472519815127346,0.273359101094647,2020-04-27,Off Big Friar Island Tasmania AUSTRALIA,Off Big Friar Island,Tasmania,AUSTRALIA,-41.4545196,145.9706647
605,2020-04-27|Off Blacksmith Beach New South Wales AUSTRALIA,0.6479920448077037,-0.4648689018449496,0.06965083617487802,0.09544949094300406,0.36363382529160765,0.13222955889620744,0.10085387712169273,2020-04-27,Off Blacksmith Beach New South Wales AUSTRALIA,Off Blacksmith Beach,New South Wales,AUSTRALIA,-33.0515891,151.6680509
606,2020-04-27|Off Bloomfield River Queensland AUSTRALIA,0.3885082672962026,-0.5275306571265713,-0.030184337874677922,0.021612599873427008,0.2863380838746846,0.08198949827702592,0.08633418067287661,2020-04-27,Off Bloomfield River Queensland AUSTRALIA,Off Bloomfield River,Queensland,AUSTRALIA,-15.931200899999999,145.349625
607,2020-04-27|Off Bribie Heads Queensland AUSTRALIA,0.7373725963869118,-0.5529441622833646,0.05292670000828661,0.06244865552476297,0.42710651926303284,0.18241997879698346,0.12329503193457805,2020-04-27,Off Bribie Heads Queensland AUSTRALIA,Off Bribie Heads,Queensland,AUSTRALIA,-26.986100300000004,153.1325243
608,2020-04-27|Off Brisbane Queensland AUSTRALIA,0.9197599528791943,-0.6981712229324042,0.04804065451588647,0.06313766003097215,0.5500915104987523,0.30260066992279894,0.15879774083269124,2020-04-27,Off Brisbane Queensland AUSTRALIA,Off Brisbane,Queensland,AUSTRALIA,-27.469770699999998,153.0251235
609,2020-04-27|Off Broughton Island near Port Stephens New South Wales AUSTRALIA,0.6556611121579473,-0.4615680085549757,0.0709763744242375,0.10062745641430688,0.36694368842030717,0.13464767047149948,0.10177186798517686,2020-04-27,Off Broughton Island near Port Stephens New South Wales AUSTRALIA,Off Broughton Island near Port Stephens,New South Wales,AUSTRALIA,-32.6157855,152.31398269999997
610,2020-04-27|Off Cairns Queensland AUSTRALIA,0.41193231516875534,-0.5442578031050637,-0.030221853067797216,0.04738822481893963,0.31699776715410505,0.10048758438068821,0.1002434957394684,2020-04-27,Off Cairns Queensland AUSTRALIA,Off Cairns,Queensland,AUSTRALIA,-16.9185514,145.7780548
611,2020-04-27|Off City Beach Perth Western Australia AUSTRALIA,0.2927623957812071,-0.1467700282774075,0.02855175919690929,-0.029612986120311106,0.16653877035761028,0.027735162032224855,0.0461895442982374,2020-04-27,Off City Beach Perth Western Australia AUSTRALIA,Off City Beach,Western Australia,AUSTRALIA,-31.9339651,115.76420859999999
612,2020-04-27|Off Dawesville Cut Western Australia AUSTRALIA,0.2896825681922202,-0.19706663319489034,0.025121000915129144,-0.02283424826452869,0.1752072366035312,0.030697575758245766,0.048593744262029455,2020-04-27,Off Dawesville Cut Western Australia AUSTRALIA,Off Dawesville Cut,Western Australia,AUSTRALIA,-32.607019199999996,115.63976670000001
613,2020-04-27|Off De Grey river Western Australia AUSTRALIA,3.3708705108953114,-3.088499440094421,0.5713383936818697,1.394560322439464,2.411027284727693,5.813052567701392,0.7269520784319212,2020-04-27,Off De Grey river Western Australia AUSTRALIA,Off De Grey river,Western Australia,AUSTRALIA,-21.0940079,119.7494
614,2020-04-27|Off Domain Sydney Harbor New South Wales AUSTRALIA,0.6300793026926829,-0.4657542379552648,0.06338111225363476,0.08388625743530238,0.3555482566427388,0.12641456280169086,0.09861134386363267,2020-04-27,Off Domain Sydney Harbor New South Wales AUSTRALIA,Off Domain,New South Wales,AUSTRALIA,-33.871516299999996,151.214894
615,2020-04-27|Off Eva Island 20 miles from Cardwell Queensland AUSTRALIA,0.45022447626018164,-0.5818601061446793,-0.05146661304803764,-0.01533719914891711,0.38211749163033404,0.1460137774098584,0.1208361607342183,2020-04-27,Off Eva Island 20 miles from Cardwell Queensland AUSTRALIA,Off Eva Island 20 miles from Cardwell,Queensland,AUSTRALIA,-18.2654956,146.02580690000002
616,2020-04-27|Off Franklin Island between Streaky Bay & Ceduna South Australia AUSTRALIA,0.8007019691105647,-0.6305915861260253,0.09865358761866655,0.2365530149671015,0.5033160265258184,0.2533270225577383,0.15175549190533685,2020-04-27,Off Franklin Island between Streaky Bay & Ceduna South Australia AUSTRALIA,Off Franklin Island between Streaky Bay & Ceduna,South Australia,AUSTRALIA,-32.797222,134.21111100000002
617,2020-04-27|Off Garden Island Western Australia AUSTRALIA,0.29120141290097573,-0.19840932996952007,0.02282408977231195,-0.028486599738587987,0.17422716448273534,0.03035510484369412,0.04832192116316929,2020-04-27,Off Garden Island Western Australia AUSTRALIA,Off Garden Island,Western Australia,AUSTRALIA,-32.204325399999995,115.67762739999999
618,2020-04-27|Off Hinchinbrook Island Queensland AUSTRALIA,0.4489958844230224,-0.583234002930349,-0.053526243155559636,-0.017535217831904558,0.3846135676762812,0.14792759644067732,0.1216254892860363,2020-04-27,Off Hinchinbrook Island Queensland AUSTRALIA,Off Hinchinbrook Island,Queensland,AUSTRALIA,-18.3362903,146.2258805
619,2020-04-27|Off Kisma New South Wales AUSTRALIA,0.6179768624357546,-0.4706440399630812,0.05769601927951781,0.07132533197869571,0.35049558702508243,0.12284715652405714,0.09720998544944505,2020-04-27,Off Kisma New South Wales AUSTRALIA,Off Kisma,New South Wales,AUSTRALIA,-34.6738221,150.8443706
620,2020-04-27|Off Legendre Island Western Australia AUSTRALIA,1.7838351946951425,-1.6758285454341229,0.3280810519411143,0.7142594278451091,1.2661121351242708,1.6030399387089396,0.381747172247542,2020-04-27,Off Legendre Island Western Australia AUSTRALIA,Off Legendre Island,Western Australia,AUSTRALIA,-20.3853568,116.87631040000001
621,2020-04-27|Off Lodestone Reef Great Barrier Reef north of Townsville Queensland AUSTRALIA,0.5158049581993137,-0.5245463041661069,0.023836993837626316,0.05248002647644715,0.2959866470226522,0.08760809521571213,0.08924333192086378,2020-04-27,Off Lodestone Reef Great Barrier Reef north of Townsville Queensland AUSTRALIA,Off Lodestone Reef,Queensland,AUSTRALIA,-18.689469600000002,147.1049521
622,2020-04-27|Off Melbourne Victoria AUSTRALIA,0.29738929625799,-0.3727052894406075,0.017063365458550125,0.035246891511632905,0.25182469051452233,0.06341567475273496,0.0890334731665112,2020-04-27,Off Melbourne Victoria AUSTRALIA,Off Melbourne,Victoria,AUSTRALIA,-37.813627600000004,144.96305759999998
623,2020-04-27|Off Mooloolabah New South Wales AUSTRALIA,0.692168359900246,-0.5003901976296329,0.07507501705451188,0.08731145968942955,0.3923638403219293,0.1539493831921724,0.11326568441507061,2020-04-27,Off Mooloolabah New South Wales AUSTRALIA,Off Mooloolabah,New South Wales,AUSTRALIA,-26.682,153.118
624,2020-04-27|Off North Bondi New South Wales AUSTRALIA,0.6300803010871231,-0.4657548917338656,0.0633809838629394,0.08388338532091576,0.3555483355129545,0.12641461888603248,0.09861136573829474,2020-04-27,Off North Bondi New South Wales AUSTRALIA,Off North Bondi,New South Wales,AUSTRALIA,-33.8879,151.2808
625,2020-04-27|Off North Keppel Island off Yeppoon Queensland AUSTRALIA,1.1583112002542193,-1.056561446888181,0.05215062652203033,0.12623717408932145,0.7716065734570212,0.5953767042020854,0.2326481354480674,2020-04-27,Off North Keppel Island off Yeppoon Queensland AUSTRALIA,Off North Keppel Island,Queensland,AUSTRALIA,-23.0737512,150.8987392
626,2020-04-27|Off Perforated Island near Coffin Bay South Australia AUSTRALIA,0.5432730511031474,-0.3844536858709215,0.06969288097894517,0.07327219777778568,0.31037365626499436,0.09633180650330088,0.09358117842197508,2020-04-27,Off Perforated Island near Coffin Bay South Australia AUSTRALIA,Off Perforated Island near Coffin Bay,South Australia,AUSTRALIA,-34.726845000000004,135.15822240000003
627,2020-04-27|Off Poison Creek Cape Arid Western Australia AUSTRALIA,0.4532037733891313,-0.2577309570851065,0.05799766058326208,-0.02498597794493164,0.24619232197448765,0.0606106593991898,0.0778528479884903,2020-04-27,Off Poison Creek Cape Arid Western Australia AUSTRALIA,Off Poison Creek,Western Australia,AUSTRALIA,-33.9036415,123.35127050000001
628,2020-04-27|Off Port Broughton South Australia AUSTRALIA,1.0374353090662396,-0.7276114409912043,0.09802196592552644,0.07248185119575726,0.5415858637825096,0.293315247849047,0.15020889245648417,2020-04-27,Off Port Broughton South Australia AUSTRALIA,Off Port Broughton,South Australia,AUSTRALIA,-33.583333,137.93555600000002
629,2020-04-27|Off Rottnest Island Western Australia AUSTRALIA,0.2897451722661068,-0.14663672528348295,0.030841435561001815,-0.024745339665981546,0.165297585550924,0.027323291788965042,0.045845301570327075,2020-04-27,Off Rottnest Island Western Australia AUSTRALIA,Off Rottnest Island,Western Australia,AUSTRALIA,-32.0063677,115.5073002
630,2020-04-27|Off Scotts New South Wales AUSTRALIA,0.676447431240485,-0.4316524212608169,0.07891572999843556,0.12831691015877777,0.3736508471735365,0.13961495559350154,0.10363209912344191,2020-04-27,Off Scotts New South Wales AUSTRALIA,Off Scotts,New South Wales,AUSTRALIA,-30.7492859,152.9941554
631,2020-04-27|Off Stradbroke Island Queensland AUSTRALIA,0.6910109550189865,-0.4702000357190824,0.07639932221166586,0.060327544970835485,0.38578309983505943,0.14882860011834742,0.11136598826928992,2020-04-27,Off Stradbroke Island Queensland AUSTRALIA,Off Stradbroke Island,Queensland,AUSTRALIA,-27.5323174,153.46260769999998
632,2020-04-27|Off Tasman Island Tasmania AUSTRALIA,0.36883068183151324,-0.3535328811597169,0.06136743690375956,0.09712684972470374,0.21885467913122375,0.04789737057763091,0.060699366729449686,2020-04-27,Off Tasman Island Tasmania AUSTRALIA,Off Tasman Island,Tasmania,AUSTRALIA,-43.238162700000004,148.00239390000002
633,2020-04-27|Off Tower Hill Victoria AUSTRALIA,0.4651430020853171,-0.4437450669831823,0.03528067693726556,-0.010296660346508932,0.32077659722647067,0.10289762532819341,0.10143846673140983,2020-04-27,Off Tower Hill Victoria AUSTRALIA,Off Tower Hill,Victoria,AUSTRALIA,-38.3332266,142.3537074
634,2020-04-27|Off Wedge Island Western Australia AUSTRALIA,0.28948620956251675,-0.14783617343768082,0.03073301483099026,-0.0235999222213129,0.16207280575104502,0.026267594364015975,0.04495090857643906,2020-04-27,Off Wedge Island Western Australia AUSTRALIA,Off Wedge Island,Western Australia,AUSTRALIA,-30.8277891,115.1879896
635,2020-04-27|Off Wynnum in Moreton Bay near Brisbane Queensland AUSTRALIA,0.9197680106893475,-0.6981741409299785,0.048042614975267635,0.06313817701510244,0.5500959082304175,0.302605508251848,0.15879901034847163,2020-04-27,Off Wynnum in Moreton Bay near Brisbane Queensland AUSTRALIA,Off Wynnum in Moreton Bay,Queensland,AUSTRALIA,-27.443694,153.173618
636,2020-04-27|On board the Japanese longline trawler Fukuya No38 100 nm northeast of Brisbane Queensland AUSTRALIA,0.9197599528791943,-0.6981712229324042,0.04804065451588647,0.06313766003097215,0.5500915104987523,0.30260066992279894,0.15879774083269124,2020-04-27,On board the Japanese longline trawler Fukuya No38 100 nm northeast of Brisbane Queensland AUSTRALIA,On board the Japanese longline trawler Fukuya No.38,Queensland,AUSTRALIA,-27.469770699999998,153.0251235
637,2020-04-27|Onslow Western Australia AUSTRALIA,0.9275406970352118,-0.8747583114739651,0.1223211602163704,0.2602547777138592,0.633854518708287,0.4017715508869142,0.1829780385016451,2020-04-27,Onslow Western Australia AUSTRALIA,Onslow,Western Australia,AUSTRALIA,-21.662723,115.1069826
638,2020-04-27|Opal Reef Queensland AUSTRALIA,0.40007657521119816,-0.5310563023944583,-0.030123476534718367,0.017977723403246576,0.2883318676677262,0.08313526591275917,0.08693532910511395,2020-04-27,Opal Reef Queensland AUSTRALIA,Opal Reef,Queensland,AUSTRALIA,-16.2104561,145.881327
639,2020-04-27|Orpheus Island Queensland AUSTRALIA,0.5300185571074785,-0.5643623318260221,0.02005031015846992,0.06591484438932678,0.3139969406546955,0.09859407874050838,0.0946736397701015,2020-04-27,Orpheus Island Queensland AUSTRALIA,Orpheus Island,Queensland,AUSTRALIA,-18.6160685,146.49719950000002
640,2020-04-27|Otford New South Wales AUSTRALIA,0.6233572809569897,-0.46775324211084934,0.05952060353026069,0.07712241431692726,0.35274642347315666,0.12443003927310355,0.0978342551591539,2020-04-27,Otford New South Wales AUSTRALIA,Otford,New South Wales,AUSTRALIA,-34.216667,151.0
641,2020-04-27|Outer Barrier Reef near Port Douglas Queensland AUSTRALIA,0.4057362298187144,-0.5457547962129209,-0.03267324735594672,0.04895453292744795,0.31730512357199225,0.10068254144503729,0.1003406903728678,2020-04-27,Outer Barrier Reef near Port Douglas Queensland AUSTRALIA,Outer Barrier Reef near Port Douglas,Queensland,AUSTRALIA,-16.4844197,145.46060580000002
642,2020-04-27|Outer Harbor South Australia AUSTRALIA,1.342968622610144,-1.1689639907343483,0.09087602809243002,0.268459031282034,0.8435440459774798,0.7115665575040565,0.23395702391416587,2020-04-27,Outer Harbor South Australia AUSTRALIA,Outer Harbor,South Australia,AUSTRALIA,-34.781,138.501
643,2020-04-27|Palm Beach New South Wales AUSTRALIA,0.6355108740512087,-0.466490018957509,0.0654984059529277,0.08663097192323141,0.3580336639325729,0.12818810450898258,0.09930067181931797,2020-04-27,Palm Beach New South Wales AUSTRALIA,Palm Beach,New South Wales,AUSTRALIA,-33.601110999999996,151.321667
644,2020-04-27|Palm Beach North 5 miles north of Burleigh Heads Brisbane Queensland AUSTRALIA,0.42951973095631263,-0.35720326766681554,-0.0056247510436109715,-0.028096683568626605,0.26648026336836533,0.07101173076487334,0.08882675445612177,2020-04-27,Palm Beach North 5 miles north of Burleigh Heads Brisbane Queensland AUSTRALIA,Palm Beach North,Queensland,AUSTRALIA,26.7056206,-80.0364297
645,2020-04-27|Palm Beach Queensland AUSTRALIA,0.6927556572659692,-0.4608689956917844,0.07740891230316549,0.05830139346913468,0.3887426245078311,0.15112082810923655,0.11222032945253896,2020-04-27,Palm Beach Queensland AUSTRALIA,Palm Beach,Queensland,AUSTRALIA,-28.122260600000004,153.4694515
646,2020-04-27|Palm Cove Beach Queensland AUSTRALIA,0.40642614496948987,-0.5415689819658045,-0.030039629085192872,0.05028355580778114,0.3151264396357026,0.0993046729574741,0.09965173001883815,2020-04-27,Palm Cove Beach Queensland AUSTRALIA,Palm Cove Beach,Queensland,AUSTRALIA,-16.744428,145.67113590000002
647,2020-04-27|Palm Cove Queensland AUSTRALIA,0.4064196436887951,-0.5415656071099335,-0.030040821102962596,0.05027287144425679,0.31512481359357025,0.0993036481423824,0.0996512158191672,2020-04-27,Palm Cove Queensland AUSTRALIA,Palm Cove,Queensland,AUSTRALIA,-16.74405,145.67095
648,2020-04-27|Palm Island Queensland AUSTRALIA,0.5380596393442287,-0.565475302657385,0.02137610680374812,0.06366590853156244,0.31517248048545005,0.0993336924553514,0.09502807836507701,2020-04-27,Palm Island Queensland AUSTRALIA,Palm Island,Queensland,AUSTRALIA,-18.6894285,146.5392256
649,2020-04-27|Pancake Creek Queensland AUSTRALIA,1.1259650002932697,-0.8163396313496025,0.171141498215033,0.17413237724111336,0.727028752524848,0.5285708069978367,0.2299066782409412,2020-04-27,Pancake Creek Queensland AUSTRALIA,Pancake Creek,Queensland,AUSTRALIA,-20.9175738,142.7027956
650,2020-04-27|Paradise Beach Victoria AUSTRALIA,0.27445252180843277,-0.3030569829392586,0.022075612333804936,0.0749663184663786,0.20342434582379845,0.04138146447384035,0.05085608645594961,2020-04-27,Paradise Beach Victoria AUSTRALIA,Paradise Beach,Victoria,AUSTRALIA,-38.1992076,147.4033451
651,2020-04-27|Paramatta River New South Wales AUSTRALIA,0.6315366385490997,-0.46545771684099535,0.06385618783422184,0.08454662727656016,0.3561201971588452,0.12682159482445476,0.09876997162188936,2020-04-27,Paramatta River New South Wales AUSTRALIA,Paramatta River,New South Wales,AUSTRALIA,-33.834442700000004,151.0923358
652,2020-04-27|Paramatta River near Sydney New South Wales AUSTRALIA,0.631547634252078,-0.4654568355060999,0.06385992410846733,0.08455052933129915,0.35612505618234924,0.12682505564088142,0.09877131927253494,2020-04-27,Paramatta River near Sydney New South Wales AUSTRALIA,Paramatta River (near Sydney),New South Wales,AUSTRALIA,-33.834442700000004,151.0923358
653,2020-04-27|Park Beach Coffs Harbour New South Wales AUSTRALIA,0.67617392320773,-0.4338119720539879,0.07856689645991881,0.12833908640551486,0.3731096279255792,0.13921079445076415,0.10348199191192052,2020-04-27,Park Beach Coffs Harbour New South Wales AUSTRALIA,Park Beach,New South Wales,AUSTRALIA,-30.289625899999997,153.11855480000003
654,2020-04-27|Parkers Point Rottnest Island Western Australia AUSTRALIA,0.2897451722661068,-0.14663672528348295,0.030841435561001815,-0.024745339665981546,0.165297585550924,0.027323291788965042,0.045845301570327075,2020-04-27,Parkers Point Rottnest Island Western Australia AUSTRALIA,Parker's Point,Western Australia,AUSTRALIA,-32.014821000000005,115.53120159999999
655,2020-04-27|Parramata River New South Wales AUSTRALIA,0.6315376362736688,-0.465458366516061,0.06385605715113238,0.0845437523152989,0.3561202751447366,0.1268216503691629,0.098769993251284,2020-04-27,Parramata River New South Wales AUSTRALIA,Parramata River,New South Wales,AUSTRALIA,-33.834442700000004,151.0923358
656,2020-04-27|Parramatta River New South Wales AUSTRALIA,0.6315376362736688,-0.465458366516061,0.06385605715113238,0.0845437523152989,0.3561202751447366,0.1268216503691629,0.098769993251284,2020-04-27,Parramatta River New South Wales AUSTRALIA,Parramatta River,New South Wales,AUSTRALIA,-33.834442700000004,151.0923358
657,2020-04-27|Parsons Beach Fleurieu Peninsula South Australia AUSTRALIA,0.5078392029022707,-0.3321627213737994,0.05644149922850259,0.04692309853863043,0.2666324605985901,0.07109286904485869,0.0843165873626647,2020-04-27,Parsons Beach Fleurieu Peninsula South Australia AUSTRALIA,Parsons Beach,South Australia,AUSTRALIA,-35.630574200000005,138.4671696
658,2020-04-27|Peacock Point Balmain Sydney New South Wales AUSTRALIA,0.6300793026926829,-0.4657542379552648,0.06338111225363476,0.08388625743530238,0.3555482566427388,0.12641456280169086,0.09861134386363267,2020-04-27,Peacock Point Balmain Sydney New South Wales AUSTRALIA,Peacock Point,New South Wales,AUSTRALIA,-33.859680299999994,151.1964189
659,2020-04-27|Peel Island Queensland AUSTRALIA,0.94350147550834,-0.7430426563899886,0.02653233148102138,0.033118684745799154,0.5763643045412777,0.3321958115493508,0.16638204318909908,2020-04-27,Peel Island Queensland AUSTRALIA,Peel Island,Queensland,AUSTRALIA,-27.500573499999998,153.34761269999998
660,2020-04-27|Pelican Banks near Gladstone Queensland AUSTRALIA,1.099029645583632,-0.7874090561351443,0.1551381270598329,0.23038097787199768,0.6264796779969006,0.39247678694310034,0.18084910536667034,2020-04-27,Pelican Banks near Gladstone Queensland AUSTRALIA,Pelican Banks near Gladstone,Queensland,AUSTRALIA,-23.783333300000002,151.3
661,2020-04-27|Pelican Island Macleay River New South Wales AUSTRALIA,0.6755693856218319,-0.42938683614648915,0.07887583668840589,0.1268757099901437,0.3729708917202762,0.13910728607061798,0.10344351341176795,2020-04-27,Pelican Island Macleay River New South Wales AUSTRALIA,Pelican Island,New South Wales,AUSTRALIA,-30.9314059,153.0331545
662,2020-04-27|Pelican Waters Caloundra Queensland AUSTRALIA,0.6977034262431687,-0.5066287656996773,0.07345851970982696,0.08720989095694244,0.39663626276513797,0.15732032494029558,0.11449902653890978,2020-04-27,Pelican Waters Caloundra Queensland AUSTRALIA,Pelican Waters,Queensland,AUSTRALIA,-26.799,153.13299999999998
663,2020-04-27|Pennington Bay Kangaroo Island South Australia AUSTRALIA,0.5841187906784393,-0.38886156442613407,0.1005083998170114,0.10048356252973453,0.323418900589757,0.1045997852586871,0.10227403642112064,2020-04-27,Pennington Bay Kangaroo Island South Australia AUSTRALIA,Pennington Bay,South Australia,AUSTRALIA,-35.8479736,137.75086090000002
664,2020-04-27|Peregian Queensland AUSTRALIA,0.6908162853816981,-0.4980860784991666,0.07715945025151849,0.08887952898497281,0.39087254104585717,0.1527813433436453,0.11283518339582935,2020-04-27,Peregian Queensland AUSTRALIA,Peregian,Queensland,AUSTRALIA,-26.480556,153.09555600000002
665,2020-04-27|Perth Western Australia AUSTRALIA,0.29276859938109767,-0.14677630505532052,0.028552344658524628,-0.029611870246959677,0.16654342331502395,0.027736711849487266,0.046190834796432594,2020-04-27,Perth Western Australia AUSTRALIA,Perth,Western Australia,AUSTRALIA,-31.950526899999996,115.8604572
666,2020-04-27|Perth? Margaret River District Western Australia AUSTRALIA,0.31926637548733494,-0.1848776762796528,0.02646864500532592,-0.02916327679968882,0.18879158716662398,0.03564226338489298,0.052361365223499386,2020-04-27,Perth? Margaret River District Western Australia AUSTRALIA,Perth? (Margaret River District),Western Australia,AUSTRALIA,-33.9610465,115.0767388
667,2020-04-27|Petersons Beach Sarina Queensland AUSTRALIA,0.9618297263626532,-1.1407657153010247,-0.07633420715902067,-0.009776151015332826,0.7952267130984674,0.6323855252253922,0.2650755710328225,2020-04-27,Petersons Beach Sarina Queensland AUSTRALIA,Peterson's Beach,Queensland,AUSTRALIA,-21.4137717,149.2243901
668,2020-04-27|Petrie Bight Brisbane River Queensland AUSTRALIA,0.9197599528791943,-0.6981712229324042,0.04804065451588647,0.06313766003097215,0.5500915104987523,0.30260066992279894,0.15879774083269124,2020-04-27,Petrie Bight Brisbane River Queensland AUSTRALIA,Petrie Bight,Queensland,AUSTRALIA,-27.466237800000002,153.0336145
669,2020-04-27|Phillip Island Victoria AUSTRALIA,0.7773402117777434,-0.6631010529058665,0.11161151911569732,0.2950373872237239,0.46529137032565143,0.21649605929952248,0.14029062668731732,2020-04-27,Phillip Island Victoria AUSTRALIA,Phillip Island,Victoria,AUSTRALIA,-38.4898703,145.20382780000003
670,2020-04-27|Pialba Beach near Maryborough Queensland AUSTRALIA,1.0788611890795095,-0.7861017995042238,0.12479272088608724,0.09708897637314742,0.6507168883915415,0.4234324688379699,0.19619852395839224,2020-04-27,Pialba Beach near Maryborough Queensland AUSTRALIA,Pialba Beach near Maryborough,Queensland,AUSTRALIA,-25.2782552,152.8379759
671,2020-04-27|Pialba Hervey Bay Queensland AUSTRALIA,1.0788611890795095,-0.7861017995042238,0.12479272088608724,0.09708897637314742,0.6507168883915415,0.4234324688379699,0.19619852395839224,2020-04-27,Pialba Hervey Bay Queensland AUSTRALIA,Pialba,Queensland,AUSTRALIA,-25.281299800000003,152.8294091
672,2020-04-27|Piccaninny Point 10 miles from Bicheno Tasmania AUSTRALIA,0.4506462850095403,-0.44213449689928574,0.048577762048954545,0.07338924797555102,0.2744413503847569,0.07531805480100892,0.07611633545537076,2020-04-27,Piccaninny Point 10 miles from Bicheno Tasmania AUSTRALIA,Piccaninny Point,Tasmania,AUSTRALIA,-41.8522419,148.25966830000002
673,2020-04-27|Pimpana River Queensland AUSTRALIA,0.6932950687078031,-0.4648547028900324,0.07664800761181194,0.0566601990279475,0.3874554617288608,0.15012173482352473,0.11184875756407427,2020-04-27,Pimpana River Queensland AUSTRALIA,Pimpana River,Queensland,AUSTRALIA,-27.8203377,153.38490019999998
674,2020-04-27|Pincushion north of Maroochydore Beach Queensland AUSTRALIA,0.6915655461758411,-0.4993694745239977,0.0761904017273621,0.08834188648001418,0.3917132788192451,0.15343929280332366,0.11307788348572105,2020-04-27,Pincushion north of Maroochydore Beach Queensland AUSTRALIA,Pincushion,Queensland,AUSTRALIA,-26.6476538,153.1031686
675,2020-04-27|Pioneer River near Mackay Queensland AUSTRALIA,0.7508394933266677,-0.9251470387969316,-0.029717050608366196,0.07393314284435083,0.6410498217593743,0.4109448739777255,0.21368327391979144,2020-04-27,Pioneer River near Mackay Queensland AUSTRALIA,Pioneer River near Mackay,Queensland,AUSTRALIA,-21.1455879,148.9558418
676,2020-04-27|Point Casuarina Bunbury Western Australia AUSTRALIA,0.31147513748180466,-0.21246610508220565,0.016730681844346906,-0.01230167459683055,0.1797814273889172,0.03232136163399651,0.05420613990214201,2020-04-27,Point Casuarina Bunbury Western Australia AUSTRALIA,Point Casuarina,Western Australia,AUSTRALIA,-33.3153009,115.63711090000001
677,2020-04-27|Point Cook Port Phillip Bay Victoria AUSTRALIA,0.2960058191803291,-0.3712421475669054,0.017540005276718278,0.03612121852599358,0.2502729013168697,0.06263652513356359,0.08848483283419509,2020-04-27,Point Cook Port Phillip Bay Victoria AUSTRALIA,Point Cook,Victoria,AUSTRALIA,-37.9178086,144.7477259
678,2020-04-27|Point Henry Victoria AUSTRALIA,0.3046163824885644,-0.3019652636715403,0.08368032073229241,0.16562176926240532,0.23598197621578088,0.055687493098705375,0.09633923837037653,2020-04-27,Point Henry Victoria AUSTRALIA,Point Henry,Victoria,AUSTRALIA,-38.1468463,144.4301958
679,2020-04-27|Point Lonsdale Victoria AUSTRALIA,1.0837384948928053,-0.9961402533727358,0.1300748712763914,0.1782438040154914,0.7098995298779124,0.503957342520881,0.21404276176861164,2020-04-27,Point Lonsdale Victoria AUSTRALIA,Point Lonsdale,Victoria,AUSTRALIA,-38.283333,144.6
680,2020-04-27|Point Lookout Stradbroke Island Queensland AUSTRALIA,0.6865486136967668,-0.4748516894384249,0.07667343840235862,0.06725456568756054,0.38382841122919636,0.14732424926672907,0.11080171827290146,2020-04-27,Point Lookout Stradbroke Island Queensland AUSTRALIA,Point Lookout,Queensland,AUSTRALIA,-27.434650800000004,153.5304523
681,2020-04-27|Point Lowly north of Whyalla South Australia AUSTRALIA,1.3446558970252713,-1.0402539818446088,0.17003879297422894,0.24225830776030746,0.7272766142787064,0.5289312736766982,0.2099466745145654,2020-04-27,Point Lowly north of Whyalla South Australia AUSTRALIA,Point Lowly,South Australia,AUSTRALIA,-32.999444,137.785278
682,2020-04-27|Point Plomer New South Wales AUSTRALIA,0.6754100380245522,-0.43487644090397715,0.07834773620939475,0.12121695252799665,0.3728426564984752,0.13901164650483996,0.10340794736041994,2020-04-27,Point Plomer New South Wales AUSTRALIA,Point Plomer,New South Wales,AUSTRALIA,-31.315232,152.97704109999998
683,2020-04-27|Point Sinclair Cactus Beach near Penong South Australia AUSTRALIA,0.7482542973176834,-0.5513180647118098,0.13275091997818364,0.2351136229342472,0.4577588444912616,0.209543159709975,0.1380194846949237,2020-04-27,Point Sinclair Cactus Beach near Penong South Australia AUSTRALIA,Point Sinclair,South Australia,AUSTRALIA,-32.0102589,132.98821940000002
684,2020-04-27|Point Sinclair Penong South Australia AUSTRALIA,0.7491913102697888,-0.5530494883819291,0.13183842999679668,0.2353824296734941,0.45876134734832313,0.21046197382084877,0.13832175067929936,2020-04-27,Point Sinclair Penong South Australia AUSTRALIA,(Point Sinclair) Penong,South Australia,AUSTRALIA,-32.106519899999995,132.97958
685,2020-04-27|Point Vernon Hervey Bay Queensland AUSTRALIA,1.0788611890795095,-0.7861017995042238,0.12479272088608724,0.09708897637314742,0.6507168883915415,0.4234324688379699,0.19619852395839224,2020-04-27,Point Vernon Hervey Bay Queensland AUSTRALIA,Point Vernon,Queensland,AUSTRALIA,-25.257124100000002,152.8176466
686,2020-04-27|Porpoise Pool Tweed Heads New South Wales AUSTRALIA,0.6908432047940499,-0.46022977634031764,0.07699489703401852,0.05899474449881116,0.3881767681499277,0.1506812033313227,0.11205698079225986,2020-04-27,Porpoise Pool Tweed Heads New South Wales AUSTRALIA,Porpoise Pool,New South Wales,AUSTRALIA,-28.170037,153.543026
687,2020-04-27|Port Augusta South Australia AUSTRALIA,1.4093382133976737,-1.2971567437122782,0.07815741803758715,0.1263010686242938,0.8244218620085544,0.6796714065576519,0.2379900919782257,2020-04-27,Port Augusta South Australia AUSTRALIA,Port Augusta,South Australia,AUSTRALIA,-32.495233899999995,137.78943940000002
688,2020-04-27|Port Campbell Victoria AUSTRALIA,0.5018147858863589,-0.49258772190600353,0.04808396009661166,0.009752022243869656,0.351795397584809,0.12376000176185384,0.11124747267324944,2020-04-27,Port Campbell Victoria AUSTRALIA,Port Campbell,Victoria,AUSTRALIA,-38.6191008,142.9961352
689,2020-04-27|Port Douglas Queensland AUSTRALIA,0.4057362298187144,-0.5457547962129209,-0.03267324735594672,0.04895453292744795,0.31730512357199225,0.10068254144503729,0.1003406903728678,2020-04-27,Port Douglas Queensland AUSTRALIA,Port Douglas,Queensland,AUSTRALIA,-16.483611,145.465278
690,2020-04-27|Port Germein South Australia AUSTRALIA,1.3502169680611942,-1.0799418247983592,0.14459979118835067,0.207870066625145,0.7391204633887878,0.5462990594000564,0.2133656992505388,2020-04-27,Port Germein South Australia AUSTRALIA,Port Germein,South Australia,AUSTRALIA,-33.0219965,138.0016436
691,2020-04-27|Port Hedland Western Australia AUSTRALIA,2.6184920380735583,-2.534865569622381,0.3814148125337653,1.0719724597145985,1.9460877777976482,3.7872576388933887,0.586767542550121,2020-04-27,Port Hedland Western Australia AUSTRALIA,Port Hedland,Western Australia,AUSTRALIA,-20.3839142,118.64837959999998
692,2020-04-27|Port Hughes South Australia AUSTRALIA,0.6494633414443383,-0.3217387738701815,0.05393915277841554,-0.14605588742499234,0.366635393782044,0.13442151197371446,0.10168636243700699,2020-04-27,Port Hughes South Australia AUSTRALIA,Port Hughes,South Australia,AUSTRALIA,-34.076111,137.546111
693,2020-04-27|Port Jackson New South Wales AUSTRALIA,0.6300803010871231,-0.4657548917338656,0.0633809838629394,0.08388338532091576,0.3555483355129545,0.12641461888603248,0.09861136573829474,2020-04-27,Port Jackson New South Wales AUSTRALIA,Port Jackson,New South Wales,AUSTRALIA,-33.8462182,151.2488616
694,2020-04-27|Port Jervis New South Wales AUSTRALIA,0.6112800205800213,-0.4704670658233851,0.0879679594584546,0.11979656265522937,0.34155524763435186,0.11665998718656341,0.09859850708241118,2020-04-27,Port Jervis New South Wales AUSTRALIA,Port Jervis,New South Wales,AUSTRALIA,-35.0480805,150.7446771
695,2020-04-27|Port Kennedy Beach Western Australia AUSTRALIA,0.290255901038089,-0.19576150696705316,0.023115753723283373,-0.02768689214105582,0.17451662187361108,0.030456051310176955,0.048402202198928095,2020-04-27,Port Kennedy Beach Western Australia AUSTRALIA,Port Kennedy Beach,Western Australia,AUSTRALIA,-32.3522464,115.7422946
696,2020-04-27|Port MacDonnel Victoria AUSTRALIA,0.4648382065292484,-0.3464730861429537,0.0786282781931878,-0.021479785189807178,0.28838128248556577,0.08316376408801969,0.09612709416185526,2020-04-27,Port MacDonnel Victoria AUSTRALIA,Port MacDonnel,Victoria,AUSTRALIA,-38.05249570000001,140.70019240000002
697,2020-04-27|Port Melbourne Victoria AUSTRALIA,0.2973884456262667,-0.37270458670100076,0.017067041385938758,0.03525425225568883,0.2518245475578678,0.06341560275272483,0.08903342262370127,2020-04-27,Port Melbourne Victoria AUSTRALIA,Port Melbourne,Victoria,AUSTRALIA,-37.83322329999999,144.9124697
698,2020-04-27|Port Newby South Australia AUSTRALIA,1.4093382133976737,-1.2971567437122782,0.07815741803758715,0.1263010686242938,0.8244218620085544,0.6796714065576519,0.2379900919782257,2020-04-27,Port Newby South Australia AUSTRALIA,Port Newby,South Australia,AUSTRALIA,-30.0002315,136.20915469999997
699,2020-04-27|Port Phillip Bay Port Melbourne Victoria AUSTRALIA,1.083734512800781,-0.9961361198381604,0.13007468716124182,0.17824544782061755,0.7098982399870257,0.5039555111366767,0.21404237285187605,2020-04-27,Port Phillip Bay Port Melbourne Victoria AUSTRALIA,Port Phillip Bay,Victoria,AUSTRALIA,-38.3,144.6333333
700,2020-04-27|Port Phillip Bay South Australia AUSTRALIA,0.2963150252739348,-0.3619736476845668,0.020426445229083948,0.033904247285320786,0.24487437309314267,0.05996345859775964,0.08657616487648291,2020-04-27,Port Phillip Bay South Australia AUSTRALIA,Port Phillip Bay,South Australia,AUSTRALIA,-38.173206,144.8731219
701,2020-04-27|Port Phillip Bay Victoria AUSTRALIA,0.2963150252739348,-0.3619736476845668,0.020426445229083948,0.033904247285320786,0.24487437309314267,0.05996345859775964,0.08657616487648291,2020-04-27,Port Phillip Bay Victoria AUSTRALIA,Port Phillip Bay,Victoria,AUSTRALIA,-38.173206,144.8731219
702,2020-04-27|Port Phillip South Australia AUSTRALIA,0.29738872892724355,-0.3727048207204999,0.017064987605028642,0.035248484786120124,0.25182481214689134,0.06341573601281711,0.08903351617004766,2020-04-27,Port Phillip South Australia AUSTRALIA,Port Phillip,South Australia,AUSTRALIA,-37.84649829999999,144.9666905
703,2020-04-27|Port Phillip Victoria AUSTRALIA,0.2973888917784886,-0.3727049552534259,0.017064521702984423,0.03524802721311211,0.2518247771380205,0.06341571838061369,0.08903350379254267,2020-04-27,Port Phillip Victoria AUSTRALIA,Port Phillip,Victoria,AUSTRALIA,-37.84649829999999,144.9666905
704,2020-04-27|Port Pirie Spencer Gulf 230 km north of Adelaide South Australia AUSTRALIA,1.331619723913169,-1.0603249107632957,0.14016485698839143,0.2003657658877041,0.7268643073020395,0.5283317212296738,0.20982765174258172,2020-04-27,Port Pirie Spencer Gulf 230 km north of Adelaide South Australia AUSTRALIA,Port Pirie,South Australia,AUSTRALIA,-33.1708294,138.00885669999997
705,2020-04-27|Port River Adelaide South Australia AUSTRALIA,1.342968622610144,-1.1689639907343483,0.09087602809243002,0.268459031282034,0.8435440459774798,0.7115665575040565,0.23395702391416587,2020-04-27,Port River Adelaide South Australia AUSTRALIA,Port River,South Australia,AUSTRALIA,-34.7617799,138.51011
706,2020-04-27|Port Wakefield South Australia AUSTRALIA,1.539053887929488,-1.4227031315340677,0.10402164163994293,0.3448766452100202,1.0034660779741682,1.0069441696448596,0.2783114151788161,2020-04-27,Port Wakefield South Australia AUSTRALIA,Port Wakefield,South Australia,AUSTRALIA,-34.183333000000005,138.15
707,2020-04-27|Portarlington Victoria AUSTRALIA,0.3019148596500602,-0.38151181760756736,0.013784770688036584,0.03112180853544123,0.2555708807889788,0.06531647510725444,0.09035795143985283,2020-04-27,Portarlington Victoria AUSTRALIA,Portarlington,Victoria,AUSTRALIA,-38.116667,144.65
708,2020-04-27|Portland Victoria AUSTRALIA,0.4626820046520651,-0.35094633585997587,0.08274658865857855,-0.018556818041663363,0.28735405088413146,0.08257235055952002,0.09578468362804382,2020-04-27,Portland Victoria AUSTRALIA,Portland,Victoria,AUSTRALIA,-38.360895,141.6041155
709,2020-04-27|Portsea Beach near Melbourne Victoria AUSTRALIA,0.8479728607074497,-0.8053969746578655,0.07847366270979535,0.07874531912428599,0.5593232797240958,0.3128425312413191,0.16864231412325673,2020-04-27,Portsea Beach near Melbourne Victoria AUSTRALIA,Portsea Beach,Victoria,AUSTRALIA,-38.3339592,144.7019091
710,2020-04-27|Portsea Beach near entrance to Port Phillip Bay Victoria AUSTRALIA,0.847975943288932,-0.8054008440591632,0.07847248830600505,0.07874227100695774,0.5593243832142157,0.31284376565796285,0.1686426468380465,2020-04-27,Portsea Beach near entrance to Port Phillip Bay Victoria AUSTRALIA,Portsea Beach,Victoria,AUSTRALIA,-38.3339592,144.7019091
711,2020-04-27|Princess Royal Harbor near King George’s Sound Western Australia AUSTRALIA,0.37043678969506977,-0.1621321363532219,0.06986215195306875,0.01815734778851381,0.208211612928841,0.04335207575842951,0.06584229321524995,2020-04-27,Princess Royal Harbor near King George’s Sound Western Australia AUSTRALIA,Princess Royal Harbor,Western Australia,AUSTRALIA,-35.0458333,117.9733333
712,2020-04-27|Pyramids Beach Mandurah Western Australia AUSTRALIA,0.28967614839027334,-0.19708656227029125,0.025118444774104156,-0.022835458167551902,0.17520508031305454,0.030696820167503896,0.048593146214654194,2020-04-27,Pyramids Beach Mandurah Western Australia AUSTRALIA,Pyramids Beach,Western Australia,AUSTRALIA,-32.603604100000005,115.6304031
713,2020-04-27|Pyramids Beach Port Bouvard Western Australia AUSTRALIA,0.2896825681922202,-0.19706663319489034,0.025121000915129144,-0.02283424826452869,0.1752072366035312,0.030697575758245766,0.048593744262029455,2020-04-27,Pyramids Beach Port Bouvard Western Australia AUSTRALIA,Pyramids Beach,Western Australia,AUSTRALIA,-32.603604100000005,115.6304031
714,2020-04-27|Pyramids Beach Western Australia AUSTRALIA,0.2896825681922202,-0.19706663319489034,0.025121000915129144,-0.02283424826452869,0.1752072366035312,0.030697575758245766,0.048593744262029455,2020-04-27,Pyramids Beach Western Australia AUSTRALIA,Pyramids Beach,Western Australia,AUSTRALIA,-32.603604100000005,115.6304031
715,2020-04-27|Queenscliff New South Wales AUSTRALIA,0.6315366385490997,-0.46545771684099535,0.06385618783422184,0.08454662727656016,0.3561201971588452,0.12682159482445476,0.09876997162188936,2020-04-27,Queenscliff New South Wales AUSTRALIA,Queenscliff,New South Wales,AUSTRALIA,-33.7825,151.284722
716,2020-04-27|Queenscliff Sydney New South Wales AUSTRALIA,0.631547634252078,-0.46545674269883275,0.06385998391498239,0.0845509403181743,0.3561251023915326,0.12682508855337957,0.09877133208865647,2020-04-27,Queenscliff Sydney New South Wales AUSTRALIA,Queenscliff,New South Wales,AUSTRALIA,-33.7825,151.284722
717,2020-04-27|Queenscliff Victoria AUSTRALIA,1.0837384948928053,-0.9961402533727358,0.1300748712763914,0.1782438040154914,0.7098995298779124,0.503957342520881,0.21404276176861164,2020-04-27,Queenscliff Victoria AUSTRALIA,Queenscliff,Victoria,AUSTRALIA,-38.2677746,144.6286897
718,2020-04-27|Quinn’s Rocks south of Yanchep Western Australia AUSTRALIA,0.2919809945208075,-0.14677202844343173,0.029370829605412672,-0.027563007361098478,0.1652266287621104,0.02729983885209224,0.04582562169798786,2020-04-27,Quinn’s Rocks south of Yanchep Western Australia AUSTRALIA,Quinn’s Rocks,Western Australia,AUSTRALIA,-31.660517499999997,115.6959328
719,2020-04-27|Ralph Bay Tasmania AUSTRALIA,0.3613552240960209,-0.38645076244565724,0.06281806769041383,0.08933584934598868,0.23054429931945652,0.05315067394869916,0.061615555751947645,2020-04-27,Ralph Bay Tasmania AUSTRALIA,Ralph Bay,Tasmania,AUSTRALIA,-42.97,147.43
720,2020-04-27|Red Bluff near Quobba Station Western Australia AUSTRALIA,0.5232657900667633,-0.47811273032496593,0.09199980106995134,0.17168762139838056,0.3179262814832525,0.10107712045776833,0.09585838060662402,2020-04-27,Red Bluff near Quobba Station Western Australia AUSTRALIA,Red Bluff near Quobba Station,Western Australia,AUSTRALIA,-24.05,113.4
721,2020-04-27|Red Bluffs Western Australia AUSTRALIA,4.973382553230685,-3.232133398455898,1.5145771622508921,1.4156148790499412,2.966564626809946,8.800505685040035,0.9888548756033154,2020-04-27,Red Bluffs Western Australia AUSTRALIA,Red Bluffs,Western Australia,AUSTRALIA,-18.8,126.46666670000002
722,2020-04-27|Redgate Beach Western Australia AUSTRALIA,0.32185493329671594,-0.1872285261075097,0.025267365756038045,-0.03142290767058848,0.19058831264564027,0.03632390491711232,0.05285968721138599,2020-04-27,Redgate Beach Western Australia AUSTRALIA,Redgate Beach,Western Australia,AUSTRALIA,-34.039174700000004,114.99853700000001
723,2020-04-27|Redhead Beach New South Wales AUSTRALIA,0.6496839492875129,-0.46460280823099753,0.06984908604467568,0.09740104299402375,0.3646430826227303,0.13296457770460732,0.10113379474150047,2020-04-27,Redhead Beach New South Wales AUSTRALIA,Redhead Beach,New South Wales,AUSTRALIA,-33.0204805,151.70915119999998
724,2020-04-27|Redhead Beach Newcastle New South Wales AUSTRALIA,0.6496734925977252,-0.4646042800759843,0.0698450297816285,0.09739381262242106,0.36463807402261383,0.13296092502692122,0.10113240560576676,2020-04-27,Redhead Beach Newcastle New South Wales AUSTRALIA,Redhead Beach,New South Wales,AUSTRALIA,-33.0204805,151.70915119999998
725,2020-04-27|Rib Reef off Townsville Queensland AUSTRALIA,0.5043113270238802,-0.6191601985805768,-0.028334810371803132,0.017412812160328826,0.33595058215179974,0.11286279364813315,0.09698057951987654,2020-04-27,Rib Reef off Townsville Queensland AUSTRALIA,Rib Reef off Townsville,Queensland,AUSTRALIA,-18.481090899999998,146.8713315
726,2020-04-27|Riecks Point Campbell’s Beach New South Wales AUSTRALIA,0.6802928845384567,-0.44075003992926454,0.07791261509209177,0.13125236950456676,0.37634624333691513,0.14163649487380853,0.10437966751380733,2020-04-27,Riecks Point Campbell’s Beach New South Wales AUSTRALIA,Riecks Point,New South Wales,AUSTRALIA,-30.2379185,153.15217619999999
727,2020-04-27|Roe Reef off Rottnest Island Western Australia AUSTRALIA,0.2901839232926805,-0.14631032341138842,0.030348180958797915,-0.02583416949629121,0.16539715757193407,0.027356219732875192,0.04587291788012349,2020-04-27,Roe Reef off Rottnest Island Western Australia AUSTRALIA,Roe Reef off Rottnest Island,Western Australia,AUSTRALIA,-31.9791667,115.53333329999998
728,2020-04-27|Rosebud Victoria AUSTRALIA,0.2959327610778989,-0.362053115680191,0.04890196842007189,0.12877505211516962,0.22780003252792225,0.05189285481972243,0.07203669538486786,2020-04-27,Rosebud Victoria AUSTRALIA,Rosebud,Victoria,AUSTRALIA,-38.356,144.918
729,2020-04-27|Ross Creek Queensland AUSTRALIA,0.6908953272829252,-0.4980655578502938,0.0783255381240331,0.08919179062308594,0.39003636484401955,0.15212836590073714,0.11259380011821889,2020-04-27,Ross Creek Queensland AUSTRALIA,Ross Creek,Queensland,AUSTRALIA,-26.0970062,152.7500251
730,2020-04-27|Ross River Townsville Queensland AUSTRALIA,0.5556672047914237,-0.5604336393871582,0.01738341880657267,0.0353550387456229,0.3153142193517792,0.09942305692542194,0.09507081424124285,2020-04-27,Ross River Townsville Queensland AUSTRALIA,Ross River,Queensland,AUSTRALIA,-19.4006854,146.7329811
731,2020-04-27|Rothesay Bay Queensland AUSTRALIA,0.6932950687078031,-0.4648547028900324,0.07664800761181194,0.0566601990279475,0.3874554617288608,0.15012173482352473,0.11184875756407427,2020-04-27,Rothesay Bay Queensland AUSTRALIA,Rothesay Bay,Queensland,AUSTRALIA,-27.6733333,153.37444440000002
732,2020-04-27|Rottnest Island Western Australia AUSTRALIA,0.2897451722661068,-0.14663672528348295,0.030841435561001815,-0.024745339665981546,0.165297585550924,0.027323291788965042,0.045845301570327075,2020-04-27,Rottnest Island Western Australia AUSTRALIA,Rottnest Island,Western Australia,AUSTRALIA,-32.0063677,115.5073002
733,2020-04-27|Rubbish Dump Creek Mackay Queensland AUSTRALIA,0.8739304392631863,-1.020071565568133,-0.03427787599169087,0.04216533418709714,0.7241744405472721,0.5244286203419545,0.24139148018242404,2020-04-27,Rubbish Dump Creek Mackay Queensland AUSTRALIA,Rubbish Dump Creek,Queensland,AUSTRALIA,-21.1424956,149.1821469
734,2020-04-27|Rudder Reef Queensland AUSTRALIA,0.405047142704177,-0.5402946321743797,-0.032387040698383746,0.011318341626993618,0.2953294733489344,0.08721949782855894,0.08904518660288002,2020-04-27,Rudder Reef Queensland AUSTRALIA,Rudder Reef,Queensland,AUSTRALIA,-16.1906218,145.6990989
735,2020-04-27|Russel Island Frankland Group Queensland AUSTRALIA,0.4234633416015668,-0.5508820908608199,-0.03282183019352953,0.03565974835604463,0.3251656500195082,0.10573269995260931,0.10282640709108204,2020-04-27,Russel Island Frankland Group Queensland AUSTRALIA,Russel Island,Queensland,AUSTRALIA,-17.2291545,146.09400219999998
736,2020-04-27|Ryde Sydney Estuary New South Wales AUSTRALIA,0.6315376362736688,-0.465458366516061,0.06385605715113238,0.0845437523152989,0.3561202751447366,0.1268216503691629,0.098769993251284,2020-04-27,Ryde Sydney Estuary New South Wales AUSTRALIA,Ryde,New South Wales,AUSTRALIA,-33.815746600000004,151.1030164
737,2020-04-27|Safety Cove Tasmania AUSTRALIA,0.36421247458214223,-0.36410712633441195,0.06053958548734388,0.08533322440662434,0.22660951849906452,0.05135187387437787,0.06285017218896789,2020-04-27,Safety Cove Tasmania AUSTRALIA,Safety Cove,Tasmania,AUSTRALIA,-43.1625907,147.8547571
738,2020-04-27|Sailor Bay Middle Harbour Sydney New South Wales AUSTRALIA,0.6315376362736688,-0.465458366516061,0.06385605715113238,0.0845437523152989,0.3561202751447366,0.1268216503691629,0.098769993251284,2020-04-27,Sailor Bay Middle Harbour Sydney New South Wales AUSTRALIA,Sailor Bay,New South Wales,AUSTRALIA,-33.8035561,151.2270015
739,2020-04-27|Saltwater Beach New South Wales AUSTRALIA,0.670979924291031,-0.453505918833297,0.07526200699464021,0.10889872655192134,0.3725622843882745,0.13880265574860953,0.10333018612814775,2020-04-27,Saltwater Beach New South Wales AUSTRALIA,Saltwater Beach,New South Wales,AUSTRALIA,-32.010831800000005,152.5628989
740,2020-04-27|Sams Creek area Westerm Australia AUSTRALIA,2.1419863317399863,-1.5460879896684665,0.5673270688881209,0.9941481044221532,1.417846542812764,2.010288818966107,0.4483624447883773,2020-04-27,Sams Creek area Westerm Australia AUSTRALIA,Sam's Creek area,Western Australia,AUSTRALIA,-20.6223242,117.1836798
741,2020-04-27|Samurai Beach New South Wales AUSTRALIA,0.6524657371088484,-0.46238768391001644,0.07022180640514,0.10017725545201682,0.3658228173520234,0.13382633369537186,0.10146099428441677,2020-04-27,Samurai Beach New South Wales AUSTRALIA,Samurai Beach,New South Wales,AUSTRALIA,-32.7673021,152.1244595
742,2020-04-27|Sandbar Beach New South Wales AUSTRALIA,0.6641073273953583,-0.45668489104182947,0.0740845233246123,0.1032898798227705,0.3693833240123236,0.13644404005839325,0.10244850115598166,2020-04-27,Sandbar Beach New South Wales AUSTRALIA,Sandbar Beach,New South Wales,AUSTRALIA,-32.387195,152.5226878
743,2020-04-27|Sandgate Jetty Brisbane Queensland AUSTRALIA,0.881089374810061,-0.6187016484876403,0.08643280484659425,0.11566719914560444,0.5050430939694553,0.2550685267662401,0.14579338312781326,2020-04-27,Sandgate Jetty Brisbane Queensland AUSTRALIA,Sandgate Jetty,Queensland,AUSTRALIA,-27.322671000000003,153.0844173
744,2020-04-27|Sandon New South Wales AUSTRALIA,0.6856143225087492,-0.4443031132099122,0.08199475899247861,0.1355957550591104,0.37769037103355707,0.142650016371466,0.10475246146234686,2020-04-27,Sandon New South Wales AUSTRALIA,Sandon,New South Wales,AUSTRALIA,-29.689362699999997,153.3130678
745,2020-04-27|Sandringham Victoria AUSTRALIA,0.2994055280553088,-0.3733871048430006,0.01760791111654279,0.03441787506655806,0.25274087033291603,0.06387794753663988,0.08935739164769742,2020-04-27,Sandringham Victoria AUSTRALIA,Sandringham,Victoria,AUSTRALIA,-37.9525,145.012311
746,2020-04-27|Scarborough Beach Perth Western Australia AUSTRALIA,0.29264072610842906,-0.14661517420982198,0.02885537868736549,-0.02900177204768482,0.16615239807703286,0.027606619386748795,0.04608238390831126,2020-04-27,Scarborough Beach Perth Western Australia AUSTRALIA,Scarborough Beach,Western Australia,AUSTRALIA,-31.893518100000005,115.7548947
747,2020-04-27|Scarborough Western Australia AUSTRALIA,0.29264072610842906,-0.14661517420982198,0.02885537868736549,-0.02900177204768482,0.16615239807703286,0.027606619386748795,0.04608238390831126,2020-04-27,Scarborough Western Australia AUSTRALIA,Scarborough,Western Australia,AUSTRALIA,-31.8980316,115.7715973
748,2020-04-27|Schnapper Rock Kirton Point South Australia AUSTRALIA,0.7139871806923581,-0.4619431246193461,0.11551777626686421,0.08549968888515601,0.37686433158853466,0.142026724423673,0.11362887134065924,2020-04-27,Schnapper Rock Kirton Point South Australia AUSTRALIA,Schnapper Rock,South Australia,AUSTRALIA,-34.7207199,135.87936000000002
749,2020-04-27|Scotts Head New South Wales AUSTRALIA,0.6764349556378961,-0.431650481767649,0.07891426716750728,0.12831257036327254,0.3736489580090917,0.13961354382128,0.10363157516349779,2020-04-27,Scotts Head New South Wales AUSTRALIA,Scotts Head,New South Wales,AUSTRALIA,-30.7492859,152.9941554
750,2020-04-27|Scotts Point Beach Queensland AUSTRALIA,0.881096999357053,-0.6187044457801097,0.08643489810495748,0.11566815885438925,0.5050470726941048,0.25507254563688436,0.14579453168668693,2020-04-27,Scotts Point Beach Queensland AUSTRALIA,Scotts Point Beach,Queensland,AUSTRALIA,-27.2521951,153.10984
751,2020-04-27|Scott’s Point Redcliffe Peninsula Queensland AUSTRALIA,0.881089374810061,-0.6187016484876403,0.08643280484659425,0.11566719914560444,0.5050430939694553,0.2550685267662401,0.14579338312781326,2020-04-27,Scott’s Point Redcliffe Peninsula Queensland AUSTRALIA,Scott’s Point,Queensland,AUSTRALIA,-27.2521951,153.10984
752,2020-04-27|SeaWorld Theme Park Queensland AUSTRALIA,0.6931353280720509,-0.46386526339180545,0.07715630362464596,0.05880311383443817,0.38841699255741463,0.15086776010734668,0.11212632760542411,2020-04-27,SeaWorld Theme Park Queensland AUSTRALIA,SeaWorld Theme Park,Queensland,AUSTRALIA,-27.9572417,153.42551609999998
753,2020-04-27|Seaforth River near MacKay Queensland AUSTRALIA,0.8739202415630897,-1.0200693576495552,-0.03428275303747759,0.04216144418539144,0.7241682192814862,0.5244196098173187,0.24138940642716208,2020-04-27,Seaforth River near MacKay Queensland AUSTRALIA,Seaforth River,Queensland,AUSTRALIA,-21.1389425,149.182769
754,2020-04-27|Seaholme Victoria AUSTRALIA,0.2960058191803291,-0.3712421475669054,0.017540005276718278,0.03612121852599358,0.2502729013168697,0.06263652513356359,0.08848483283419509,2020-04-27,Seaholme Victoria AUSTRALIA,Seaholme,Victoria,AUSTRALIA,-37.868,144.841
755,2020-04-27|Seal Rocks New South Wales AUSTRALIA,0.6609208892480517,-0.45721149359194563,0.07334314663303385,0.1019216559985503,0.36806252545746554,0.13547002264612748,0.10208217754720476,2020-04-27,Seal Rocks New South Wales AUSTRALIA,Seal Rocks,New South Wales,AUSTRALIA,-32.4353409,152.525707
756,2020-04-27|Seal Rocks Phillip Island Victoria AUSTRALIA,1.1196632350568696,-1.0913781957153768,0.08149413938329025,0.1085662693563021,0.7466513550906552,0.5574882460587116,0.22512385400419269,2020-04-27,Seal Rocks Phillip Island Victoria AUSTRALIA,Seal Rocks,Victoria,AUSTRALIA,-38.5258967,145.09982109999999
757,2020-04-27|Seal Rocks north of Newcastle New South Wales AUSTRALIA,0.6609097512750023,-0.4572128285002509,0.07333895468817128,0.10191448886488515,0.3680573924336911,0.1354662441250881,0.10208075390255732,2020-04-27,Seal Rocks north of Newcastle New South Wales AUSTRALIA,Seal Rocks,New South Wales,AUSTRALIA,-32.4353409,152.525707
758,2020-04-27|Seaspray near Sale New South Wales AUSTRALIA,0.22023495068907553,-0.34191899621836586,0.017785159806171673,0.08450738734876234,0.2095836881760984,0.04392532234949605,0.06627618150549716,2020-04-27,Seaspray near Sale New South Wales AUSTRALIA,Seaspray,New South Wales,AUSTRALIA,-38.293634499999996,147.14676930000002
759,2020-04-27|Second Valley South Australia AUSTRALIA,0.9537432615304242,-0.7503120918392483,0.017094051256270584,-0.010148900023678659,0.5652213252554424,0.3194751465235186,0.1510617533431559,2020-04-27,Second Valley South Australia AUSTRALIA,Second Valley,South Australia,AUSTRALIA,-35.5367772,138.2322002
760,2020-04-27|Semaphore South Australia AUSTRALIA,1.3248476577474628,-1.1453971887020031,0.0880996444654746,0.2561854137862439,0.8291661734407458,0.687516543178369,0.22996931955545205,2020-04-27,Semaphore South Australia AUSTRALIA,Semaphore,South Australia,AUSTRALIA,-34.838889,138.48388899999998
761,2020-04-27|Seven Mile Beach Byron Bay New South Wales AUSTRALIA,0.6906146007229941,-0.4609974161318518,0.07257597446607034,0.05550462566354891,0.3899539438563125,0.15206407832909213,0.11257000722849912,2020-04-27,Seven Mile Beach Byron Bay New South Wales AUSTRALIA,Seven Mile Beach,New South Wales,AUSTRALIA,-28.7186968,153.6118865
762,2020-04-27|Seven Mile Beach Gerroa New South Wales AUSTRALIA,0.6172100093649017,-0.4708968057534195,0.057264481300539696,0.07049521796367438,0.35018076633473844,0.12262656911078468,0.09712266990009026,2020-04-27,Seven Mile Beach Gerroa New South Wales AUSTRALIA,Seven Mile Beach,New South Wales,AUSTRALIA,-34.7699,150.813133
763,2020-04-27|Seven Shillings Beach Middle Harbor Sydney Estuary New South Wales AUSTRALIA,0.6300794735024158,-0.465754349819125,0.06338109026264852,0.0838857659480076,0.3555482701230708,0.1264145723875081,0.09861134760240407,2020-04-27,Seven Shillings Beach Middle Harbor Sydney Estuary New South Wales AUSTRALIA,Seven Shillings Beach,New South Wales,AUSTRALIA,-33.871820299999996,151.24781399999998
764,2020-04-27|Shark Bay Western Australia AUSTRALIA,0.48978404477142945,-0.32497153320580535,0.0861285212627041,0.027078652312860926,0.2544006031182947,0.06471966686695209,0.0734391283461753,2020-04-27,Shark Bay Western Australia AUSTRALIA,Shark Bay,Western Australia,AUSTRALIA,-25.7834193,113.2987712
765,2020-04-27|Sharks Bay Western Australia AUSTRALIA,0.48978256170515483,-0.3249697150737331,0.08612815810999543,0.027080185232506597,0.25439930332898925,0.06471900553427509,0.0734387531293226,2020-04-27,Sharks Bay Western Australia AUSTRALIA,Sharks Bay,Western Australia,AUSTRALIA,-25.7834193,113.2987712
766,2020-04-27|Sharpes Beach Ballina New South Wales AUSTRALIA,0.6914414474528141,-0.4577167460098616,0.0706931279945326,0.049765044441595706,0.3904952238348331,0.15248651983781641,0.11272626129915203,2020-04-27,Sharpes Beach Ballina New South Wales AUSTRALIA,Sharpes Beach,New South Wales,AUSTRALIA,-28.8338657,153.60514990000001
767,2020-04-27|Shellharbour New South Wales AUSTRALIA,0.618479387662831,-0.4700831342991837,0.05799260306296899,0.07183055684990682,0.3506131674635123,0.12292959319879693,0.0972425963955797,2020-04-27,Shellharbour New South Wales AUSTRALIA,Shellharbour,New South Wales,AUSTRALIA,-34.583333,150.866667
768,2020-04-27|Shelly Beach Ballina New South Wales AUSTRALIA,0.6914969883431584,-0.4572062167070613,0.07055476269692766,0.04954389704010087,0.3907867428689451,0.152714278402119,0.11281041559556126,2020-04-27,Shelly Beach Ballina New South Wales AUSTRALIA,Shelly Beach,New South Wales,AUSTRALIA,-28.863228499999998,153.59435119999998
769,2020-04-27|Shelly Beach Crescent Head New South Wales AUSTRALIA,0.6403183297465384,-0.46567429656248066,0.06722422763540131,0.08963358344583876,0.3600652422425481,0.12964697867118485,0.09986413026291305,2020-04-27,Shelly Beach Crescent Head New South Wales AUSTRALIA,Shelly Beach,New South Wales,AUSTRALIA,-33.3699595,151.4858695
770,2020-04-27|Shelly Beach New South Wales AUSTRALIA,0.6403183297465384,-0.46567429656248066,0.06722422763540131,0.08963358344583876,0.3600652422425481,0.12964697867118485,0.09986413026291305,2020-04-27,Shelly Beach New South Wales AUSTRALIA,Shelly Beach,New South Wales,AUSTRALIA,-33.3699595,151.4858695
771,2020-04-27|Shelly Beach near Port Macquarie New South Wales AUSTRALIA,0.6759857983783256,-0.4396776556349442,0.07769195459944116,0.11653457720031657,0.37313316565943033,0.13922835931502786,0.10348852010471347,2020-04-27,Shelly Beach near Port Macquarie New South Wales AUSTRALIA,Shelly Beach,New South Wales,AUSTRALIA,-31.454032399999996,152.93144080000002
772,2020-04-27|Shelly Point Tasmania AUSTRALIA,0.47183095145689424,-0.4515605239557602,0.05151882761588739,0.09250279375731035,0.2820067678061441,0.07952781708846847,0.07821460471945538,2020-04-27,Shelly Point Tasmania AUSTRALIA,Shelly Point,Tasmania,AUSTRALIA,-41.43509279999999,148.2769946
773,2020-04-27|Ships Graveyard off Point Lonsdale Victoria AUSTRALIA,1.0837384948928053,-0.9961402533727358,0.1300748712763914,0.1782438040154914,0.7098995298779124,0.503957342520881,0.21404276176861164,2020-04-27,Ships Graveyard off Point Lonsdale Victoria AUSTRALIA,Ship's Graveyard off Point Lonsdale,Victoria,AUSTRALIA,-38.283333,144.6
774,2020-04-27|Shipwreck Cove Melbourne Aquarium Victoria AUSTRALIA,0.29738929625799,-0.3727052894406075,0.017063365458550125,0.035246891511632905,0.25182469051452233,0.06341567475273496,0.0890334731665112,2020-04-27,Shipwreck Cove Melbourne Aquarium Victoria AUSTRALIA,Shipwreck Cove,Victoria,AUSTRALIA,-37.820629499999995,144.95821750000002
775,2020-04-27|Shoalhaven New South Wales AUSTRALIA,0.6007581148846729,-0.4727256658977824,0.08223711421745072,0.11216712036760092,0.33861312700811597,0.11465884978221447,0.09774919001463835,2020-04-27,Shoalhaven New South Wales AUSTRALIA,Shoalhaven,New South Wales,AUSTRALIA,-35.081067700000006,150.48922919999998
776,2020-04-27|Sirius Cove Sydney Harbor New South Wales AUSTRALIA,0.6315367930330574,-0.46545781744087855,0.06385616758211564,0.08454618203047634,0.35612020922077553,0.12682160341544893,0.09876997496726692,2020-04-27,Sirius Cove Sydney Harbor New South Wales AUSTRALIA,Sirius Cove,New South Wales,AUSTRALIA,-33.8375951,151.2402351
777,2020-04-27|Smelting Works Bay near Hobart Tasmania AUSTRALIA,0.3611747403835797,-0.38609038526844414,0.06286113937295204,0.08898542717021535,0.2304628506678692,0.05311312553796058,0.06159378768417233,2020-04-27,Smelting Works Bay near Hobart Tasmania AUSTRALIA,Smelting Works Bay near Hobart,Tasmania,AUSTRALIA,-42.8821377,147.3271949
778,2020-04-27|Smiths New South Wales AUSTRALIA,0.6355108740512087,-0.466490018957509,0.0654984059529277,0.08663097192323141,0.3580336639325729,0.12818810450898258,0.09930067181931797,2020-04-27,Smiths New South Wales AUSTRALIA,Smiths,New South Wales,AUSTRALIA,-31.2532183,146.921099
779,2020-04-27|Smokey Cape New South Wales AUSTRALIA,0.6757002372618429,-0.4301965908855466,0.0783735089202389,0.12655293321252387,0.3733154807241886,0.13936444814833202,0.10353908520581158,2020-04-27,Smokey Cape New South Wales AUSTRALIA,Smokey Cape,New South Wales,AUSTRALIA,-30.9237156,153.0888272
780,2020-04-27|Smoky Bay near Ceduna on the Eyre Peninsula South Australia AUSTRALIA,0.7928789074661887,-0.6139623029217902,0.11261345280274156,0.24396058342892535,0.4958110912978355,0.24582863825395057,0.1494926687937787,2020-04-27,Smoky Bay near Ceduna on the Eyre Peninsula South Australia AUSTRALIA,Smoky Bay,South Australia,AUSTRALIA,-32.37340089999999,133.93568009999998
781,2020-04-27|Snapper Point Aldinga Beach Adelaide South Australia AUSTRALIA,1.1161238641289013,-0.9119513322035679,0.029708454636605226,0.011969101902533572,0.6782595187773905,0.4600359748121374,0.18127248132736873,2020-04-27,Snapper Point Aldinga Beach Adelaide South Australia AUSTRALIA,Snapper Point,South Australia,AUSTRALIA,-35.2711799,138.44391000000002
782,2020-04-27|Sorrento Back Beach Victoria AUSTRALIA,1.0853559191732995,-1.0040380132553068,0.12666283037171122,0.16695804649683915,0.7050479797548242,0.49709265375635914,0.21257996436771293,2020-04-27,Sorrento Back Beach Victoria AUSTRALIA,Sorrento Back Beach,Victoria,AUSTRALIA,-38.346817,144.72833219999998
783,2020-04-27|South Broulee New South Wales AUSTRALIA,0.5923177341581427,-0.4753400160128788,0.07727319785828261,0.10524806851424046,0.3363236167669902,0.1131135751952293,0.09708826533762517,2020-04-27,South Broulee New South Wales AUSTRALIA,South Broulee,New South Wales,AUSTRALIA,-35.845428399999996,150.1694166
784,2020-04-27|South Bruny Island Western Australia AUSTRALIA,0.28684436162112836,-0.37269813293637655,0.06540959627611105,0.157256476010799,0.20822745135490345,0.043358671497758676,0.05205686283872586,2020-04-27,South Bruny Island Western Australia AUSTRALIA,South Bruny Island,Western Australia,AUSTRALIA,-43.3937074,147.2679116
785,2020-04-27|South Cape Bay Tasmania AUSTRALIA,0.25933923270675435,-0.315839890973266,0.02531701920000608,0.07154282103826098,0.21855760937005464,0.047767428613553396,0.07285253645668488,2020-04-27,South Cape Bay Tasmania AUSTRALIA,South Cape Bay,Tasmania,AUSTRALIA,-43.63,146.79
786,2020-04-27|South Coast New South Wales AUSTRALIA,0.5831614714779031,-0.47210037309910313,0.07203111860140853,0.09749426935620867,0.3319770671458252,0.11020877311074373,0.09583352454071233,2020-04-27,South Coast New South Wales AUSTRALIA,South Coast,New South Wales,AUSTRALIA,-36.6806101,149.65644939999999
787,2020-04-27|South Cronulla New South Wales AUSTRALIA,0.6249671730309879,-0.46709272963858944,0.06045886200096287,0.0791652132392619,0.35344946636176955,0.12492652527141968,0.09802924417328805,2020-04-27,South Cronulla New South Wales AUSTRALIA,South Cronulla,New South Wales,AUSTRALIA,-34.05744,151.15219
788,2020-04-27|South Golden Beach New South Wales AUSTRALIA,0.6872661610249707,-0.4603311783456409,0.07413589303235735,0.05871059208321214,0.38762235023877195,0.15025108640462917,0.1118969341271352,2020-04-27,South Golden Beach New South Wales AUSTRALIA,South Golden Beach,New South Wales,AUSTRALIA,-28.4981216,153.54709450000001
789,2020-04-27|South Head Sydney New South Wales AUSTRALIA,0.6315376362736688,-0.465458366516061,0.06385605715113238,0.0845437523152989,0.3561202751447366,0.1268216503691629,0.098769993251284,2020-04-27,South Head Sydney New South Wales AUSTRALIA,South Head,New South Wales,AUSTRALIA,-33.8332187,151.28042580000002
790,2020-04-27|South Narrabeen Beach New South Wales AUSTRALIA,0.6343678596036096,-0.4662644135215057,0.06498186253168267,0.08621928938688891,0.3575323459906958,0.1278293784296106,0.09916163123895273,2020-04-27,South Narrabeen Beach New South Wales AUSTRALIA,South Narrabeen Beach,New South Wales,AUSTRALIA,-33.709542299999995,151.3033826
791,2020-04-27|South Neptune Island South Australia AUSTRALIA,0.518308923698589,-0.3772743076728995,0.04763897799391694,0.022926365639606195,0.30046481174986345,0.0902791030998809,0.09501531618632907,2020-04-27,South Neptune Island South Australia AUSTRALIA,South Neptune Island,South Australia,AUSTRALIA,-35.3295695,136.11835280000003
792,2020-04-27|South Passage south of Coral Bay Western Australia AUSTRALIA,0.5554409380264685,-0.48864939240406663,0.10266263583696009,0.17096412295199634,0.3333491809421502,0.11112167643480242,0.10050855975976393,2020-04-27,South Passage south of Coral Bay Western Australia AUSTRALIA,South Passage,Western Australia,AUSTRALIA,-23.143670800000002,113.77153590000002
793,2020-04-27|South Perth Western Australia AUSTRALIA,0.2929060096518765,-0.14712828758562124,0.02783025495373836,-0.030903404092430146,0.16706321162602766,0.0279101166788029,0.04633499813548726,2020-04-27,South Perth Western Australia AUSTRALIA,South Perth,Western Australia,AUSTRALIA,-31.9809515,115.86391680000001
794,2020-04-27|South Point Gracetown Western Australia AUSTRALIA,0.3142516220122206,-0.18118924170601008,0.02747628885000712,-0.02666651992853104,0.18572877952169917,0.034495179542619936,0.051511895222679425,2020-04-27,South Point Gracetown Western Australia AUSTRALIA,South Point,Western Australia,AUSTRALIA,-33.8638221,114.97694579999998
795,2020-04-27|South Steyne Manly New South Wales AUSTRALIA,0.6315376362736688,-0.465458366516061,0.06385605715113238,0.0845437523152989,0.3561202751447366,0.1268216503691629,0.098769993251284,2020-04-27,South Steyne Manly New South Wales AUSTRALIA,South Steyne,New South Wales,AUSTRALIA,-33.7985672,151.2889614
796,2020-04-27|South Stradbroke Island Queensland AUSTRALIA,0.6932626793436028,-0.4658552264228775,0.07699900658866364,0.058993706769597296,0.38804252192593797,0.15057699882264203,0.11201822724548077,2020-04-27,South Stradbroke Island Queensland AUSTRALIA,South Stradbroke Island,Queensland,AUSTRALIA,-27.833508600000002,153.42132080000002
797,2020-04-27|South Werribee Beach Victoria AUSTRALIA,0.2968306243294619,-0.37328124347622227,0.016212951024805453,0.03436699184080986,0.25072929143080175,0.0628651775813919,0.088646191106409,2020-04-27,South Werribee Beach Victoria AUSTRALIA,South Werribee Beach,Victoria,AUSTRALIA,-37.9736195,144.69639109999997
798,2020-04-27|South West Rocks New South Wales AUSTRALIA,0.6755693856218319,-0.42938683614648915,0.07887583668840589,0.1268757099901437,0.3729708917202762,0.13910728607061798,0.10344351341176795,2020-04-27,South West Rocks New South Wales AUSTRALIA,South West Rocks,New South Wales,AUSTRALIA,-30.884166999999998,153.040278
799,2020-04-27|South coast New South Wales AUSTRALIA,0.5831513955763573,-0.47210222357463666,0.07202673033297642,0.09749317313076451,0.33197309446527024,0.11020613544884722,0.09583237772661843,2020-04-27,South coast New South Wales AUSTRALIA,South coast,New South Wales,AUSTRALIA,-36.6806101,149.65644939999999
800,2020-04-27|Southgates near Geraldton Western Australia AUSTRALIA,0.3181143831700746,-0.1160043661138993,0.042109211134580625,-0.025964375713560587,0.15568584504951055,0.02423808234878021,0.044942632274174645,2020-04-27,Southgates near Geraldton Western Australia AUSTRALIA,Southgates,Western Australia,AUSTRALIA,-28.85,114.6338889
801,2020-04-27|Southport Aquarium Queensland AUSTRALIA,0.6931353280720509,-0.46386526339180545,0.07715630362464596,0.05880311383443817,0.38841699255741463,0.15086776010734668,0.11212632760542411,2020-04-27,Southport Aquarium Queensland AUSTRALIA,Southport Aquarium,Queensland,AUSTRALIA,-27.9600602,153.42459219999998
802,2020-04-27|Southport Bar Queensland AUSTRALIA,0.6931353280720509,-0.46386526339180545,0.07715630362464596,0.05880311383443817,0.38841699255741463,0.15086776010734668,0.11212632760542411,2020-04-27,Southport Bar Queensland AUSTRALIA,Southport Bar,Queensland,AUSTRALIA,-27.9674697,153.41637690000002
803,2020-04-27|Southport Queensland AUSTRALIA,0.6930800704080875,-0.4630700662158283,0.0772738570915837,0.0588760488574908,0.3886084927646374,0.15101656064880323,0.11218160895351907,2020-04-27,Southport Queensland AUSTRALIA,Southport,Queensland,AUSTRALIA,-27.973794,153.4183144
804,2020-04-27|Southport South Australia AUSTRALIA,1.138596119646503,-0.936190869888106,0.03097163815533377,0.014869997325259857,0.6951530762888204,0.4832377994738105,0.18578747448819244,2020-04-27,Southport South Australia AUSTRALIA,Southport,South Australia,AUSTRALIA,-35.1577032,138.46888719999998
805,2020-04-27|St Crispin Reef Queensland AUSTRALIA,0.4040565347678175,-0.5370912264971682,-0.03216808505514757,0.01342735220500817,0.2923509745224846,0.08546909230424644,0.08814713541689385,2020-04-27,St Crispin Reef Queensland AUSTRALIA,St. Crispin Reef,Queensland,AUSTRALIA,-16.1014387,145.83812460000001
806,2020-04-27|St George’s River at Moorebank near Milperra Bridge New South Wales AUSTRALIA,0.6233562999643384,-0.46775257403290194,0.05952072858017521,0.07712528161812227,0.3527463437225004,0.12442998300959242,0.09783423304030155,2020-04-27,St George’s River at Moorebank near Milperra Bridge New South Wales AUSTRALIA,St. George’s River at Moorebank,New South Wales,AUSTRALIA,-34.0494645,150.8953368
807,2020-04-27|St Helena Island Moreton Bay Queensland AUSTRALIA,0.9207913578702297,-0.6592255426944226,0.08886452145298014,0.12125437321222998,0.534348292048935,0.2855280972156139,0.1542530651277347,2020-04-27,St Helena Island Moreton Bay Queensland AUSTRALIA,St. Helena Island,Queensland,AUSTRALIA,-27.3877599,153.23402119999997
808,2020-04-27|Stevens Reef Queensland AUSTRALIA,0.5949337148655495,-0.8555737527213098,-0.0855170353581896,-0.06950358698198493,0.555081390598615,0.30811535018889225,0.17553214810651985,2020-04-27,Stevens Reef Queensland AUSTRALIA,Stevens Reef,Queensland,AUSTRALIA,-20.5833333,150.08333330000002
809,2020-04-27|Stockton Beach New South Wales AUSTRALIA,0.6512688231385978,-0.4644354080250434,0.06985436303396039,0.09871479946759293,0.3655210812895001,0.13360566086704537,0.10137730775787182,2020-04-27,Stockton Beach New South Wales AUSTRALIA,Stockton Beach,New South Wales,AUSTRALIA,-32.8054122,151.9608991
810,2020-04-27|Stockton Beach Newcastle New South Wales AUSTRALIA,0.6512582987477726,-0.46443678352463863,0.06985034699404301,0.09870792383570277,0.36551609176426947,0.13360201333862584,0.10137592391255956,2020-04-27,Stockton Beach Newcastle New South Wales AUSTRALIA,Stockton Beach,New South Wales,AUSTRALIA,-32.8054122,151.9608991
811,2020-04-27|Stockton Bight New South Wales AUSTRALIA,0.6512582987477726,-0.46443678352463863,0.06985034699404301,0.09870792383570277,0.36551609176426947,0.13360201333862584,0.10137592391255956,2020-04-27,Stockton Bight New South Wales AUSTRALIA,Stockton Bight,New South Wales,AUSTRALIA,-32.8054122,151.9608991
812,2020-04-27|Stradbroke Island Queensland AUSTRALIA,0.6910109550189865,-0.4702000357190824,0.07639932221166586,0.060327544970835485,0.38578309983505943,0.14882860011834742,0.11136598826928992,2020-04-27,Stradbroke Island Queensland AUSTRALIA,Stradbroke Island,Queensland,AUSTRALIA,-27.5323174,153.46260769999998
813,2020-04-27|Strand Beach Kissing Point Townsville Queensland AUSTRALIA,0.555687705805835,-0.5604318963996815,0.01738688526527985,0.035358658240749484,0.3153160062479407,0.09942418379615137,0.09507135301070711,2020-04-27,Strand Beach Kissing Point Townsville Queensland AUSTRALIA,Strand Beach,Queensland,AUSTRALIA,-19.239290899999997,146.80543889999998
814,2020-04-27|Stratham Beach Western Australia AUSTRALIA,0.3140557191202061,-0.21574445033022957,0.016191857259429634,-0.012755071845186004,0.1818125157329814,0.03305579087715561,0.054818536079717026,2020-04-27,Stratham Beach Western Australia AUSTRALIA,Stratham Beach,Western Australia,AUSTRALIA,-33.4665674,115.5602443
815,2020-04-27|Streaky Bay South Australia AUSTRALIA,0.8007019691105647,-0.6305915861260253,0.09865358761866655,0.2365530149671015,0.5033160265258184,0.2533270225577383,0.15175549190533685,2020-04-27,Streaky Bay South Australia AUSTRALIA,Streaky Bay,South Australia,AUSTRALIA,-32.797222,134.21111100000002
816,2020-04-27|Sugarloaf Bay Middle Harbor Sydney New South Wales AUSTRALIA,0.6315376362736688,-0.465458366516061,0.06385605715113238,0.0845437523152989,0.3561202751447366,0.1268216503691629,0.098769993251284,2020-04-27,Sugarloaf Bay Middle Harbor Sydney New South Wales AUSTRALIA,Sugarloaf Bay,New South Wales,AUSTRALIA,-33.7859956,151.2260866
817,2020-04-27|Sugarloaf Bay Middle Harbour Sydney New South Wales AUSTRALIA,0.6315376362736688,-0.465458366516061,0.06385605715113238,0.0845437523152989,0.3561202751447366,0.1268216503691629,0.098769993251284,2020-04-27,Sugarloaf Bay Middle Harbour Sydney New South Wales AUSTRALIA,Sugarloaf Bay,New South Wales,AUSTRALIA,-33.7831723,151.2231308
818,2020-04-27|Suicide Point Point Leo Victoria AUSTRALIA,1.0050722691948943,-1.0054988496144877,0.041054801106077836,0.04399936234409798,0.6735091477350504,0.453614572082794,0.2030706487190187,2020-04-27,Suicide Point Point Leo Victoria AUSTRALIA,Suicide Point,Victoria,AUSTRALIA,-38.421,145.075
819,2020-04-27|Sunshine Beach Queensland AUSTRALIA,0.6908005042164856,-0.49783201735350374,0.07757909405144937,0.08911475907440762,0.39066258131220033,0.15261725243751154,0.11277457324145647,2020-04-27,Sunshine Beach Queensland AUSTRALIA,Sunshine Beach,Queensland,AUSTRALIA,-26.406999999999996,153.105
820,2020-04-27|Surf Beach Batemans Bay New South Wales AUSTRALIA,0.5945325453521683,-0.47443067090334123,0.07897346266116562,0.10757195602093844,0.3368207622537453,0.113448225885194,0.0972317788779274,2020-04-27,Surf Beach Batemans Bay New South Wales AUSTRALIA,Surf Beach,New South Wales,AUSTRALIA,-35.7600051,150.2052861
821,2020-04-27|Surf Beach Kiama New South Wales AUSTRALIA,0.6179768624357546,-0.4706440399630812,0.05769601927951781,0.07132533197869571,0.35049558702508243,0.12284715652405714,0.09720998544944505,2020-04-27,Surf Beach Kiama New South Wales AUSTRALIA,Surf Beach,New South Wales,AUSTRALIA,-34.6816667,150.8511111
822,2020-04-27|Surfers Paradise Beach near Victor Harbour South Australia AUSTRALIA,0.6930800704080875,-0.4630700662158283,0.0772738570915837,0.0588760488574908,0.3886084927646374,0.15101656064880323,0.11218160895351907,2020-04-27,Surfers Paradise Beach near Victor Harbour South Australia AUSTRALIA,Surfers Paradise Beach near Victor Harbour,South Australia,AUSTRALIA,-28.0,153.416667
823,2020-04-27|Surfers Paradise Northcliffe Queensland AUSTRALIA,0.6930800704080875,-0.4630700662158283,0.0772738570915837,0.0588760488574908,0.3886084927646374,0.15101656064880323,0.11218160895351907,2020-04-27,Surfers Paradise Northcliffe Queensland AUSTRALIA,Surfer's Paradise,Queensland,AUSTRALIA,-28.006491999999998,153.43112019999998
824,2020-04-27|Surfers Paradise Queensland AUSTRALIA,0.6930923413246585,-0.4630723524685986,0.07727785619868727,0.058882443052335455,0.38861385087772354,0.15102072509401354,0.1121831557075354,2020-04-27,Surfers Paradise Queensland AUSTRALIA,Surfer's Paradise,Queensland,AUSTRALIA,-28.0,153.416667
825,2020-04-27|Surfers Paradise near Southport Queensland AUSTRALIA,0.6930800704080875,-0.4630700662158283,0.0772738570915837,0.0588760488574908,0.3886084927646374,0.15101656064880323,0.11218160895351907,2020-04-27,Surfers Paradise near Southport Queensland AUSTRALIA,Surfers Paradise,Queensland,AUSTRALIA,-28.0,153.416667
826,2020-04-27|Surfers Point Phillip Island Victoria AUSTRALIA,1.1417968819697526,-1.1134821609307888,0.08322114884079441,0.09954666790573657,0.763678080915032,0.583204211270066,0.23025760500125747,2020-04-27,Surfers Point Phillip Island Victoria AUSTRALIA,Surfers Point,Victoria,AUSTRALIA,-38.5092311,145.2817885
827,2020-04-27|Surfers Point Prevelly Western Australia AUSTRALIA,0.3192588537547946,-0.18487042684999047,0.026468126077252373,-0.02916409841833925,0.1887858944866103,0.03564011395710955,0.052359786358139065,2020-04-27,Surfers Point Prevelly Western Australia AUSTRALIA,Surfers Point,Western Australia,AUSTRALIA,-33.976738299999994,114.98598359999998
828,2020-04-27|Swain Reef Queensland AUSTRALIA,0.7208437878456025,-0.533808410659742,0.01215104587278712,-0.018817194113220533,0.3850976194886722,0.14830017653584218,0.11116810713803449,2020-04-27,Swain Reef Queensland AUSTRALIA,Swain Reef,Queensland,AUSTRALIA,-21.9813586,152.473207
829,2020-04-27|Swan River 13 miles upstream Western Australia AUSTRALIA,0.29264072610842906,-0.14661517420982198,0.02885537868736549,-0.02900177204768482,0.16615239807703286,0.027606619386748795,0.04608238390831126,2020-04-27,Swan River 13 miles upstream Western Australia AUSTRALIA,Swan River,Western Australia,AUSTRALIA,-31.8962877,115.95750179999999
830,2020-04-27|Swan River Western Australia AUSTRALIA,0.29264072610842906,-0.14661517420982198,0.02885537868736549,-0.02900177204768482,0.16615239807703286,0.027606619386748795,0.04608238390831126,2020-04-27,Swan River Western Australia AUSTRALIA,Swan River,Western Australia,AUSTRALIA,-31.8962877,115.95750179999999
831,2020-04-27|Sweet Water Point Pitt Water Tasmania AUSTRALIA,1.1860388825303758,-1.1181552494343612,0.15706798732629698,0.31785528402236046,0.8644373785953119,0.7472519815127346,0.273359101094647,2020-04-27,Sweet Water Point Pitt Water Tasmania AUSTRALIA,Sweet Water Point,Tasmania,AUSTRALIA,-41.4545196,145.9706647
832,2020-04-27|Sydney Harbor New South Wales AUSTRALIA,0.6315376362736688,-0.465458366516061,0.06385605715113238,0.0845437523152989,0.3561202751447366,0.1268216503691629,0.098769993251284,2020-04-27,Sydney Harbor New South Wales AUSTRALIA,Sydney Harbor,New South Wales,AUSTRALIA,-33.8436313,151.23731
833,2020-04-27|Sydney Harbour New South Wales AUSTRALIA,0.6300803010871231,-0.4657548917338656,0.0633809838629394,0.08388338532091576,0.3555483355129545,0.12641461888603248,0.09861136573829474,2020-04-27,Sydney Harbour New South Wales AUSTRALIA,Sydney Harbour,New South Wales,AUSTRALIA,-33.8462182,151.2488616
834,2020-04-27|Sydney New South Wales AUSTRALIA,0.6300803010871231,-0.4657548917338656,0.0633809838629394,0.08388338532091576,0.3555483355129545,0.12641461888603248,0.09861136573829474,2020-04-27,Sydney New South Wales AUSTRALIA,Sydney,New South Wales,AUSTRALIA,-33.8688197,151.2092955
835,2020-04-27|Sykes Reef Great Barrier Reef Queensland AUSTRALIA,0.8881938554372678,-0.7161552001729418,0.04450559653932728,0.0505257980428598,0.5185464954935455,0.2688904679886375,0.14969147938026778,2020-04-27,Sykes Reef Great Barrier Reef Queensland AUSTRALIA,Sykes Reef,Queensland,AUSTRALIA,-23.439513899999998,152.0395475
836,2020-04-27|Tabourie Beach New South Wales AUSTRALIA,0.5993058890028062,-0.4731644251736139,0.08140957873104453,0.11098179613286306,0.3382291270186899,0.11439894236382506,0.09763833876600637,2020-04-27,Tabourie Beach New South Wales AUSTRALIA,Tabourie Beach,New South Wales,AUSTRALIA,-35.417259200000004,150.4200146
837,2020-04-27|Tallebudgera Queensland AUSTRALIA,0.6927678363027536,-0.46087107458591875,0.07741279461395294,0.058307031425753345,0.3887478670096243,0.15112490410453255,0.11222184283244972,2020-04-27,Tallebudgera Queensland AUSTRALIA,Tallebudgera,Queensland,AUSTRALIA,-28.148889,153.418056
838,2020-04-27|Tallow Beach Byron Bay New South Wales AUSTRALIA,0.6891744161791671,-0.4612831382095517,0.07364348954154419,0.0581802216689572,0.38907220049655633,0.15137717719923252,0.11231546984544342,2020-04-27,Tallow Beach Byron Bay New South Wales AUSTRALIA,Tallow Beach,New South Wales,AUSTRALIA,-28.6524251,153.62793369999997
839,2020-04-27|Taree Old Bar Beach New South Wales AUSTRALIA,0.6721838847456736,-0.4551247318853824,0.0751947221289354,0.10843190947868026,0.37329295451832173,0.1393476298930178,0.1035328375604043,2020-04-27,Taree Old Bar Beach New South Wales AUSTRALIA,Taree,New South Wales,AUSTRALIA,-31.966666999999998,152.583333
840,2020-04-27|Target Beach New South Wales AUSTRALIA,0.6071949792546975,-0.47122184500448383,0.08591230315708126,0.11708460664192807,0.34037727284395797,0.1158566878686902,0.09825845505124492,2020-04-27,Target Beach New South Wales AUSTRALIA,Target Beach,New South Wales,AUSTRALIA,-35.0712278,150.78299619999999
841,2020-04-27|Taronga Wharf Athol Bay Sydney Harbor New South Wales AUSTRALIA,0.6300803010871231,-0.4657548917338656,0.0633809838629394,0.08388338532091576,0.3555483355129545,0.12641461888603248,0.09861136573829474,2020-04-27,Taronga Wharf Athol Bay Sydney Harbor New South Wales AUSTRALIA,Taronga Wharf,New South Wales,AUSTRALIA,-33.845791,151.239746
842,2020-04-27|Taroona Tasmania AUSTRALIA,0.3611747403835797,-0.38609038526844414,0.06286113937295204,0.08898542717021535,0.2304628506678692,0.05311312553796058,0.06159378768417233,2020-04-27,Taroona Tasmania AUSTRALIA,Taroona,Tasmania,AUSTRALIA,-42.948056,147.34888899999999
843,2020-04-27|Tasman Island Tasmania AUSTRALIA,0.36881369446918044,-0.3535376502941942,0.06136180768258592,0.09712437614335348,0.21885053731724657,0.04789555768404754,0.060698217996936754,2020-04-27,Tasman Island Tasmania AUSTRALIA,Tasman Island,Tasmania,AUSTRALIA,-43.238162700000004,148.00239390000002
844,2020-04-27|Tathra New South Wales AUSTRALIA,0.5831513955763573,-0.47210222357463666,0.07202673033297642,0.09749317313076451,0.33197309446527024,0.11020613544884722,0.09583237772661843,2020-04-27,Tathra New South Wales AUSTRALIA,Tathra,New South Wales,AUSTRALIA,-36.7360215,149.9674229
845,2020-04-27|Tea Gardens north of Newcastle New South Wales AUSTRALIA,0.6534015609998813,-0.46193502418479626,0.07053429313896194,0.10059480548896918,0.36614708862445683,0.13406369050816583,0.10155093095364129,2020-04-27,Tea Gardens north of Newcastle New South Wales AUSTRALIA,Tea Gardens,New South Wales,AUSTRALIA,-32.659597,152.15239259999998
846,2020-04-27|Tenth Island King Island Tasmania AUSTRALIA,1.1300143391111328,-0.961887495798515,0.23600035412765125,0.3876698333080553,0.7992324453925796,0.6387725017682029,0.25273949073466984,2020-04-27,Tenth Island King Island Tasmania AUSTRALIA,Tenth Island (King Island),Tasmania,AUSTRALIA,-40.94228579999999,146.98485580000002
847,2020-04-27|Terrigal Beach New South Wales AUSTRALIA,0.6403183297465384,-0.46567429656248066,0.06722422763540131,0.08963358344583876,0.3600652422425481,0.12964697867118485,0.09986413026291305,2020-04-27,Terrigal Beach New South Wales AUSTRALIA,Terrigal Beach,New South Wales,AUSTRALIA,-33.4461804,151.4447377
848,2020-04-27|Tewantin Queensland AUSTRALIA,0.6911386449382613,-0.49800781668616667,0.07801472735984488,0.08953438664086838,0.3906947208694705,0.15264236491527347,0.11278385113247726,2020-04-27,Tewantin Queensland AUSTRALIA,Tewantin,Queensland,AUSTRALIA,-26.392,153.039
849,2020-04-27|The Australian Shark and Ray Centre New South Wales AUSTRALIA,0.6520275473269196,-0.463593699770799,0.06982393614109948,0.09882879147542334,0.36571343146151597,0.13374631395135694,0.1014306560969524,2020-04-27,The Australian Shark and Ray Centre New South Wales AUSTRALIA,The Australian Shark and Ray Centre,New South Wales,AUSTRALIA,-32.7706261,151.9986267
850,2020-04-27|The Domain Sydney New South Wales AUSTRALIA,0.6300803010871231,-0.4657548917338656,0.0633809838629394,0.08388338532091576,0.3555483355129545,0.12641461888603248,0.09861136573829474,2020-04-27,The Domain Sydney New South Wales AUSTRALIA,The Domain,New South Wales,AUSTRALIA,-33.871516299999996,151.214894
851,2020-04-27|The Entrance near Gosford New South Wales AUSTRALIA,0.6422593800772495,-0.465478228640385,0.06789329655881972,0.09134764475219592,0.36100029017833857,0.13032120950884465,0.10012346589964453,2020-04-27,The Entrance near Gosford New South Wales AUSTRALIA,The Entrance,New South Wales,AUSTRALIA,-33.347221999999995,151.496111
852,2020-04-27|The Farm New South Wales AUSTRALIA,0.6227526108455902,-0.4683204269333722,0.05918301273086027,0.0762420788316424,0.35253705153155207,0.1242823727025602,0.09777618583060782,2020-04-27,The Farm New South Wales AUSTRALIA,The Farm,New South Wales,AUSTRALIA,-34.071999999999996,150.718
853,2020-04-27|The Narrows Queensland AUSTRALIA,1.2385618684015274,-1.212137889958157,-0.11106566371415086,-0.21517239511228092,0.8436562420755471,0.7117558547930342,0.2667875287177109,2020-04-27,The Narrows Queensland AUSTRALIA,The Narrows,Queensland,AUSTRALIA,-23.6139232,150.9541241
854,2020-04-27|The Natural Jetty Rottnest Island Western Australia AUSTRALIA,0.2897451722661068,-0.14663672528348295,0.030841435561001815,-0.024745339665981546,0.165297585550924,0.027323291788965042,0.045845301570327075,2020-04-27,The Natural Jetty Rottnest Island Western Australia AUSTRALIA,The Natural Jetty,Western Australia,AUSTRALIA,-32.0063677,115.5073002
855,2020-04-27|Thirroul New South Wales AUSTRALIA,0.6215936409517063,-0.46865015337051175,0.05882174919558612,0.07563369016457702,0.35210600312559426,0.12397863743708099,0.09765663451292414,2020-04-27,Thirroul New South Wales AUSTRALIA,Thirroul,New South Wales,AUSTRALIA,-34.314731200000004,150.9103729
856,2020-04-27|Thirteenth Beach Victoria AUSTRALIA,1.0675207929941082,-0.9696161639448819,0.14176919295515017,0.19920216285753764,0.6855083311955067,0.46992167213844843,0.20668853865801612,2020-04-27,Thirteenth Beach Victoria AUSTRALIA,Thirteenth Beach,Victoria,AUSTRALIA,-38.2852436,144.4587149
857,2020-04-27|Thistle Island South Australia AUSTRALIA,0.5875324063233374,-0.32728647072800693,0.12281901508011646,0.06045292089931438,0.3243916045067287,0.10522991307444991,0.0978077488445619,2020-04-27,Thistle Island South Australia AUSTRALIA,Thistle Island,South Australia,AUSTRALIA,-35.038095299999995,136.1804618
858,2020-04-27|Three Mile Creek Townsville Queensland AUSTRALIA,0.5690866715489858,-0.5791581118661887,0.013713453150449946,0.03132003209408333,0.32492558967627444,0.10557663882647468,0.09796875143101622,2020-04-27,Three Mile Creek Townsville Queensland AUSTRALIA,Three Mile Creek,Queensland,AUSTRALIA,-19.208941,146.76842230000003
859,2020-04-27|Three Stripes near Cheynes Beach Western Australia AUSTRALIA,0.37766505876031786,-0.17607242389496328,0.06517101829090459,0.002051052987390948,0.21147842324977845,0.04472312350021243,0.06687534934504076,2020-04-27,Three Stripes near Cheynes Beach Western Australia AUSTRALIA,Three Stripes near Cheynes Beach,Western Australia,AUSTRALIA,-34.88414,118.404629
860,2020-04-27|Throsby Creek Newcastle New South Wales AUSTRALIA,0.6505976384968132,-0.4649568472135418,0.069895203158927,0.0978721448530581,0.36517580456472454,0.1333533682394939,0.10128154522437932,2020-04-27,Throsby Creek Newcastle New South Wales AUSTRALIA,Throsby Creek,New South Wales,AUSTRALIA,-32.9119099,151.7504482
861,2020-04-27|Tingalpa Creek Queensland AUSTRALIA,0.9321588377152769,-0.7371592777998551,0.02080220679173503,0.02459419707855673,0.5706004867798719,0.3255849155134267,0.16471817232104527,2020-04-27,Tingalpa Creek Queensland AUSTRALIA,Tingalpa Creek,Queensland,AUSTRALIA,-27.502492999999998,153.188227
862,2020-04-27|Tomaree New South Wales AUSTRALIA,0.670979924291031,-0.453505918833297,0.07526200699464021,0.10889872655192134,0.3725622843882745,0.13880265574860953,0.10333018612814775,2020-04-27,Tomaree New South Wales AUSTRALIA,Tomaree,New South Wales,AUSTRALIA,-31.8894897,152.4444453
863,2020-04-27|Torres Strait Queensland AUSTRALIA,0.9180021651305781,-1.5426113545840792,0.08731795579305447,0.30422092937165557,0.8465729214708079,0.7166857113676186,0.2347970828294113,2020-04-27,Torres Strait Queensland AUSTRALIA,Torres Strait,Queensland,AUSTRALIA,-10.2199025,141.93685449999998
864,2020-04-27|Townsville Queensland AUSTRALIA,0.5556690673128027,-0.5604348017079099,0.01738195965296214,0.03535262527751278,0.3153145204202707,0.09942324678786532,0.09507090501680852,2020-04-27,Townsville Queensland AUSTRALIA,Townsville,Queensland,AUSTRALIA,-19.2589635,146.8169483
865,2020-04-27|Triabunna Tasmania AUSTRALIA,0.3924332463522609,-0.4198392975150067,0.038019555672263804,0.052467810800095646,0.253768945682732,0.0643986777929254,0.07038284198304048,2020-04-27,Triabunna Tasmania AUSTRALIA,Triabunna,Tasmania,AUSTRALIA,-42.5102424,147.92009960000001
866,2020-04-27|Trial Bay New South Wales AUSTRALIA,0.6755693856218319,-0.42938683614648915,0.07887583668840589,0.1268757099901437,0.3729708917202762,0.13910728607061798,0.10344351341176795,2020-04-27,Trial Bay New South Wales AUSTRALIA,Trial Bay,New South Wales,AUSTRALIA,-30.879986,153.05760880000003
867,2020-04-27|Trial Bay north of Kempsey New South Wales AUSTRALIA,0.6755807216402169,-0.4293901017160002,0.07888002703614637,0.1268829518767229,0.3729759884230644,0.1391110879401619,0.1034449269827863,2020-04-27,Trial Bay north of Kempsey New South Wales AUSTRALIA,Trial Bay,New South Wales,AUSTRALIA,-30.879986,153.05760880000003
868,2020-04-27|Trigg Beach Perth Western Australia AUSTRALIA,0.29263450396104307,-0.14660886321218175,0.028854789279302732,-0.02900290065209123,0.1661477229648901,0.027605065846417868,0.046081087265499775,2020-04-27,Trigg Beach Perth Western Australia AUSTRALIA,Trigg Beach,Western Australia,AUSTRALIA,-31.8779189,115.7517755
869,2020-04-27|Trigg Beach Western Australia AUSTRALIA,0.29264072610842906,-0.14661517420982198,0.02885537868736549,-0.02900177204768482,0.16615239807703286,0.027606619386748795,0.04608238390831126,2020-04-27,Trigg Beach Western Australia AUSTRALIA,Trigg Beach,Western Australia,AUSTRALIA,-31.8779189,115.7517755
870,2020-04-27|Trinity Beach 17 km northwast of Cairns Queensland AUSTRALIA,0.40641861694717835,-0.5415677405484496,-0.03004144910798115,0.05027962550412948,0.31512512208473975,0.09930384256892212,0.09965131337264056,2020-04-27,Trinity Beach 17 km northwast of Cairns Queensland AUSTRALIA,Trinity Beach,Queensland,AUSTRALIA,-16.783333,145.7
871,2020-04-27|Trinity Beach Cairns Queensland AUSTRALIA,0.40641861694717835,-0.5415677307028963,-0.03004145756682109,0.05027959434386472,0.3151251208227352,0.09930384177354344,0.09965131297355968,2020-04-27,Trinity Beach Cairns Queensland AUSTRALIA,Trinity Beach,Queensland,AUSTRALIA,-16.783333,145.7
872,2020-04-27|Tully North Queensland Queensland AUSTRALIA,0.4481949001255304,-0.580877160198783,-0.0506137001740364,-0.006749404923458123,0.37136297385898004,0.13791045835338547,0.11743528360479463,2020-04-27,Tully North Queensland Queensland AUSTRALIA,Tully,Queensland,AUSTRALIA,-17.9397555,145.9276864
873,2020-04-27|Turners Beach New South Wales AUSTRALIA,0.6923368935754287,-0.447625864557631,0.0828609741683691,0.13419641809780594,0.3803239437374749,0.144646302180026,0.10548288311016517,2020-04-27,Turners Beach New South Wales AUSTRALIA,Turners' Beach,New South Wales,AUSTRALIA,-29.4304387,153.3629052
874,2020-04-27|Turquoise Bay Western Australia AUSTRALIA,0.5966720921909249,-0.5310828150306728,0.10187256258297396,0.15051845532428437,0.36208910405058925,0.13110851927215844,0.10917397261925092,2020-04-27,Turquoise Bay Western Australia AUSTRALIA,Turquoise Bay,Western Australia,AUSTRALIA,-22.0963889,113.88944440000002
875,2020-04-27|Tweed Heads New South Wales AUSTRALIA,0.6908432047940499,-0.46022955060504184,0.07699481508974237,0.058994142163704244,0.3881766920903169,0.15068114428218068,0.11205695883574147,2020-04-27,Tweed Heads New South Wales AUSTRALIA,Tweed Heads,New South Wales,AUSTRALIA,-28.178665600000002,153.5370011
876,2020-04-27|Two Rocks near Three Mile Reef Western Australia AUSTRALIA,0.29178151294707233,-0.14655465669325118,0.029188981012911633,-0.028033743024087267,0.16531680691042058,0.027329646647057285,0.04585063261626931,2020-04-27,Two Rocks near Three Mile Reef Western Australia AUSTRALIA,Two Rocks near Three Mile Reef,Western Australia,AUSTRALIA,-31.775555600000004,115.675
877,2020-04-27|Tyrendarra Beach Victoria AUSTRALIA,0.4651279581451641,-0.3549586047886678,0.08313081807466118,-0.01964074917446399,0.2893072541190162,0.08369868728588503,0.0964357513730054,2020-04-27,Tyrendarra Beach Victoria AUSTRALIA,Tyrendarra Beach,Victoria,AUSTRALIA,-38.216667,141.783333
878,2020-04-27|Tyrendarra Beach near Portland Victoria AUSTRALIA,0.4651279581451641,-0.3549586047886678,0.08313081807466118,-0.01964074917446399,0.2893072541190162,0.08369868728588503,0.0964357513730054,2020-04-27,Tyrendarra Beach near Portland Victoria AUSTRALIA,Tyrendarra Beach near Portland,Victoria,AUSTRALIA,-38.2507144,141.806322
879,2020-04-27|Umina Beach New South Wales AUSTRALIA,0.6355108740512087,-0.466490018957509,0.0654984059529277,0.08663097192323141,0.3580336639325729,0.12818810450898258,0.09930067181931797,2020-04-27,Umina Beach New South Wales AUSTRALIA,Umina Beach,New South Wales,AUSTRALIA,-33.528746000000005,151.307503
880,2020-04-27|Urunga Belliger Heads New South Wales AUSTRALIA,0.6767782847161307,-0.43427163996854024,0.07884061917028809,0.12960794159358147,0.3738630917509913,0.13977361137361013,0.10369096517782286,2020-04-27,Urunga Belliger Heads New South Wales AUSTRALIA,Urunga,New South Wales,AUSTRALIA,-30.502025699999997,153.02505980000004
881,2020-04-27|Urunga area New South Wales AUSTRALIA,0.6767782847161307,-0.43427163996854024,0.07884061917028809,0.12960794159358147,0.3738630917509913,0.13977361137361013,0.10369096517782286,2020-04-27,Urunga area New South Wales AUSTRALIA,Urunga area,New South Wales,AUSTRALIA,-30.5,153.01666699999998
882,2020-04-27|Waitpinga Beach near Victor Harbor Encounter Bay South Australia AUSTRALIA,0.5302938236990185,-0.40415875517518224,0.022721441000555117,0.03448864580103394,0.2888648926187413,0.08344292618763696,0.08338811175643132,2020-04-27,Waitpinga Beach near Victor Harbor Encounter Bay South Australia AUSTRALIA,Waitpinga Beach,South Australia,AUSTRALIA,-35.604007700000004,138.5809998
883,2020-04-27|Waitpinga South Australia AUSTRALIA,0.530299381069098,-0.40416301257484377,0.0227207073407415,0.03448885141035789,0.28886795989288966,0.0834446982526801,0.08338899720220894,2020-04-27,Waitpinga South Australia AUSTRALIA,Waitpinga,South Australia,AUSTRALIA,-35.599651200000004,138.4955961
884,2020-04-27|Wallabi Point New South Wales AUSTRALIA,0.6721838847456736,-0.4551247318853824,0.0751947221289354,0.10843190947868026,0.37329295451832173,0.1393476298930178,0.1035328375604043,2020-04-27,Wallabi Point New South Wales AUSTRALIA,Wallabi Point,New South Wales,AUSTRALIA,-31.992048600000004,152.5590443
885,2020-04-27|Wallamba River near entrance to Wallis Lake New South Wales AUSTRALIA,0.6702395944103199,-0.4535747980111477,0.07539361857245898,0.10841497409862984,0.3721188637544408,0.13847244876189607,0.10320720337184881,2020-04-27,Wallamba River near entrance to Wallis Lake New South Wales AUSTRALIA,Wallamba River,New South Wales,AUSTRALIA,-32.098844,152.46986
886,2020-04-27|Wamberal New South Wales AUSTRALIA,0.6403296227395366,-0.46567343939285516,0.06722538882680708,0.0896374855442193,0.3600668107584113,0.12964810820973358,0.09986456529094159,2020-04-27,Wamberal New South Wales AUSTRALIA,Wamberal,New South Wales,AUSTRALIA,-33.418,151.44299999999998
887,2020-04-27|Wanda Beach New South Wales AUSTRALIA,0.6249671730309879,-0.46709272963858944,0.06045886200096287,0.0791652132392619,0.35344946636176955,0.12492652527141968,0.09802924417328805,2020-04-27,Wanda Beach New South Wales AUSTRALIA,Wanda Beach,New South Wales,AUSTRALIA,-34.0423701,151.16316919999997
888,2020-04-27|Warra Beach Coral Bay Western Australia AUSTRALIA,0.5554452281140688,-0.4886303226646965,0.10266802859216523,0.17097076338205555,0.3333436032526873,0.11111795782948501,0.10050687802311432,2020-04-27,Warra Beach Coral Bay Western Australia AUSTRALIA,Warra Beach,Western Australia,AUSTRALIA,-23.1438889,113.7688889
889,2020-04-27|Warrnambool Victoria AUSTRALIA,0.4662774351485855,-0.4467746546728689,0.03634148639599101,-0.007945729818380712,0.32219957881804007,0.10381256859052243,0.1018884530211949,2020-04-27,Warrnambool Victoria AUSTRALIA,Warrnambool,Victoria,AUSTRALIA,-38.3686779,142.4982086
890,2020-04-27|Wategos Beach Byon Bay New South Wales AUSTRALIA,0.6891744161791671,-0.4612831382095517,0.07364348954154419,0.0581802216689572,0.38907220049655633,0.15137717719923252,0.11231546984544342,2020-04-27,Wategos Beach Byon Bay New South Wales AUSTRALIA,Wategos Beach,New South Wales,AUSTRALIA,-28.6364053,153.633824
891,2020-04-27|Watermans Bay Western Australia AUSTRALIA,0.29264072610842906,-0.14661517420982198,0.02885537868736549,-0.02900177204768482,0.16615239807703286,0.027606619386748795,0.04608238390831126,2020-04-27,Watermans Bay Western Australia AUSTRALIA,Waterman's Bay,Western Australia,AUSTRALIA,-31.849601300000003,115.75490520000001
892,2020-04-27|Watson Taylors Lake 25 miles south of Port Macquarie New South Wales AUSTRALIA,0.674125287083312,-0.4461098758856706,0.07616989078948525,0.11398237695034777,0.37333748493463864,0.13938087765732152,0.10354518807573879,2020-04-27,Watson Taylors Lake 25 miles south of Port Macquarie New South Wales AUSTRALIA,Watson Taylor's Lake,New South Wales,AUSTRALIA,-31.7016938,152.75884399999998
893,2020-04-27|Wattamolla National Park New South Wales AUSTRALIA,0.6239769596959759,-0.4674357645615324,0.05994245317691764,0.07804740890859133,0.35301564284299536,0.12462004409185327,0.09790892317779247,2020-04-27,Wattamolla National Park New South Wales AUSTRALIA,Wattamolla National Park,New South Wales,AUSTRALIA,-34.0750773,151.0566579
894,2020-04-27|Waverly Sydney New South Wales AUSTRALIA,0.6300795311806918,-0.46575438757686016,0.06338108285683525,0.08388560001738846,0.35554827467355915,0.12641457562334468,0.09861134886448246,2020-04-27,Waverly Sydney New South Wales AUSTRALIA,Waverly,New South Wales,AUSTRALIA,-33.899693,151.25542019999997
895,2020-04-27|Wedge Island Western Australia AUSTRALIA,0.28948620956251675,-0.14783617343768082,0.03073301483099026,-0.0235999222213129,0.16207280575104502,0.026267594364015975,0.04495090857643906,2020-04-27,Wedge Island Western Australia AUSTRALIA,Wedge Island,Western Australia,AUSTRALIA,-30.8277891,115.1879896
896,2020-04-27|Weipa Queensland AUSTRALIA,0.6467552435453571,-0.8002590826898329,0.0569693467177882,0.1341992606696531,0.41793475223108323,0.1746694571224569,0.11169776091964069,2020-04-27,Weipa Queensland AUSTRALIA,Weipa,Queensland,AUSTRALIA,-12.6492936,141.84699009999997
897,2020-04-27|Wellington Point Brisbane Queensland AUSTRALIA,0.9321596495335012,-0.737157781369903,0.0208022477526964,0.024594078767664278,0.5705996426411444,0.3255839521822017,0.1647179286391845,2020-04-27,Wellington Point Brisbane Queensland AUSTRALIA,Wellington Point,Queensland,AUSTRALIA,-27.487,153.239
898,2020-04-27|Wellington Point Queensland AUSTRALIA,0.9321596495335012,-0.737157781369903,0.0208022477526964,0.024594078767664278,0.5705996426411444,0.3255839521822017,0.1647179286391845,2020-04-27,Wellington Point Queensland AUSTRALIA,Wellington Point,Queensland,AUSTRALIA,-27.487,153.239
899,2020-04-27|West Balmain Sydney New South Wales AUSTRALIA,0.6300793026926829,-0.4657542379552648,0.06338111225363476,0.08388625743530238,0.3555482566427388,0.12641456280169086,0.09861134386363267,2020-04-27,West Balmain Sydney New South Wales AUSTRALIA,West Balmain,New South Wales,AUSTRALIA,-33.85507570000001,151.16879409999999
900,2020-04-27|West Beach Adelaide South Australia AUSTRALIA,1.221992136857959,-1.02761628766497,0.08879134830921323,0.20907939642783965,0.7498369972450439,0.562255522437464,0.20796736475438124,2020-04-27,West Beach Adelaide South Australia AUSTRALIA,West Beach,South Australia,AUSTRALIA,-34.945278,138.50375
901,2020-04-27|West Beach Brighton South Australia AUSTRALIA,1.221992136857959,-1.02761628766497,0.08879134830921323,0.20907939642783965,0.7498369972450439,0.562255522437464,0.20796736475438124,2020-04-27,West Beach Brighton South Australia AUSTRALIA,West Beach,South Australia,AUSTRALIA,-35.019,138.52
902,2020-04-27|West Beach near Adelaide South Australia AUSTRALIA,1.2219845749801652,-1.027611957903767,0.08879209657782007,0.2090846562760384,0.7498333138733919,0.5622499985943527,0.20796634317089216,2020-04-27,West Beach near Adelaide South Australia AUSTRALIA,West Beach,South Australia,AUSTRALIA,-34.945278,138.50375
903,2020-04-27|Western Port Bay Victoria AUSTRALIA,0.5617919886366819,-0.47763020410463325,0.09556534191208486,0.11490047729491958,0.31952653624010957,0.10209720736160206,0.09634087557003096,2020-04-27,Western Port Bay Victoria AUSTRALIA,Western Port Bay,Victoria,AUSTRALIA,-38.3563059,145.2480193
904,2020-04-27|Westernport Bay Victoria AUSTRALIA,0.5617919886366819,-0.47763020410463325,0.09556534191208486,0.11490047729491958,0.31952653624010957,0.10209720736160206,0.09634087557003096,2020-04-27,Westernport Bay Victoria AUSTRALIA,Westernport Bay,Victoria,AUSTRALIA,-38.3563059,145.2480193
905,2020-04-27|Whale Bay King Island Bass Strait Tasmania AUSTRALIA,0.4607509589691241,-0.38710754415348175,0.05253897558282551,0.07959200648602595,0.2744174976891541,0.07530496303797689,0.08677843225017197,2020-04-27,Whale Bay King Island Bass Strait Tasmania AUSTRALIA,Whale Bay,Tasmania,AUSTRALIA,-39.8753477,143.9370759
906,2020-04-27|Whale Beach New South Wales AUSTRALIA,0.6355108740512087,-0.466490018957509,0.0654984059529277,0.08663097192323141,0.3580336639325729,0.12818810450898258,0.09930067181931797,2020-04-27,Whale Beach New South Wales AUSTRALIA,Whale Beach,New South Wales,AUSTRALIA,-33.6131448,151.3304989
907,2020-04-27|Wharton Beach Western Australia AUSTRALIA,0.445303598741247,-0.24032406996215386,0.05832801557249749,-0.028656329812078503,0.24162862723695155,0.05838439350041369,0.07640968099685647,2020-04-27,Wharton Beach Western Australia AUSTRALIA,Wharton Beach,Western Australia,AUSTRALIA,-33.9385415,122.54341470000001
908,2020-04-27|White Bay near Bald Rock Jetty Sydney Harbor New South Wales AUSTRALIA,0.6300803010871231,-0.4657548917338656,0.0633809838629394,0.08388338532091576,0.3555483355129545,0.12641461888603248,0.09861136573829474,2020-04-27,White Bay near Bald Rock Jetty Sydney Harbor New South Wales AUSTRALIA,White Bay,New South Wales,AUSTRALIA,-33.863594899999995,151.1851115
909,2020-04-27|White Cliffs Queensland AUSTRALIA,1.3502126465068955,-1.079938255229177,0.1445996950018392,0.20786996581929107,0.7391181857480623,0.5462956925035071,0.21336504175229581,2020-04-27,White Cliffs Queensland AUSTRALIA,White Cliffs,Queensland,AUSTRALIA,-31.020400199999997,143.0403618
910,2020-04-27|Whitehaven Beach Whitsundays Island Queensland AUSTRALIA,0.3524831074330947,-0.7439411848786718,-0.13627860908295492,-0.0977976880101936,0.40185776831667225,0.16148966595645622,0.13395258943889074,2020-04-27,Whitehaven Beach Whitsundays Island Queensland AUSTRALIA,Whitehaven Beach,Queensland,AUSTRALIA,-20.282432399999998,149.03885400000001
911,2020-04-27|Whitsunday Passage Queensland AUSTRALIA,0.4363936195077872,-0.844183758132252,-0.10407888912634397,-0.06793946093297559,0.47324884581555143,0.22396447006575157,0.1496544252822988,2020-04-27,Whitsunday Passage Queensland AUSTRALIA,Whitsunday Passage,Queensland,AUSTRALIA,-20.3518817,148.9572514
912,2020-04-27|Wilsons Promontory Waratah Bay Victoria AUSTRALIA,0.7047812816520156,-0.6720945215802682,0.13756782557547612,0.18887499442164246,0.46323009607829085,0.2145821219127026,0.1464862184346031,2020-04-27,Wilsons Promontory Waratah Bay Victoria AUSTRALIA,Wilson's Promontory,Victoria,AUSTRALIA,-38.9333333,146.3666667
913,2020-04-27|Windang Beach New South Wales AUSTRALIA,0.6199678343052059,-0.46949810652811125,0.058373043254851646,0.07367818291800951,0.351333181281199,0.12343500426916786,0.09744229229855754,2020-04-27,Windang Beach New South Wales AUSTRALIA,Windang Beach,New South Wales,AUSTRALIA,-34.53432479999999,150.8745658
914,2020-04-27|Windang Lake Illawara New South Wales AUSTRALIA,0.6207887982550655,-0.4691126101276114,0.05874123852535263,0.0743985239048407,0.35164377861340135,0.12365334703751081,0.09752843649911738,2020-04-27,Windang Lake Illawara New South Wales AUSTRALIA,Windang,New South Wales,AUSTRALIA,-34.527370899999994,150.8740205
915,2020-04-27|Windang near the entrance to Lake Illawarra New South Wales AUSTRALIA,0.6199786757842828,-0.469497219086899,0.05837413130465178,0.07368186767656205,0.35133467595799395,0.12343605453050861,0.09744270684731327,2020-04-27,Windang near the entrance to Lake Illawarra New South Wales AUSTRALIA,Windang,New South Wales,AUSTRALIA,-34.541667,150.85833300000002
916,2020-04-27|Winki Pop Bells Beach Victoria AUSTRALIA,1.051188593125428,-0.9494955836414721,0.14487354374327735,0.20540701870141287,0.6717049715445987,0.45118756879773014,0.20252666912998044,2020-04-27,Winki Pop Bells Beach Victoria AUSTRALIA,Winki Pop,Victoria,AUSTRALIA,-38.3680831,144.28495519999998
917,2020-04-27|Winkipop Beach Victoria AUSTRALIA,1.051198443182816,-0.9495052260527919,0.14487337066778092,0.2054040062247806,0.6717087170525846,0.4511926005644291,0.20252779844312938,2020-04-27,Winkipop Beach Victoria AUSTRALIA,Winkipop Beach,Victoria,AUSTRALIA,-38.3680831,144.28495519999998
918,2020-04-27|Winkipop Victoria AUSTRALIA,1.051198443182816,-0.9495052260527919,0.14487337066778092,0.2054040062247806,0.6717087170525846,0.4511926005644291,0.20252779844312938,2020-04-27,Winkipop Victoria AUSTRALIA,Winkipop,Victoria,AUSTRALIA,-38.3680831,144.28495519999998
919,2020-04-27|Wiseman’s Beach Peake Bay Port Lincoln South Australia AUSTRALIA,0.732694137240125,-0.4757590461028582,0.09900592220756654,0.07032835832491849,0.3880068996688568,0.15054935419063833,0.11698848202460645,2020-04-27,Wiseman’s Beach Peake Bay Port Lincoln South Australia AUSTRALIA,Wiseman’s Beach,South Australia,AUSTRALIA,-34.5047222,136.05333330000002
920,2020-04-27|Wollongong New South Wales AUSTRALIA,0.6212321384002663,-0.46875127238090336,0.05883091368064157,0.07505185419780848,0.35185908384900527,0.12380481488706134,0.09758815142733629,2020-04-27,Wollongong New South Wales AUSTRALIA,Wollongong,New South Wales,AUSTRALIA,-34.427812100000004,150.89306069999998
921,2020-04-27|Wombarra Beach near Austinmeer New South Wales AUSTRALIA,0.62276245493013,-0.46831903643835454,0.05918671105049577,0.07624801370344243,0.35254166614936383,0.12428562637136949,0.09777746569531066,2020-04-27,Wombarra Beach near Austinmeer New South Wales AUSTRALIA,Wombarra Beach near Austinmeer,New South Wales,AUSTRALIA,-34.2794078,150.9559166
922,2020-04-27|Woodman Point Western Australia AUSTRALIA,0.2926254890151235,-0.1985614986376825,0.021529902004591414,-0.031374771265571075,0.17467626351308488,0.03051179703489267,0.048446478823299007,2020-04-27,Woodman Point Western Australia AUSTRALIA,Woodman Point,Western Australia,AUSTRALIA,-32.129142,115.76663
923,2020-04-27|Woodman’s Point Western Australia AUSTRALIA,0.2926254890151235,-0.1985614986376825,0.021529902004591414,-0.031374771265571075,0.17467626351308488,0.03051179703489267,0.048446478823299007,2020-04-27,Woodman’s Point Western Australia AUSTRALIA,Woodman’s Point,Western Australia,AUSTRALIA,-32.1348873,115.7561545
924,2020-04-27|Woolgoolga Coffs Harbour New South Wales AUSTRALIA,0.6812308216758025,-0.441583226361867,0.07914656243867134,0.13305703812800454,0.37652074254657114,0.1417678695678213,0.104428064886726,2020-04-27,Woolgoolga Coffs Harbour New South Wales AUSTRALIA,Woolgoolga,New South Wales,AUSTRALIA,-30.1130375,153.18379240000002
925,2020-04-27|Woolloomooloo Sydney Harbor Estuary New South Wales AUSTRALIA,0.6300803010871231,-0.4657548917338656,0.0633809838629394,0.08388338532091576,0.3555483355129545,0.12641461888603248,0.09861136573829474,2020-04-27,Woolloomooloo Sydney Harbor Estuary New South Wales AUSTRALIA,Woolloomooloo,New South Wales,AUSTRALIA,-33.852306299999995,151.2107871
926,2020-04-27|Woorim Beach Bribie Island Queensland AUSTRALIA,0.7782916576066681,-0.5970671773856663,0.06593975469689227,0.13076001511451396,0.44300642477364804,0.19625469239072987,0.12286787537548989,2020-04-27,Woorim Beach Bribie Island Queensland AUSTRALIA,Woorim Beach,Queensland,AUSTRALIA,-27.060907899999997,153.2006374
927,2020-04-27|Woy Woy New South Wales AUSTRALIA,0.6372665817070979,-0.4660919640931007,0.06613709062230044,0.08801383570565444,0.35878780510588903,0.1287286890927014,0.09950983294772796,2020-04-27,Woy Woy New South Wales AUSTRALIA,Woy Woy,New South Wales,AUSTRALIA,-33.49,151.32
928,2020-04-27|Woy Woy on the Brisbane Waters New South Wales AUSTRALIA,0.6372665817070979,-0.4660919640931007,0.06613709062230044,0.08801383570565444,0.35878780510588903,0.1287286890927014,0.09950983294772796,2020-04-27,Woy Woy on the Brisbane Waters New South Wales AUSTRALIA,Woy Woy on the Brisbane Waters,New South Wales,AUSTRALIA,-33.49,151.32
929,2020-04-27|Wreck Point Abrolhos Islands Western Australia AUSTRALIA,0.3079234304804342,-0.1277867592819372,0.03831968704272508,-0.03223255930368377,0.1531572102322254,0.023457131046118084,0.04247816728456205,2020-04-27,Wreck Point Abrolhos Islands Western Australia AUSTRALIA,Wreck Point,Western Australia,AUSTRALIA,-28.3001002,113.59516979999998
930,2020-04-27|Wreck of paddle steamer Koputai 6 km off Bondi Beach New South Wales AUSTRALIA,0.6300903057822085,-0.46575338953049406,0.06338482500161172,0.0838899864580671,0.3555530976481079,0.12641800524716493,0.09861268651694675,2020-04-27,Wreck of paddle steamer Koputai 6 km off Bondi Beach New South Wales AUSTRALIA,Wreck of paddle steamer,New South Wales,AUSTRALIA,-33.8914755,151.2766845
931,2020-04-27|Wrights Bay South Australia AUSTRALIA,0.4814448691867774,-0.3656832734663108,0.058168615725148844,0.06583622992418016,0.2633598589154047,0.06935841528794187,0.0794059851693938,2020-04-27,Wrights Bay South Australia AUSTRALIA,Wrights Bay,South Australia,AUSTRALIA,-37.033055600000004,139.7411111
932,2020-04-27|Wurtulla Queensland AUSTRALIA,0.6946749180754362,-0.5032834384317846,0.07457565218119788,0.08743288552468567,0.3942351158748019,0.15542132658881852,0.1138058751371601,2020-04-27,Wurtulla Queensland AUSTRALIA,Wurtulla,Queensland,AUSTRALIA,-26.756999999999998,153.126
933,2020-04-27|Wyargine Point Edwards Beach Balmoral Beach Sydney New South Wales AUSTRALIA,0.6315486361222639,-0.46545751350640296,0.06385717567719526,0.08454752735064616,0.3561218080356748,0.12682274215859798,0.0987704183987361,2020-04-27,Wyargine Point Edwards Beach Balmoral Beach Sydney New South Wales AUSTRALIA,Wyargine Point,New South Wales,AUSTRALIA,-33.8200713,151.2505994
934,2020-04-27|Wynnum-Manley Queensland AUSTRALIA,0.9197593325581954,-0.6981724225638207,0.04804070205902963,0.06313787238327472,0.5500921703938789,0.3026013959286483,0.15879793132800574,2020-04-27,Wynnum-Manley Queensland AUSTRALIA,Wynnum-Manley,Queensland,AUSTRALIA,-27.45,153.183333
935,2020-04-27|Wynyard Tasmania AUSTRALIA,1.1717355850875348,-1.1397181823387907,0.20711798808479964,0.5633042660051161,0.8608504324432118,0.7410634670376648,0.25955617136630205,2020-04-27,Wynyard Tasmania AUSTRALIA,Wynyard,Tasmania,AUSTRALIA,-41.0,145.7166671
936,2020-04-27|Yallingup Western Australia AUSTRALIA,0.3103649946665542,-0.17629402462862306,0.03265616868608661,-0.018491174472599226,0.1825117062942891,0.033310522934452844,0.05061963964742178,2020-04-27,Yallingup Western Australia AUSTRALIA,Yallingup,Western Australia,AUSTRALIA,-33.6726029,115.0308297
937,2020-04-27|Yandaran Beach Queensland AUSTRALIA,0.915879056020537,-0.5895425599366734,0.1361621793819089,0.1669332439341758,0.5119192598265491,0.2620613285813619,0.15434946434555635,2020-04-27,Yandaran Beach Queensland AUSTRALIA,Yandaran Beach,Queensland,AUSTRALIA,-24.608613199999997,152.13039619999998
938,2020-04-27|Yeppoon Queensland AUSTRALIA,0.9637920584501463,-1.2349431397164274,-0.05926206304346469,-0.004188217964932434,0.8113299435974396,0.6582562773778244,0.23421078066879283,2020-04-27,Yeppoon Queensland AUSTRALIA,Yeppoon,Queensland,AUSTRALIA,-23.133333,150.73333300000002
939,2020-04-27|Yeppoon near Ross Creek Queensland AUSTRALIA,0.9637892142616408,-1.2349452788147104,-0.059262178416164574,-0.004189104420149456,0.8113319363420555,0.6582595109285492,0.23421135592461303,2020-04-27,Yeppoon near Ross Creek Queensland AUSTRALIA,Yeppoon,Queensland,AUSTRALIA,-23.153185999999998,150.74771280000002
940,2020-04-27|Yorkey’s Knob Beach near Cairns Queensland AUSTRALIA,0.40976851098008105,-0.5435989264655792,-0.030282859603291624,0.0483781718170653,0.31647843782432145,0.10015860160772289,0.10007926938568391,2020-04-27,Yorkey’s Knob Beach near Cairns Queensland AUSTRALIA,Yorkey’s Knob Beach near Cairns,Queensland,AUSTRALIA,-16.8182895,145.7326612
941,2020-04-27|near Schouten Island Tasmania AUSTRALIA,0.40308606555649495,-0.4282835014358307,0.038335873404746326,0.051269404809396686,0.2591058437535629,0.06713583826724573,0.07186303118660245,2020-04-27,near Schouten Island Tasmania AUSTRALIA,near Schouten Island,Tasmania,AUSTRALIA,-42.317857000000004,148.281927
942,2020-04-28|1 km off Blacks Beach Queensland AUSTRALIA,1.652220872230061,-0.8410304034958873,0.28780386542440484,0.29740141631926487,0.8345416666033127,0.6964597932970348,0.25162378000373253,2020-04-28,1 km off Blacks Beach Queensland AUSTRALIA,1 km off Black's Beach,Queensland,AUSTRALIA,-21.062778,149.1875
943,2020-04-28|10 miles off Nambucca Heads onboard trawler New South Wales AUSTRALIA,0.6075084688676071,-0.3832474958202787,0.03895785048614522,0.006121055014143967,0.32584064121452916,0.10617212346709551,0.09824464985067335,2020-04-28,10 miles off Nambucca Heads onboard trawler New South Wales AUSTRALIA,10 miles off Nambucca Heads onboard trawler,New South Wales,AUSTRALIA,-30.6419702,152.9978834
944,2020-04-28|15 km north of Lancelin north of Perth Western Australia AUSTRALIA,0.28316071640248863,-0.20172252540423494,0.008281062768835978,-0.045453842648422844,0.1821592565019133,0.033181994729329846,0.047033317785962356,2020-04-28,15 km north of Lancelin north of Perth Western Australia AUSTRALIA,15 km north of Lancelin,Western Australia,AUSTRALIA,-31.045409799999998,115.35327749999999
945,2020-04-28|15 miles off shore New South Wales AUSTRALIA,0.5702431019713623,-0.4281247177638452,0.04241792316006685,0.05189539636465196,0.3053944555519952,0.09326577348189956,0.08815978556098182,2020-04-28,15 miles off shore New South Wales AUSTRALIA,1.5 miles off shore,New South Wales,AUSTRALIA,-31.2532183,146.921099
946,2020-04-28|15 miles up the Cataract River New South Wales AUSTRALIA,0.5558017022822928,-0.43251877515894566,0.03642009253071827,0.04434541953951232,0.301325958888374,0.09079733349999806,0.08698531173901242,2020-04-28,15 miles up the Cataract River New South Wales AUSTRALIA,15 miles up the Cataract River,New South Wales,AUSTRALIA,-34.229766399999995,150.7616844
947,2020-04-28|150 yards from the pier at Lorne Victoria AUSTRALIA,0.9807869561486614,-0.765527958370469,0.15894352608026285,0.23472714094412472,0.5384963431199404,0.2899783115535486,0.15545050432896335,2020-04-28,150 yards from the pier at Lorne Victoria AUSTRALIA,150 yards from the pier at Lorne,Victoria,AUSTRALIA,-38.5366556,143.97154840000002
948,2020-04-28|18 km west of Bunbury Western Australia AUSTRALIA,0.31752408167246726,-0.1909814132018653,0.026320895470652365,-0.005368413266367049,0.1854367899962167,0.03438680308410098,0.053530990310987916,2020-04-28,18 km west of Bunbury Western Australia AUSTRALIA,18 km west of Bunbury,Western Australia,AUSTRALIA,-33.3209971,115.63834820000001
949,2020-04-28|18 miles south of Port Augusta South Australia AUSTRALIA,1.3142639155524825,-0.9961568769129836,0.17550169025372936,0.188351178935053,0.725231795287256,0.5259611568955764,0.20114310957730805,2020-04-28,18 miles south of Port Augusta South Australia AUSTRALIA,18 miles south of Port Augusta,South Australia,AUSTRALIA,-32.495233899999995,137.78943940000002
950,2020-04-28|20 k off The Spit off the Gold Coast Queensland AUSTRALIA,0.6249669551073515,-0.38166601027316277,0.04633472661613222,0.007532576952720273,0.3253416316477335,0.1058471772832095,0.09809419280523163,2020-04-28,20 k off The Spit off the Gold Coast Queensland AUSTRALIA,20 k off The Spit,Queensland,AUSTRALIA,-27.9352516,153.43347680000002
951,2020-04-28|20 miles off Sydney New South Wales AUSTRALIA,0.5645303826772281,-0.4280223910219448,0.040524788580224,0.04948852160195839,0.303421175305584,0.09206440962382194,0.08759014862025578,2020-04-28,20 miles off Sydney New South Wales AUSTRALIA,20 miles off Sydney,New South Wales,AUSTRALIA,-33.8688197,151.2092955
952,2020-04-28|200 km east of Coolangatta Queensland AUSTRALIA,0.6233929030796833,-0.3782622724875926,0.04719461800657525,0.009423227002585393,0.32540895913347506,0.10589099068433164,0.0981144928059846,2020-04-28,200 km east of Coolangatta Queensland AUSTRALIA,200 km east of Coolangatta,Queensland,AUSTRALIA,-28.166666999999997,153.533333
953,2020-04-28|200 miles offshore Queensland AUSTRALIA,1.2868398698850205,-0.9925878863371694,0.16602230563920176,0.1657494628534741,0.8638746493043247,0.7462794097106699,0.26046800705839096,2020-04-28,200 miles offshore Queensland AUSTRALIA,200 miles offshore,Queensland,AUSTRALIA,-20.9175738,142.7027956
954,2020-04-28|26 nautical miles out to sea off Lake Macquarie New South Wales AUSTRALIA,0.6079172266582896,-0.3966637275688113,0.0380570414198875,0.016388088354849853,0.3264133750278707,0.10654569139708536,0.09841733559281911,2020-04-28,26 nautical miles out to sea off Lake Macquarie New South Wales AUSTRALIA,26 nautical miles out to sea off Lake Macquarie,New South Wales,AUSTRALIA,-31.433333,152.9
955,2020-04-28|3 km off Port Victoria Yorke Peninsula South Australia AUSTRALIA,0.6215897695317085,-0.41401914470117473,0.05154215915432761,-0.08082615920703295,0.35157297168653023,0.12360355442049778,0.10149037492150746,2020-04-28,3 km off Port Victoria Yorke Peninsula South Australia AUSTRALIA,3 km off Port Victoria,South Australia,AUSTRALIA,-34.496666999999995,137.48333300000002
956,2020-04-28|3 km west of Rottnest Island Western Australia AUSTRALIA,0.2844246085761531,-0.19464672001430683,-0.010270934979858318,-0.0735942486751585,0.17367738356029125,0.030163833560348522,0.046417233222423915,2020-04-28,3 km west of Rottnest Island Western Australia AUSTRALIA,3 km west of Rottnest Island,Western Australia,AUSTRALIA,-32.0063677,115.5073002
957,2020-04-28|3 miles out to sea off Glenelg South Australia AUSTRALIA,1.1123664800951363,-0.6994844360203409,0.1474678620160976,0.14901299509414417,0.603108548732547,0.36373992155427903,0.18184406945469395,2020-04-28,3 miles out to sea off Glenelg South Australia AUSTRALIA,3 miles out to sea off Glenelg,South Australia,AUSTRALIA,-34.982,138.516
958,2020-04-28|5 miles south of Sussex Inlet at mouth of Berara Lake New South Wales AUSTRALIA,0.535527337281024,-0.44020955752493834,0.029613863582882524,0.03615043502577678,0.2956112072679876,0.08738598586243715,0.08533560504582145,2020-04-28,5 miles south of Sussex Inlet at mouth of Berara Lake New South Wales AUSTRALIA,5 miles south of Sussex Inlet at mouth of Berara Lake,New South Wales,AUSTRALIA,-35.206926200000005,150.5515985
959,2020-04-28|5 nm off Cervantes Western Australia AUSTRALIA,1.6529085656722398,-1.8676099375877089,0.08102811203421594,0.07774537177035598,1.0812199355509478,1.1690365490327956,0.2998764552063702,2020-04-28,5 nm off Cervantes Western Australia AUSTRALIA,5 nm off Cervantes,Western Australia,AUSTRALIA,34.5199402,-105.87009009999998
960,2020-04-28|50 km east of Townsville Queensland AUSTRALIA,0.5887086044686087,-0.4357667240625685,-0.009592014753424333,-0.018093621680696077,0.32318396218432116,0.10444787341315673,0.1142627856156351,2020-04-28,50 km east of Townsville Queensland AUSTRALIA,50 km east of Townsville,Queensland,AUSTRALIA,-19.2589635,146.8169483
961,2020-04-28|55 miles south of Adelaide South Australia AUSTRALIA,1.1123712939419208,-0.6994876371776985,0.14746787317548077,0.14901514841895722,0.6031106907658255,0.3637425053160312,0.18184471530202784,2020-04-28,55 miles south of Adelaide South Australia AUSTRALIA,55 miles south of Adelaide,South Australia,AUSTRALIA,-34.9284989,138.6007456
962,2020-04-28|6 km off Collendina south of Melbourne Victoria AUSTRALIA,0.36457468782997565,-0.43617613418927387,0.031732210893491944,0.1123181468209559,0.2886668704221663,0.08332856207932776,0.09128447955667368,2020-04-28,6 km off Collendina south of Melbourne Victoria AUSTRALIA,6 km off Collendina,Victoria,AUSTRALIA,-37.835,144.96
963,2020-04-28|7 Mile Beach Gerroa New South Wales AUSTRALIA,0.5517433902212731,-0.43595575738547604,0.03500968376368167,0.04266965081012029,0.3003252165196814,0.09019523567759352,0.08669642230103536,2020-04-28,7 Mile Beach Gerroa New South Wales AUSTRALIA,7 Mile Beach,New South Wales,AUSTRALIA,-34.7699,150.813133
964,2020-04-28|7 km off Trigg surf beach Perth Western Australia AUSTRALIA,0.2865150831103259,-0.19483797243731701,-0.01233403318467136,-0.07791124327183671,0.1740104130084168,0.030279623835359794,0.04650623908632336,2020-04-28,7 km off Trigg surf beach Perth Western Australia AUSTRALIA,7 km off Trigg surf beach,Western Australia,AUSTRALIA,-31.8744999,115.7531233
965,2020-04-28|A pearl farm in Roebuck Bay Western Australia AUSTRALIA,3.2798335922990756,-2.741090832336263,0.6404089139511986,1.2716137075275062,2.2235859956136013,4.94433467988893,0.6704364033217421,2020-04-28,A pearl farm in Roebuck Bay Western Australia AUSTRALIA,A pearl farm in Roebuck Bay,Western Australia,AUSTRALIA,-18.0858333,122.28305559999998
966,2020-04-28|Adelaide South Australia AUSTRALIA,1.1123712939419208,-0.6994876371776985,0.14746787317548077,0.14901514841895722,0.6031106907658255,0.3637425053160312,0.18184471530202784,2020-04-28,Adelaide South Australia AUSTRALIA,Adelaide,South Australia,AUSTRALIA,-34.9284989,138.6007456
967,2020-04-28|African Reef off Geraldton Western Australia AUSTRALIA,0.32557736901064593,-0.18347021083026646,0.05195049937314522,0.012921437537935941,0.17283849673764828,0.029873145954530056,0.04989417630890575,2020-04-28,African Reef off Geraldton Western Australia AUSTRALIA,African Reef off Geraldton,Western Australia,AUSTRALIA,-28.802443,114.61852209999999
968,2020-04-28|Albany Western Australia AUSTRALIA,0.3443893041838474,-0.19732422590244042,0.0025448967154113275,-0.08883332178108047,0.2040343882203429,0.041630031576449594,0.05889965448147779,2020-04-28,Albany Western Australia AUSTRALIA,Albany,Western Australia,AUSTRALIA,-35.0269344,117.8837206
969,2020-04-28|Albany incident took place 200 metres from swimmers Western Australia AUSTRALIA,0.3443893041838474,-0.19732422590244042,0.0025448967154113275,-0.08883332178108047,0.2040343882203429,0.041630031576449594,0.05889965448147779,2020-04-28,Albany incident took place 200 metres from swimmers Western Australia AUSTRALIA,Albany (incident took place 200 metres from swimmers),Western Australia,AUSTRALIA,-35.0269344,117.8837206
970,2020-04-28|Albert Park in Port Phillip Bay Victoria AUSTRALIA,0.3645749505839225,-0.43617602547371315,0.031731821739271346,0.11231135880537393,0.2886669940959906,0.0833286334804147,0.09128451866577085,2020-04-28,Albert Park in Port Phillip Bay Victoria AUSTRALIA,Albert Park in Port Phillip Bay,Victoria,AUSTRALIA,-37.8438609,144.95145359999998
971,2020-04-28|Aldinga Beach South Australia AUSTRALIA,1.0246646092640985,-0.6299558682914771,0.13773682170557253,0.1604089049693357,0.5453900805823705,0.2974503399976446,0.1644412965157654,2020-04-28,Aldinga Beach South Australia AUSTRALIA,Aldinga Beach,South Australia,AUSTRALIA,-35.281,138.454
972,2020-04-28|Alexandra Headland near Mooloolaba Queensland AUSTRALIA,0.6170477060709258,-0.41750350090789723,0.04213237425864176,0.0038275480285864427,0.32533017551188054,0.105839723098591,0.09809073865030693,2020-04-28,Alexandra Headland near Mooloolaba Queensland AUSTRALIA,Alexandra Headland near Mooloolaba,Queensland,AUSTRALIA,-26.673000000000002,153.101
973,2020-04-28|Alma Bay Magnetic Island Townsville Queensland AUSTRALIA,0.5975455792400202,-0.44112987134478754,-0.0068134260675815975,-0.01341507255427261,0.32760864860835154,0.10732742664299036,0.11582714850316307,2020-04-28,Alma Bay Magnetic Island Townsville Queensland AUSTRALIA,Alma Bay,Queensland,AUSTRALIA,-19.148322,146.868517
974,2020-04-28|Altona Melbourne Victoria AUSTRALIA,0.3624653568334048,-0.4338292599096047,0.03248645855404082,0.1133956508450806,0.2869710490225197,0.08235238297708539,0.09074821374389988,2020-04-28,Altona Melbourne Victoria AUSTRALIA,Altona,Victoria,AUSTRALIA,-37.863151200000004,144.81202180000002
975,2020-04-28|Amity Point North Stradbroke Island Queensland AUSTRALIA,0.7571590336609155,-0.6695682841992249,-0.000371216947683245,0.04958038003080002,0.4560938421984743,0.2080215928913668,0.13166295128450992,2020-04-28,Amity Point North Stradbroke Island Queensland AUSTRALIA,Amity Point,Queensland,AUSTRALIA,-27.397250800000002,153.45375990000002
976,2020-04-28|Anglesea Victoria AUSTRALIA,1.0259687933509871,-0.828200545875452,0.15245029130881912,0.23661339093037193,0.5761421889668739,0.33193982190754096,0.16631792394576245,2020-04-28,Anglesea Victoria AUSTRALIA,Anglesea,Victoria,AUSTRALIA,-38.4096639,144.18251709999998
977,2020-04-28|Angourie New South Wales AUSTRALIA,0.6206941247804095,-0.37927302618641073,0.04139400862662913,0.006771058170862923,0.33080663867154453,0.10943303218916582,0.09974195442110781,2020-04-28,Angourie New South Wales AUSTRALIA,Angourie,New South Wales,AUSTRALIA,-29.479166999999997,153.359444
978,2020-04-28|Angourie near Yamba New South Wales AUSTRALIA,0.620705653140439,-0.37927271922292105,0.04139548845599386,0.006769603698760106,0.330808739217852,0.10943442194290479,0.09974258775964931,2020-04-28,Angourie near Yamba New South Wales AUSTRALIA,Angourie,New South Wales,AUSTRALIA,-29.479166999999997,153.359444
979,2020-04-28|Arakoons Little Bay New South Wales AUSTRALIA,0.5618054408492624,-0.42877294759391377,0.039188960566311666,0.04774995701707057,0.30273597228944865,0.09164906891803781,0.08739234754734813,2020-04-28,Arakoons Little Bay New South Wales AUSTRALIA,Arakoon's Little Bay,New South Wales,AUSTRALIA,-33.980540000000005,151.24301
980,2020-04-28|Archies Beach Queensland AUSTRALIA,1.2868664269244117,-0.9926089868412232,0.1660278654604179,0.16575695561037082,0.8638915010385415,0.7463085255666244,0.26047308804743313,2020-04-28,Archies Beach Queensland AUSTRALIA,Archie's Beach,Queensland,AUSTRALIA,-20.9175738,142.7027956
981,2020-04-28|Ardrossan South Australia AUSTRALIA,1.3244559540112604,-1.130614358504898,0.10218560492927727,0.1679976001018732,0.8007467919632216,0.641195424839391,0.23115568794634764,2020-04-28,Ardrossan South Australia AUSTRALIA,Ardrossan,South Australia,AUSTRALIA,-34.419107399999994,137.91780119999999
982,2020-04-28|Arlington Reef near Cairns Queensland AUSTRALIA,0.46342426138162796,-0.4117351531050163,-0.052659525249047004,-0.10144213281125357,0.3189705495590829,0.10174221148602336,0.12055953566956235,2020-04-28,Arlington Reef near Cairns Queensland AUSTRALIA,Arlington Reef near Cairns,Queensland,AUSTRALIA,-16.688272899999998,146.0357725
983,2020-04-28|Arrawarra Headland New South Wales AUSTRALIA,0.6101028897106767,-0.38054719300466816,0.03882498850930773,0.0018908318207290504,0.32716167529268814,0.10703476178031832,0.0986429566118121,2020-04-28,Arrawarra Headland New South Wales AUSTRALIA,Arrawarra Headland,New South Wales,AUSTRALIA,-30.068610999999997,153.195278
984,2020-04-28|At Flat Top near Mackay Queensland AUSTRALIA,1.7257142903724676,-0.8844397412359355,0.3010844529404014,0.3252673176593146,0.8747774702676231,0.7652356224878223,0.2637553312667257,2020-04-28,At Flat Top near Mackay Queensland AUSTRALIA,At Flat Top,Queensland,AUSTRALIA,-21.162427899999997,149.24560830000001
985,2020-04-28|Auckland Creek Gladstone Queensland AUSTRALIA,0.860827058646052,-0.6099262594008693,0.08780073316742562,0.2130445285467415,0.4793477995671096,0.2297743129498299,0.14452879956787157,2020-04-28,Auckland Creek Gladstone Queensland AUSTRALIA,Auckland Creek,Queensland,AUSTRALIA,-23.875737899999997,151.24061310000002
986,2020-04-28|Austinmer New South Wales AUSTRALIA,0.5568255237846678,-0.43208010528480595,0.03672290972626153,0.04466417941948008,0.3015789413536848,0.09094985786800924,0.08705834148623615,2020-04-28,Austinmer New South Wales AUSTRALIA,Austinmer,New South Wales,AUSTRALIA,-34.306311,150.93451000000002
987,2020-04-28|Avalon Beach New South Wales AUSTRALIA,0.5702419755591894,-0.42812390947440904,0.042421273319476004,0.051896017018157145,0.30539737799898076,0.09326755848865234,0.08816062919875872,2020-04-28,Avalon Beach New South Wales AUSTRALIA,Avalon Beach,New South Wales,AUSTRALIA,-33.6302836,151.3297698
988,2020-04-28|Avalon Beach near Mandurah 50 miles south of Perth Western Australia AUSTRALIA,0.2917194567880578,-0.18651189593047907,-0.008627507978708133,-0.07908957023493243,0.1757497764976491,0.030887983938973615,0.04697110353259272,2020-04-28,Avalon Beach near Mandurah 50 miles south of Perth Western Australia AUSTRALIA,Avalon Beach,Western Australia,AUSTRALIA,-32.5933864,115.6364088
989,2020-04-28|Avalon New South Wales AUSTRALIA,0.5702307336741925,-0.4281255261034794,0.04241639723551268,0.05189477599816259,0.3053924775889076,0.09326456536789142,0.08815921457222128,2020-04-28,Avalon New South Wales AUSTRALIA,Avalon,New South Wales,AUSTRALIA,-33.6302836,151.3297698
990,2020-04-28|Avalon Point Manurah Western Australia AUSTRALIA,0.29201421872413524,-0.18534914242935827,0.005291179185192742,-0.049521940021744024,0.1749954160437655,0.030623395636330583,0.04853499580899617,2020-04-28,Avalon Point Manurah Western Australia AUSTRALIA,Avalon Point,Western Australia,AUSTRALIA,-32.5947053,115.6329821
991,2020-04-28|Avoca Beach New South Wales AUSTRALIA,0.575059422908537,-0.42661609265887096,0.04385614370636839,0.05360225027067571,0.3067961057279591,0.09412385048984108,0.08856440711418305,2020-04-28,Avoca Beach New South Wales AUSTRALIA,Avoca Beach,New South Wales,AUSTRALIA,-33.465,151.435
992,2020-04-28|Backbeach Halls Head Western Australia AUSTRALIA,0.292156879430587,-0.18611611224348437,0.004267349266975238,-0.0510065936065836,0.17527234547115753,0.030720395086960797,0.04861180221285362,2020-04-28,Backbeach Halls Head Western Australia AUSTRALIA,Backbeach,Western Australia,AUSTRALIA,-32.5293276,115.6941929
993,2020-04-28|Badger Head Tasmania AUSTRALIA,1.196280047707955,-1.3038864217722548,0.25676175550615493,0.4675396858003496,0.8765758820991073,0.768385277077828,0.25304566074752666,2020-04-28,Badger Head Tasmania AUSTRALIA,Badger Head,Tasmania,AUSTRALIA,-41.1291591,146.731436
994,2020-04-28|Bald Island Western Australia AUSTRALIA,0.3493637044369387,-0.18737366925783377,0.0442225403726999,-0.019490377591411572,0.21579239018812937,0.04656635566310587,0.062293897282094626,2020-04-28,Bald Island Western Australia AUSTRALIA,Bald Island,Western Australia,AUSTRALIA,-34.9233188,118.46887759999998
995,2020-04-28|Balmain Sydney Estuary New South Wales AUSTRALIA,0.5645303826772281,-0.4280223910219448,0.040524788580224,0.04948852160195839,0.303421175305584,0.09206440962382194,0.08759014862025578,2020-04-28,Balmain Sydney Estuary New South Wales AUSTRALIA,Balmain,New South Wales,AUSTRALIA,-33.85895,151.17906000000002
996,2020-04-28|Bantry Bay near Ironstone Point Middle Harbor Sydney New South Wales AUSTRALIA,0.5661133391166149,-0.42764165752678496,0.04092375989990835,0.04995239180100727,0.30386763654496163,0.09233554053942089,0.08771903087862448,2020-04-28,Bantry Bay near Ironstone Point Middle Harbor Sydney New South Wales AUSTRALIA,Bantry Bay,New South Wales,AUSTRALIA,-33.7806576,151.2151164
997,2020-04-28|Bar Beach Newcastle New South Wales AUSTRALIA,0.5840354030753874,-0.42379123132700325,0.04605707633881347,0.05609115452773849,0.31015348122247244,0.09619518191441857,0.08953359793694701,2020-04-28,Bar Beach Newcastle New South Wales AUSTRALIA,Bar Beach,New South Wales,AUSTRALIA,-32.94,151.767778
998,2020-04-28|Bargara Queensland AUSTRALIA,0.7805493436546462,-0.690401122907002,6.387071588657852e-05,0.02658072528963443,0.4686478247022263,0.21963078359812865,0.14130263575941232,2020-04-28,Bargara Queensland AUSTRALIA,Bargara,Queensland,AUSTRALIA,-24.8312314,152.4592208
999,2020-04-28|Barren Joey Island Tasmania AUSTRALIA,1.1579565783743822,-1.2530495209945218,0.19276015384892073,0.3179562346132348,0.8370889192714748,0.7007178587670857,0.2523918055806894,2020-04-28,Barren Joey Island Tasmania AUSTRALIA,Barren Joey Island,Tasmania,AUSTRALIA,-40.94228579999999,146.98485580000002
1000,2020-04-28|Barrier Reef Queensland AUSTRALIA,0.5086932130252056,-0.4426126431691887,-0.03693360171645469,-0.07961456559400691,0.3469046768414954,0.12034285481450234,0.13111764336683207,2020-04-28,Barrier Reef Queensland AUSTRALIA,Barrier Reef,Queensland,AUSTRALIA,-18.2870668,147.6991918
1001,2020-04-28|Barrier Reef off Mackay Queensland AUSTRALIA,1.6953468924426207,-0.8714361219019435,0.2899745500828974,0.30487299613068425,0.8587976270229752,0.7375333641802932,0.25893722724389,2020-04-28,Barrier Reef off Mackay Queensland AUSTRALIA,Barrier Reef off Mackay,Queensland,AUSTRALIA,-21.1424956,149.1821469
1002,2020-04-28|Barrow Passage Western Australia AUSTRALIA,0.9171048680266866,-0.7374991808148808,0.18527810238816278,0.1789388238998156,0.53775901462768,0.2891847578133334,0.16214044355920507,2020-04-28,Barrow Passage Western Australia AUSTRALIA,Barrow Passage,Western Australia,AUSTRALIA,-20.780434200000002,115.4022706
1003,2020-04-28|Barrow Point 100 miles north of Cooktown Queensland Queensland AUSTRALIA,0.43721550822801236,-0.3935399614108199,0.004385427717077377,-0.027490784685450773,0.32864711635254823,0.10800892708684537,0.11619430229514556,2020-04-28,Barrow Point 100 miles north of Cooktown Queensland Queensland AUSTRALIA,Barrow Point,Queensland,AUSTRALIA,-15.4758164,145.2470981
1004,2020-04-28|Bass Point New South Wales AUSTRALIA,0.5531052478135051,-0.43486434400513657,0.03570667412167553,0.043509294565373266,0.3005851399924109,0.09035142638425725,0.08677145574450988,2020-04-28,Bass Point New South Wales AUSTRALIA,Bass Point,New South Wales,AUSTRALIA,-34.5959607,150.9018394
1005,2020-04-28|Batemans Bay New South Wales AUSTRALIA,0.5295924948669413,-0.4433375010036314,0.027592350439797835,0.03356682583479763,0.2941868489960131,0.08654590212220303,0.08492442822994799,2020-04-28,Batemans Bay New South Wales AUSTRALIA,Bateman's Bay,New South Wales,AUSTRALIA,-35.7143871,150.1794707
1006,2020-04-28|Bathurst Reef Rottnest Island Western Australia AUSTRALIA,0.284860325237487,-0.19392102115774865,-0.010706739745442296,-0.07492379158347649,0.17356767965299946,0.030125739420126245,0.04638791361991847,2020-04-28,Bathurst Reef Rottnest Island Western Australia AUSTRALIA,Bathurst Reef,Western Australia,AUSTRALIA,-31.989356899999997,115.5407453
1007,2020-04-28|Batt Reef Queensland AUSTRALIA,0.4679486792947336,-0.41324626078636867,0.008144097861756702,0.007901619648455663,0.32830807274425633,0.10778619062904791,0.10943602424808545,2020-04-28,Batt Reef Queensland AUSTRALIA,Batt Reef,Queensland,AUSTRALIA,-16.415952800000003,145.7710071
1008,2020-04-28|Beechford Tasmania AUSTRALIA,1.170114477180462,-1.2750090403500027,0.26940349416364695,0.4767741010132617,0.8585686672631406,0.7371401564060055,0.24784742558107625,2020-04-28,Beechford Tasmania AUSTRALIA,Beechford,Tasmania,AUSTRALIA,-41.042725299999994,146.9720846
1009,2020-04-28|Beecroft Head New South Wales AUSTRALIA,0.5464381939957766,-0.4363342771594029,0.03344400946933717,0.040743177548286595,0.2983819555961097,0.08903179142535879,0.08613545119237045,2020-04-28,Beecroft Head New South Wales AUSTRALIA,Beecroft Head,New South Wales,AUSTRALIA,-35.0135426,150.84937340000002
1010,2020-04-28|Belfast now Port Fairy South Australia AUSTRALIA,0.436873002007307,-0.4002300002243345,0.04793823657178045,0.04688435435767688,0.2530403718701686,0.0640294297961932,0.07629454275503185,2020-04-28,Belfast now Port Fairy South Australia AUSTRALIA,Belfast (now Port Fairy),South Australia,AUSTRALIA,-38.3860016,142.2356621
1011,2020-04-28|Bellambi New South Wales AUSTRALIA,0.5558017022822928,-0.43251877515894566,0.03642009253071827,0.04434541953951232,0.301325958888374,0.09079733349999806,0.08698531173901242,2020-04-28,Bellambi New South Wales AUSTRALIA,Bellambi,New South Wales,AUSTRALIA,-34.366667,150.916667
1012,2020-04-28|Bellambi Reef New South Wales AUSTRALIA,0.5558017022822928,-0.43251877515894566,0.03642009253071827,0.04434541953951232,0.301325958888374,0.09079733349999806,0.08698531173901242,2020-04-28,Bellambi Reef New South Wales AUSTRALIA,Bellambi Reef,New South Wales,AUSTRALIA,-34.373611100000005,150.93472219999998
1013,2020-04-28|Bellingen New South Wales AUSTRALIA,0.6068705572096166,-0.38220361881297954,0.03869317671487992,0.005036711421617659,0.32554506611343315,0.10597959007079957,0.09815553060451818,2020-04-28,Bellingen New South Wales AUSTRALIA,Bellingen,New South Wales,AUSTRALIA,-30.4522423,152.8979566
1014,2020-04-28|Bellinger Head New South Wales AUSTRALIA,0.6068602120201679,-0.3822043569091059,0.03868886074028235,0.005039627082395166,0.32554036980807993,0.10597653237478144,0.09815411461517659,2020-04-28,Bellinger Head New South Wales AUSTRALIA,Bellinger Head,New South Wales,AUSTRALIA,-30.502025699999997,153.02505980000004
1015,2020-04-28|Bells Beach Victoria AUSTRALIA,1.048650245963794,-0.862990794965997,0.1472105632942661,0.23595881524264659,0.5966021634254047,0.35593414140387336,0.17222420982638528,2020-04-28,Bells Beach Victoria AUSTRALIA,Bells Beach,Victoria,AUSTRALIA,-38.366944000000004,144.284722
1016,2020-04-28|Bellynahinch on the Manning River New South Wales AUSTRALIA,0.6035360017807888,-0.41099158176292994,0.04937594429577904,0.05868201638377457,0.3149081656965066,0.09916715282233844,0.09090615711744468,2020-04-28,Bellynahinch on the Manning River New South Wales AUSTRALIA,"""Bellynahinch"" on the Manning River",New South Wales,AUSTRALIA,-31.8518472,152.10067469999998
1017,2020-04-28|Belongil Bay New South Wales AUSTRALIA,0.6199164267204953,-0.3801322223400244,0.04525958610107136,0.00429137189649079,0.32595568472746256,0.10624710840614895,0.09827933677494285,2020-04-28,Belongil Bay New South Wales AUSTRALIA,Belongil Bay,New South Wales,AUSTRALIA,-28.633732799999997,153.6003455
1018,2020-04-28|Belongil Beach Byron Bay New South Wales AUSTRALIA,0.6199164267204953,-0.3801322223400244,0.04525958610107136,0.00429137189649079,0.32595568472746256,0.10624710840614895,0.09827933677494285,2020-04-28,Belongil Beach Byron Bay New South Wales AUSTRALIA,Belongil Beach,New South Wales,AUSTRALIA,-28.633732799999997,153.6003455
1019,2020-04-28|Bermagui New South Wales AUSTRALIA,0.5220787305951284,-0.44460985036004214,0.024241139969258457,0.02910465557319301,0.2914739398874579,0.08495705763351744,0.08414127882789231,2020-04-28,Bermagui New South Wales AUSTRALIA,Bermagui,New South Wales,AUSTRALIA,-36.4433701,150.061362
1020,2020-04-28|Bernier Island Shark Bay Western Australia AUSTRALIA,0.4536158943032565,-0.41810842616808575,0.07169855920133758,0.08135464686461054,0.26035660383156817,0.06778556115870814,0.07220992961695255,2020-04-28,Bernier Island Shark Bay Western Australia AUSTRALIA,Bernier Island,Western Australia,AUSTRALIA,-24.8504267,113.1381998
1021,2020-04-28|Berrys Bay Sydney Harbour New South Wales AUSTRALIA,0.5645432590511701,-0.42802198342238207,0.0405261039265647,0.049488825343821576,0.3034232146906875,0.09206564721323103,0.08759073734002502,2020-04-28,Berrys Bay Sydney Harbour New South Wales AUSTRALIA,Berry's Bay,New South Wales,AUSTRALIA,-33.8462182,151.2488616
1022,2020-04-28|Between Bay Rock & Magnetic Island Cleveland Bay Queensland AUSTRALIA,0.5975034836061852,-0.44053725984183123,-0.007453597405974552,-0.014656118022092107,0.3274619431189672,0.10723132419124973,0.1157752802799726,2020-04-28,Between Bay Rock & Magnetic Island Cleveland Bay Queensland AUSTRALIA,Between Bay Rock & Magnetic Island,Queensland,AUSTRALIA,-19.2180556,146.9222222
1023,2020-04-28|Between Carnac and Garden Islands Western Australia AUSTRALIA,0.28759214243868625,-0.19065812779697297,-0.011626668778935732,-0.07964987713090473,0.17451866331283683,0.030456763844499298,0.046642074693885024,2020-04-28,Between Carnac and Garden Islands Western Australia AUSTRALIA,Between Carnac and Garden Islands,Western Australia,AUSTRALIA,-32.204325399999995,115.67762739999999
1024,2020-04-28|Between De Grey River and Port Walcott Western Australia AUSTRALIA,2.5218436010589906,-2.250414810370891,0.6535950800274527,1.038226162982348,1.6763862351891252,2.810270809531569,0.4839310220761124,2020-04-28,Between De Grey River and Port Walcott Western Australia AUSTRALIA,Between De Grey River and Port Walcott,Western Australia,AUSTRALIA,-20.342612,118.6718706
1025,2020-04-28|Between Dee Why and Long Reef New South Wales AUSTRALIA,0.5661010475920871,-0.4276424683502256,0.04092224767907187,0.04995177983953535,0.30386566934778764,0.09233434500817901,0.0877184629977155,2020-04-28,Between Dee Why and Long Reef New South Wales AUSTRALIA,Between Dee Why and Long Reef,New South Wales,AUSTRALIA,-33.746083399999996,151.30407160000001
1026,2020-04-28|Between Port Arthur Penal Colony & Forestier Peninsula Tasmania AUSTRALIA,0.3647354469560422,-0.3750612901719498,0.05168848163048223,0.09990583713810074,0.21739961705967484,0.04726259349769326,0.06029580512114565,2020-04-28,Between Port Arthur Penal Colony & Forestier Peninsula Tasmania AUSTRALIA,Between Port Arthur Penal Colony & Forestier Peninsula,Tasmania,AUSTRALIA,-43.177459999999996,147.8420491
1027,2020-04-28|Between Queensland AUSTRALIA,1.2868664269244117,-0.9926089868412232,0.1660278654604179,0.16575695561037082,0.8638915010385415,0.7463085255666244,0.26047308804743313,2020-04-28,Between Queensland AUSTRALIA,Between,Queensland,AUSTRALIA,-20.9175738,142.7027956
1028,2020-04-28|Between Smith’s Rock & Moreton Island Queensland AUSTRALIA,0.7261253612804924,-0.5932691647524442,0.001971714609932426,-0.010055986050269876,0.4214209042856353,0.17759557856892255,0.12706318348433893,2020-04-28,Between Smith’s Rock & Moreton Island Queensland AUSTRALIA,Between Smith’s Rock & Moreton Island,Queensland,AUSTRALIA,-27.178901,153.3730896
1029,2020-04-28|Between Wynnum & St Helena Island Queensland AUSTRALIA,0.7386392085991901,-0.5438136023892169,0.04475570162805776,0.11105085562618024,0.422965349277135,0.1788996866891288,0.1275288511703524,2020-04-28,Between Wynnum & St Helena Island Queensland AUSTRALIA,Between Wynnum & St. Helena Island,Queensland,AUSTRALIA,-27.391666700000002,153.2327778
1030,2020-04-28|Bherwerre Beach New South Wales AUSTRALIA,0.5374023938463727,-0.4404077523474777,0.030221686989372023,0.03691663983382046,0.29620794060603434,0.08773914407806796,0.0855078671224993,2020-04-28,Bherwerre Beach New South Wales AUSTRALIA,Bherwerre Beach,New South Wales,AUSTRALIA,-35.163734600000005,150.6497392
1031,2020-04-28|Bilgola Beach Sydney New South Wales AUSTRALIA,0.5702301726531295,-0.42812512191689955,0.0424165980892925,0.051895086161330345,0.30539240674829826,0.09326452209951806,0.08815919412229885,2020-04-28,Bilgola Beach Sydney New South Wales AUSTRALIA,Bilgola Beach,New South Wales,AUSTRALIA,-33.6444858,151.3275826
1032,2020-04-28|Binalong Bay Tasmania AUSTRALIA,0.44378038882277276,-0.4521054891144955,0.03317458950155954,0.07697218674757281,0.2665736029623693,0.07106148579633892,0.07695317071458618,2020-04-28,Binalong Bay Tasmania AUSTRALIA,Binalong Bay,Tasmania,AUSTRALIA,-41.249126399999994,148.2928957
1033,2020-04-28|Binningup Western Australia AUSTRALIA,0.31203559731709035,-0.1949863317270171,0.009103475023451251,-0.04842382849349936,0.18540888449002646,0.03437645444783597,0.05142317230425926,2020-04-28,Binningup Western Australia AUSTRALIA,Binningup,Western Australia,AUSTRALIA,-33.135769399999994,115.72061599999999
1034,2020-04-28|Birubi Point New South Wales AUSTRALIA,0.5848402101741461,-0.42216255827408833,0.045833940800280776,0.055626013567970214,0.3102643729178397,0.09626398110210031,0.0895656096120326,2020-04-28,Birubi Point New South Wales AUSTRALIA,Birubi Point,New South Wales,AUSTRALIA,-32.7884091,152.08031430000003
1035,2020-04-28|Black Head south of Taree New South Wales AUSTRALIA,0.6035365773067177,-0.4109918961891729,0.04937569896756668,0.05868164223870376,0.3149082125637761,0.09916718234011239,0.09090617064686002,2020-04-28,Black Head south of Taree New South Wales AUSTRALIA,Black Head,New South Wales,AUSTRALIA,-31.8894897,152.4444453
1036,2020-04-28|Black Point Eyre Peninsula South Australia AUSTRALIA,1.2876667275675693,-1.0713097385736767,0.11523981559177,0.18109048794397953,0.7672855021643141,0.5887270418315437,0.22149624560993197,2020-04-28,Black Point Eyre Peninsula South Australia AUSTRALIA,Black Point,South Australia,AUSTRALIA,-34.6106775,137.8773175
1037,2020-04-28|Black Point South Australia AUSTRALIA,1.2876640477956998,-1.0713081889043514,0.11523983397850557,0.1810906144482906,0.7672843327467107,0.588725247278565,0.22149590802814792,2020-04-28,Black Point South Australia AUSTRALIA,Black Point,South Australia,AUSTRALIA,-34.6106775,137.8773175
1038,2020-04-28|Black’s Beach 9 miles north of Mackay Queensland AUSTRALIA,1.6522211816538985,-0.8410329085105184,0.2878151209222102,0.297415263658633,0.8345387028813782,0.6964548466069332,0.2516228864079471,2020-04-28,Black’s Beach 9 miles north of Mackay Queensland AUSTRALIA,Black’s Beach,Queensland,AUSTRALIA,-21.062778,149.1875
1039,2020-04-28|Blairgowrie Victoria AUSTRALIA,1.0739653713312942,-0.9291075716031005,0.12833205054516797,0.22511758958175904,0.6296461213974308,0.3964542381908282,0.18176317884150525,2020-04-28,Blairgowrie Victoria AUSTRALIA,Blairgowrie,Victoria,AUSTRALIA,-38.36,144.769
1040,2020-04-28|Blue Bay New South Wales AUSTRALIA,0.5768720173250395,-0.42602840544442944,0.04442539707970327,0.05428470869876276,0.3074086116209881,0.0945000544987435,0.0887412223352933,2020-04-28,Blue Bay New South Wales AUSTRALIA,Blue Bay,New South Wales,AUSTRALIA,-33.353,151.501
1041,2020-04-28|Boarding School Bay Victoria AUSTRALIA,0.3624653568334048,-0.4338292599096047,0.03248645855404082,0.1133956508450806,0.2869710490225197,0.08235238297708539,0.09074821374389988,2020-04-28,Boarding School Bay Victoria AUSTRALIA,Boarding School Bay,Victoria,AUSTRALIA,-37.471307700000004,144.7851531
1042,2020-04-28|Boat Harbour north of Cronulla New South Wales AUSTRALIA,0.5852693416973155,-0.42083611509749214,0.04616867451181569,0.05601268769331814,0.3102050610653507,0.09622717991055793,0.08954848775503225,2020-04-28,Boat Harbour north of Cronulla New South Wales AUSTRALIA,Boat Harbour,New South Wales,AUSTRALIA,-32.7844827,152.110421
1043,2020-04-28|Bombo Beach New South Wales AUSTRALIA,0.5530939227361327,-0.43486610894743555,0.03570180016435736,0.04350810438420942,0.3005803080687438,0.09034852159870094,0.08677006088829495,2020-04-28,Bombo Beach New South Wales AUSTRALIA,Bombo Beach,New South Wales,AUSTRALIA,-34.656041200000004,150.8556659
1044,2020-04-28|Bondi Beach New South Wales AUSTRALIA,0.5645415764792986,-0.4280207606904731,0.04053154242266599,0.049501158612479626,0.3034259103567557,0.09206728307582596,0.08759151551179009,2020-04-28,Bondi Beach New South Wales AUSTRALIA,Bondi Beach,New South Wales,AUSTRALIA,-33.8914755,151.2766845
1045,2020-04-28|Bondi Beach Sydney New South Wales AUSTRALIA,0.5645309413956895,-0.428022798655657,0.040524592846594105,0.04948821789973501,0.3034212452701256,0.09206445208127373,0.08759016881727924,2020-04-28,Bondi Beach Sydney New South Wales AUSTRALIA,Bondi Beach,New South Wales,AUSTRALIA,-33.8914755,151.2766845
1046,2020-04-28|Bondi New South Wales AUSTRALIA,0.5645309413956895,-0.428022798655657,0.040524592846594105,0.04948821789973501,0.3034212452701256,0.09206445208127373,0.08759016881727924,2020-04-28,Bondi New South Wales AUSTRALIA,Bondi,New South Wales,AUSTRALIA,-33.89195,151.26099
1047,2020-04-28|Bondi Sydney New South Wales AUSTRALIA,0.5645309413956895,-0.428022798655657,0.040524592846594105,0.04948821789973501,0.3034212452701256,0.09206445208127373,0.08759016881727924,2020-04-28,Bondi Sydney New South Wales AUSTRALIA,Bondi,New South Wales,AUSTRALIA,-33.89195,151.26099
1048,2020-04-28|Boot Reef Torres Strait Queensland AUSTRALIA,0.944533102452082,-1.572852254453828,0.14392164868566817,0.39298723932792406,0.8333531223490538,0.694477426528917,0.23113057024596376,2020-04-28,Boot Reef Torres Strait Queensland AUSTRALIA,Boot Reef,Queensland,AUSTRALIA,-10.2199025,141.93685449999998
1049,2020-04-28|Booti Booti National Park New South Wales AUSTRALIA,0.5997738860241917,-0.4145438512596124,0.049051672940854184,0.058619363488330196,0.31345170994458543,0.09825197446718453,0.09048571455722745,2020-04-28,Booti Booti National Park New South Wales AUSTRALIA,Booti Booti National Park,New South Wales,AUSTRALIA,-32.312709600000005,152.5179343
1050,2020-04-28|Botany Bay New South Wales AUSTRALIA,0.5599953811520717,-0.42958198201362985,0.03849216293019677,0.0468923380587012,0.30225803979432053,0.09135992262030507,0.08725438031998979,2020-04-28,Botany Bay New South Wales AUSTRALIA,Botany Bay,New South Wales,AUSTRALIA,-33.9930374,151.175278
1051,2020-04-28|Botany Bay Sydney New South Wales AUSTRALIA,0.5600065419191748,-0.42958033986345484,0.03849699437968616,0.046893535599358174,0.3022628891626894,0.09136285416497626,0.08725578021205638,2020-04-28,Botany Bay Sydney New South Wales AUSTRALIA,Botany Bay,New South Wales,AUSTRALIA,-33.9930374,151.175278
1052,2020-04-28|Botany Bay? New South Wales AUSTRALIA,0.5600065419191748,-0.42958033986345484,0.03849699437968616,0.046893535599358174,0.3022628891626894,0.09136285416497626,0.08725578021205638,2020-04-28,Botany Bay? New South Wales AUSTRALIA,Botany Bay?,New South Wales,AUSTRALIA,-33.9930374,151.175278
1053,2020-04-28|Bowen Queensland AUSTRALIA,0.7016407996833668,-0.4715763504776471,-0.02817193212854442,-0.13619046982201055,0.36422595096702065,0.13266054335783053,0.109818256206181,2020-04-28,Bowen Queensland AUSTRALIA,Bowen,Queensland,AUSTRALIA,-20.012102399999996,148.24627900000002
1054,2020-04-28|Boyup Brook Western Australia AUSTRALIA,0.3205023864616127,-0.1940854709081399,0.026281642236990768,-0.00578410603074514,0.18737527659482395,0.035109494278986776,0.0540905831907511,2020-04-28,Boyup Brook Western Australia AUSTRALIA,Boyup Brook,Western Australia,AUSTRALIA,-33.829471500000004,116.3841139
1055,2020-04-28|Bradleys Head Sydney New South Wales AUSTRALIA,0.5661004900612292,-0.4276420629215034,0.04092244517085971,0.049952085800409315,0.3038655996972738,0.09233430267938382,0.08771844289134405,2020-04-28,Bradleys Head Sydney New South Wales AUSTRALIA,Bradleys Head,New South Wales,AUSTRALIA,-33.843012,151.2441915
1056,2020-04-28|Bramble Reef Queensland AUSTRALIA,0.5557975248478315,-0.47110556867991493,-0.05395513633446723,-0.0179470664213223,0.3265757335168045,0.10665170972203891,0.10885857783893484,2020-04-28,Bramble Reef Queensland AUSTRALIA,Bramble Reef,Queensland,AUSTRALIA,-18.4082815,146.70503100000002
1057,2020-04-28|Bribie Island Queensland AUSTRALIA,0.6389679433517013,-0.4646534856467874,0.020876351827981584,-0.013866195769853751,0.34945622948035465,0.12211965632262631,0.10536501762169725,2020-04-28,Bribie Island Queensland AUSTRALIA,Bribie Island,Queensland,AUSTRALIA,-26.986100300000004,153.1325243
1058,2020-04-28|Bribie Passage Caloundra Queensland AUSTRALIA,0.6207015065516048,-0.4228305952141797,0.04058962576406334,0.0028619227366272716,0.3283016261021594,0.10778195770132207,0.09898666471312831,2020-04-28,Bribie Passage Caloundra Queensland AUSTRALIA,Bribie Passage,Queensland,AUSTRALIA,-26.804309999999997,153.128613
1059,2020-04-28|Brible Island Queensland AUSTRALIA,0.6389679433517013,-0.4646534856467874,0.020876351827981584,-0.013866195769853751,0.34945622948035465,0.12211965632262631,0.10536501762169725,2020-04-28,Brible Island Queensland AUSTRALIA,Brible Island,Queensland,AUSTRALIA,-26.986100300000004,153.1325243
1060,2020-04-28|Bridport Tasmania AUSTRALIA,1.1329301593263972,-1.1619282711544547,0.1394681740270626,0.2637413301418292,0.8056925821649358,0.6491405369556018,0.23258341459850518,2020-04-28,Bridport Tasmania AUSTRALIA,Bridport,Tasmania,AUSTRALIA,-41.014520700000006,147.4070438
1061,2020-04-28|Brighton Beach Adelaide South Australia AUSTRALIA,1.1123616672248875,-0.6994812348718165,0.1474678514210802,0.14901084220321686,0.6031064071694991,0.36373733836890165,0.18184342374913987,2020-04-28,Brighton Beach Adelaide South Australia AUSTRALIA,Brighton Beach,South Australia,AUSTRALIA,-35.0244116,138.51712980000002
1062,2020-04-28|Brighton Victoria AUSTRALIA,0.3645749505839225,-0.43617602547371315,0.031731821739271346,0.11231135880537393,0.2886669940959906,0.0833286334804147,0.09128451866577085,2020-04-28,Brighton Victoria AUSTRALIA,Brighton,Victoria,AUSTRALIA,-37.9043383,144.9931825
1063,2020-04-28|Brisbane Queensland AUSTRALIA,0.9316332076562042,-0.5906462263604477,0.08272391715015338,0.10030077526966129,0.49372507073224814,0.24376444546956344,0.14252615124646525,2020-04-28,Brisbane Queensland AUSTRALIA,Brisbane,Queensland,AUSTRALIA,-27.469770699999998,153.0251235
1064,2020-04-28|Brisbane River Queensland AUSTRALIA,0.6170402686009034,-0.41750239892613666,0.0421300526875834,0.003823668509394859,0.32532731138603915,0.10583785953366887,0.09808987508387346,2020-04-28,Brisbane River Queensland AUSTRALIA,Brisbane River,Queensland,AUSTRALIA,-26.895106800000004,152.318608
1065,2020-04-28|Broken Head Beach New South Wales AUSTRALIA,0.6208218675524478,-0.3800058457431757,0.044185720890570615,0.003679477494715095,0.3267927370769699,0.10679349300625755,0.09853171755432477,2020-04-28,Broken Head Beach New South Wales AUSTRALIA,Broken Head Beach,New South Wales,AUSTRALIA,-28.701846399999997,153.6139946
1066,2020-04-28|Broken Head New South Wales AUSTRALIA,0.6214246044523686,-0.3787739501771773,0.04299493746160856,0.0036073843861116985,0.32743538808391626,0.10721393336966485,0.09872548412352343,2020-04-28,Broken Head New South Wales AUSTRALIA,Broken Head,New South Wales,AUSTRALIA,-28.7264578,153.5983166
1067,2020-04-28|Bronte Beach New South Wales AUSTRALIA,0.5645309413956895,-0.428022798655657,0.040524592846594105,0.04948821789973501,0.3034212452701256,0.09206445208127373,0.08759016881727924,2020-04-28,Bronte Beach New South Wales AUSTRALIA,Bronte Beach,New South Wales,AUSTRALIA,-33.90532,151.26068999999998
1068,2020-04-28|Bronte New South Wales AUSTRALIA,0.5645309413956895,-0.428022798655657,0.040524592846594105,0.04948821789973501,0.3034212452701256,0.09206445208127373,0.08759016881727924,2020-04-28,Bronte New South Wales AUSTRALIA,Bronte,New South Wales,AUSTRALIA,-33.90532,151.26068999999998
1069,2020-04-28|Broome Head New South Wales AUSTRALIA,0.6156328221619694,-0.3782064506028677,0.04105309786259705,0.005241169879901531,0.3287770936825835,0.10809437733036631,0.09913002358260511,2020-04-28,Broome Head New South Wales AUSTRALIA,Broome Head,New South Wales,AUSTRALIA,-29.6430001,153.30745190000002
1070,2020-04-28|Broome Western Australia AUSTRALIA,3.2150525401615013,-2.6304160272647015,0.6654517969122128,1.2841837563950802,2.1567127155974997,4.651409737619941,0.650273350747762,2020-04-28,Broome Western Australia AUSTRALIA,Broome,Western Australia,AUSTRALIA,-17.964429100000004,122.23036570000001
1071,2020-04-28|Broomfield Island Queensland AUSTRALIA,0.8364108907231791,-0.6030207005350969,0.08039898525997252,0.2040271494938873,0.46968608834006775,0.22060502158019393,0.1416156840248841,2020-04-28,Broomfield Island Queensland AUSTRALIA,Broomfield Island,Queensland,AUSTRALIA,-26.9601877,149.0840869
1072,2020-04-28|Broomfield Reef Queensland AUSTRALIA,0.7587179150358823,-0.6556116559078704,-0.0289406817548049,-0.0636193912127898,0.4386244213567534,0.19239138301054676,0.13225023904791824,2020-04-28,Broomfield Reef Queensland AUSTRALIA,Broomfield Reef,Queensland,AUSTRALIA,-23.2670335,151.93534019999998
1073,2020-04-28|Broughton Island New South Wales AUSTRALIA,0.5883756198157376,-0.4199314502608428,0.04658595971892645,0.0563247925312892,0.31100274451994814,0.09672270709894012,0.08977875913365224,2020-04-28,Broughton Island New South Wales AUSTRALIA,Broughton Island,New South Wales,AUSTRALIA,-32.6157855,152.31398269999997
1074,2020-04-28|Browns Inlet Broadwater Queensland AUSTRALIA,1.2868664269244117,-0.9926089868412232,0.1660278654604179,0.16575695561037082,0.8638915010385415,0.7463085255666244,0.26047308804743313,2020-04-28,Browns Inlet Broadwater Queensland AUSTRALIA,Brown's Inlet,Queensland,AUSTRALIA,-20.9175738,142.7027956
1075,2020-04-28|Brunswick Heads New South Wales AUSTRALIA,0.6186825878966346,-0.3792577632083241,0.045604990583818845,0.004919015410117535,0.3248145693296423,0.105504504448801,0.09793527753702767,2020-04-28,Brunswick Heads New South Wales AUSTRALIA,Brunswick Heads,New South Wales,AUSTRALIA,-28.5557919,153.54363940000002
1076,2020-04-28|Buddina Beach south of Noosa Queensland AUSTRALIA,0.6176963637638367,-0.41480765165957656,0.044400583318105744,0.005697133465306935,0.3242019917726548,0.10510693146935654,0.09775057845416221,2020-04-28,Buddina Beach south of Noosa Queensland AUSTRALIA,Buddina Beach,Queensland,AUSTRALIA,-26.3864103,153.0923901
1077,2020-04-28|Bullcock Beach Queensland AUSTRALIA,0.6207015065516048,-0.4228305952141797,0.04058962576406334,0.0028619227366272716,0.3283016261021594,0.10778195770132207,0.09898666471312831,2020-04-28,Bullcock Beach Queensland AUSTRALIA,Bullcock Beach,Queensland,AUSTRALIA,-26.806945199999998,153.131696
1078,2020-04-28|Bunbury Western Australia AUSTRALIA,0.31752408167246726,-0.1909814132018653,0.026320895470652365,-0.005368413266367049,0.1854367899962167,0.03438680308410098,0.053530990310987916,2020-04-28,Bunbury Western Australia AUSTRALIA,Bunbury,Western Australia,AUSTRALIA,-33.3209971,115.63834820000001
1079,2020-04-28|Bundegi Sanctuary Zone Ningaloo Western Australia AUSTRALIA,0.535348608149688,-0.42037403853112976,0.07714539196651576,0.08724233253366484,0.2842850100571163,0.08081796694317471,0.08571515562562419,2020-04-28,Bundegi Sanctuary Zone Ningaloo Western Australia AUSTRALIA,Bundegi Sanctuary Zone,Western Australia,AUSTRALIA,-22.6799051,113.69804909999999
1080,2020-04-28|Bunker Bay Western Australia AUSTRALIA,0.3123763317005249,-0.210615501814641,0.005181711487625713,-0.04861542026628517,0.19163024827067543,0.0367221520522807,0.05314866815921652,2020-04-28,Bunker Bay Western Australia AUSTRALIA,Bunker Bay,Western Australia,AUSTRALIA,-33.5426804,115.0391851
1081,2020-04-28|Burleigh Heads Brisbane Queensland AUSTRALIA,0.6252949999813036,-0.37877320220220456,0.04717089718638579,0.009842155933319201,0.3259666498162419,0.10625425679242446,0.09828264287360412,2020-04-28,Burleigh Heads Brisbane Queensland AUSTRALIA,Burleigh Heads,Queensland,AUSTRALIA,-28.104,153.436
1082,2020-04-28|Burleigh Lake on the Gold Coast Queensland AUSTRALIA,0.6252564692613541,-0.37999549655654613,0.046941577639143146,0.008926752766440645,0.3258225445017162,0.10616033050557286,0.09823919348646068,2020-04-28,Burleigh Lake on the Gold Coast Queensland AUSTRALIA,Burleigh Lake on the Gold Coast,Queensland,AUSTRALIA,-28.087777799999998,153.4408333
1083,2020-04-28|Burnett River Queensland AUSTRALIA,0.7536999067166521,-0.6508429672624714,0.00788202904174365,0.02549691433693556,0.4439637276036263,0.1971037914277069,0.13386010045352537,2020-04-28,Burnett River Queensland AUSTRALIA,Burnett River,Queensland,AUSTRALIA,-25.3273915,151.813121
1084,2020-04-28|Burns Beach Perth Western Australia AUSTRALIA,0.28522898114403467,-0.19610606219257132,-0.012143430442911782,-0.0762721748043132,0.17350972838242112,0.030105625843341557,0.0463724254913733,2020-04-28,Burns Beach Perth Western Australia AUSTRALIA,Burns Beach,Western Australia,AUSTRALIA,-31.724687199999998,115.7248959
1085,2020-04-28|Bushrangers Pass at Bass Point New South Wales AUSTRALIA,0.5531052478135051,-0.43486434400513657,0.03570667412167553,0.043509294565373266,0.3005851399924109,0.09035142638425725,0.08677145574450988,2020-04-28,Bushrangers Pass at Bass Point New South Wales AUSTRALIA,Bushrangers Pass at Bass Point,New South Wales,AUSTRALIA,-34.5973075,150.8997956
1086,2020-04-28|Bushy Ilet Queensland AUSTRALIA,1.477415978599528,-0.8444415674284709,0.08249035243945543,0.029084216296441295,0.771965382758057,0.5959305521767936,0.23275632052286974,2020-04-28,Bushy Ilet Queensland AUSTRALIA,Bushy Ilet,Queensland,AUSTRALIA,-20.9539613,150.0725668
1087,2020-04-28|Busselton Western Australia AUSTRALIA,0.3208267248624355,-0.19831973281137366,0.025596764759806937,-0.007124882803261779,0.18839705947789062,0.035493452019915855,0.05438554650204705,2020-04-28,Busselton Western Australia AUSTRALIA,Busselton,Western Australia,AUSTRALIA,-33.653158399999995,115.3454892
1088,2020-04-28|Byron Bay New South Wales AUSTRALIA,0.6199164267204953,-0.3801322223400244,0.04525958610107136,0.00429137189649079,0.32595568472746256,0.10624710840614895,0.09827933677494285,2020-04-28,Byron Bay New South Wales AUSTRALIA,Byron Bay,New South Wales,AUSTRALIA,-28.647367100000004,153.601977
1089,2020-04-28|Cabbage Tree Creek Sandgate Queensland AUSTRALIA,0.7093577784973824,-0.6311073846040318,-0.012603126708026621,0.027728944698721482,0.42749053182758173,0.18274815480222867,0.12340588681333531,2020-04-28,Cabbage Tree Creek Sandgate Queensland AUSTRALIA,Cabbage Tree Creek,Queensland,AUSTRALIA,-27.357138199999998,153.00638469999998
1090,2020-04-28|Cabramatta Creek George’s River New South Wales AUSTRALIA,0.5578740923929376,-0.43083543256262796,0.03742347036592944,0.04553286728749036,0.3017490608931399,0.09105249574989185,0.08710745076718555,2020-04-28,Cabramatta Creek George’s River New South Wales AUSTRALIA,Cabramatta Creek,New South Wales,AUSTRALIA,-33.9224412,150.9010938
1091,2020-04-28|Cactus Beach South Australia AUSTRALIA,0.673307727547774,-0.5441761806188506,0.09147447101972767,0.13164930058824825,0.39247136290871903,0.15403377070342744,0.1183345683388753,2020-04-28,Cactus Beach South Australia AUSTRALIA,Cactus Beach,South Australia,AUSTRALIA,-32.083500300000004,132.982204
1092,2020-04-28|Cactus Beach near Ceduna South Australia AUSTRALIA,0.673307727547774,-0.5441761806188506,0.09147447101972767,0.13164930058824825,0.39247136290871903,0.15403377070342744,0.1183345683388753,2020-04-28,Cactus Beach near Ceduna South Australia AUSTRALIA,Cactus Beach,South Australia,AUSTRALIA,-32.083500300000004,132.982204
1093,2020-04-28|Cactus Beach near Penong South Australia AUSTRALIA,0.673307727547774,-0.5441761806188506,0.09147447101972767,0.13164930058824825,0.39247136290871903,0.15403377070342744,0.1183345683388753,2020-04-28,Cactus Beach near Penong South Australia AUSTRALIA,Cactus Beach near Penong,South Australia,AUSTRALIA,-32.083500300000004,132.982204
1094,2020-04-28|Cairns Aquarium Queensland AUSTRALIA,0.4662150377928685,-0.4106547040805576,0.00955484059323324,0.008069271464378892,0.3270217738405476,0.10694324056581826,0.10900725794684919,2020-04-28,Cairns Aquarium Queensland AUSTRALIA,Cairns Aquarium,Queensland,AUSTRALIA,-16.9184171,145.7738313
1095,2020-04-28|Calliope River Queensland AUSTRALIA,0.8608229420832463,-0.6099239685347714,0.08779956961408254,0.21304581535082576,0.479345614193004,0.22977221784606822,0.14452814065278657,2020-04-28,Calliope River Queensland AUSTRALIA,Calliope River,Queensland,AUSTRALIA,-23.9815319,151.0075239
1096,2020-04-28|Caloundra Heads Queensland AUSTRALIA,0.6207015065516048,-0.4228305952141797,0.04058962576406334,0.0028619227366272716,0.3283016261021594,0.10778195770132207,0.09898666471312831,2020-04-28,Caloundra Heads Queensland AUSTRALIA,Caloundra Heads,Queensland,AUSTRALIA,-26.799,153.13299999999998
1097,2020-04-28|Caloundra Queensland AUSTRALIA,0.6207015065516048,-0.4228305952141797,0.04058962576406334,0.0028619227366272716,0.3283016261021594,0.10778195770132207,0.09898666471312831,2020-04-28,Caloundra Queensland AUSTRALIA,Caloundra,Queensland,AUSTRALIA,-26.799,153.13299999999998
1098,2020-04-28|Canadian Bay near Mount Eliza Victoria AUSTRALIA,0.3749756654052174,-0.44793176526070716,0.019351519260073915,0.05170391754970731,0.27918801163448614,0.07794594584041797,0.08417835277790624,2020-04-28,Canadian Bay near Mount Eliza Victoria AUSTRALIA,Canadian Bay near Mount Eliza,Victoria,AUSTRALIA,-38.191611,145.09546559999998
1099,2020-04-28|Cape Douglas South Australia AUSTRALIA,0.43227390385732783,-0.3791491114473999,0.04656762962811887,0.056145583831607955,0.24545515223509884,0.060248231758755544,0.07400751298394431,2020-04-28,Cape Douglas South Australia AUSTRALIA,Cape Douglas,South Australia,AUSTRALIA,-38.0146455,140.5819172
1100,2020-04-28|Cape Elizabeth South Australia AUSTRALIA,0.6379454631058585,-0.3302739019316827,0.07520122572108796,-0.11225915675369252,0.3745653633152318,0.1402992113954716,0.10812770666957953,2020-04-28,Cape Elizabeth South Australia AUSTRALIA,Cape Elizabeth,South Australia,AUSTRALIA,-34.1333333,137.45
1101,2020-04-28|Cape Howe New South Wales AUSTRALIA,0.5119410132747023,-0.45490574754459523,0.020157604779399704,0.024050304883364473,0.2879045560474306,0.08288903339286811,0.08311088646745188,2020-04-28,Cape Howe New South Wales AUSTRALIA,Cape Howe,New South Wales,AUSTRALIA,-37.5021775,149.9781828
1102,2020-04-28|Cape Jervis South Australia AUSTRALIA,0.6020396254278801,-0.3439809807797775,0.04622698507600857,-0.03438885187035759,0.3156340381538543,0.09962484604130876,0.08754113144965223,2020-04-28,Cape Jervis South Australia AUSTRALIA,Cape Jervis,South Australia,AUSTRALIA,-35.6061701,138.11540459999998
1103,2020-04-28|Cape Levêque Western Australia AUSTRALIA,2.79274552705752,-2.8061945788069154,0.382968379510584,0.6785492476224673,1.9637526766966056,3.856324575233083,0.5668865682563167,2020-04-28,Cape Levêque Western Australia AUSTRALIA,Cape Levêque,Western Australia,AUSTRALIA,-16.4,122.93333329999999
1104,2020-04-28|Cape Moreton Queensland AUSTRALIA,0.6158619558610697,-0.4047658836465153,0.04782999282045072,0.0034373393077892947,0.3204772215436075,0.10270564952831052,0.09662751797415894,2020-04-28,Cape Moreton Queensland AUSTRALIA,Cape Moreton,Queensland,AUSTRALIA,-27.0333333,153.4666667
1105,2020-04-28|Cape Nelson Victoria AUSTRALIA,0.4298660375420056,-0.38570071082435087,0.048584367299513306,0.047991311406578176,0.25928520809389743,0.06722881913629569,0.08199318211674413,2020-04-28,Cape Nelson Victoria AUSTRALIA,Cape Nelson,Victoria,AUSTRALIA,-38.384739399999994,141.565049
1106,2020-04-28|Cape Pillar Storm Bay Tasmania AUSTRALIA,0.3686428259808653,-0.3885737668159882,0.05623350910421056,0.09703931640200114,0.2282606625986513,0.05210293008997533,0.06330811716698635,2020-04-28,Cape Pillar Storm Bay Tasmania AUSTRALIA,Cape Pillar,Tasmania,AUSTRALIA,-43.17,147.44
1107,2020-04-28|Carnac Island Western Australia AUSTRALIA,0.2871079813308417,-0.19143734800623377,-0.011598848597045566,-0.07896829027622305,0.17428238715455535,0.03037435047229032,0.046578927234388424,2020-04-28,Carnac Island Western Australia AUSTRALIA,Carnac Island,Western Australia,AUSTRALIA,-32.12095789999999,115.66209009999999
1108,2020-04-28|Carnarvon Western Australia AUSTRALIA,0.5635507250871009,-0.5318651354769982,0.06699941928166535,0.08222036558608212,0.3267241138238014,0.10674864655394832,0.09431712753345683,2020-04-28,Carnarvon Western Australia AUSTRALIA,Carnarvon,Western Australia,AUSTRALIA,-24.8877473,113.6621827
1109,2020-04-28|Carrara Nerang River Queensland AUSTRALIA,0.6251252065939077,-0.380880717864725,0.04666492468209755,0.008196522728287801,0.325597549889966,0.10601376449434889,0.09817135505854911,2020-04-28,Carrara Nerang River Queensland AUSTRALIA,Carrara,Queensland,AUSTRALIA,-28.0211196,153.3618544
1110,2020-04-28|Carrickalinga Head South Australia AUSTRALIA,0.974103234723076,-0.5942678479240117,0.1297930478883103,0.16229149487311326,0.5141450741117826,0.26434515723341034,0.15502057260347749,2020-04-28,Carrickalinga Head South Australia AUSTRALIA,Carrickalinga Head,South Australia,AUSTRALIA,-35.428351899999996,138.3308642
1111,2020-04-28|Carrum Victoria AUSTRALIA,0.3730737049542232,-0.44521075221727835,0.02051648254180045,0.05164783005268275,0.27896509322920576,0.07782152324037947,0.08411114034979901,2020-04-28,Carrum Victoria AUSTRALIA,Carrum,Victoria,AUSTRALIA,-38.076,145.122
1112,2020-04-28|Castle Rock north of Dunsborough Western Australia AUSTRALIA,0.3123763317005249,-0.210615501814641,0.005181711487625713,-0.04861542026628517,0.19163024827067543,0.0367221520522807,0.05314866815921652,2020-04-28,Castle Rock north of Dunsborough Western Australia AUSTRALIA,Castle Rock,Western Australia,AUSTRALIA,-33.583762899999996,115.09000060000001
1113,2020-04-28|Cathedral Rock Victoria AUSTRALIA,0.3860962509590615,-0.20028042456885597,0.058476661931796486,-0.0247890513846639,0.22438146977761994,0.050347043979564965,0.06765355865098502,2020-04-28,Cathedral Rock Victoria AUSTRALIA,Cathedral Rock,Victoria,AUSTRALIA,-31.434438800000002,120.85630420000001
1114,2020-04-28|Catseye Beach Hamilton Island Whitsundays Queensland AUSTRALIA,1.2191605200118263,-0.7037035584579383,0.1166981282110821,0.01723947492992372,0.6340050417710141,0.4019623929910654,0.18302149076703747,2020-04-28,Catseye Beach Hamilton Island Whitsundays Queensland AUSTRALIA,Catseye Beach,Queensland,AUSTRALIA,-20.3464395,148.9574515
1115,2020-04-28|Cave at Shell Harbour New South Wales AUSTRALIA,0.5530939227361327,-0.43486610894743555,0.03570180016435736,0.04350810438420942,0.3005803080687438,0.09034852159870094,0.08677006088829495,2020-04-28,Cave at Shell Harbour New South Wales AUSTRALIA,Cave at Shell Harbour,New South Wales,AUSTRALIA,-34.64434779999999,150.8558397
1116,2020-04-28|Caves Beach New South Wales AUSTRALIA,0.5821384859874185,-0.4244321957005375,0.045891401562955646,0.055931002567948356,0.3092175230922021,0.09561547658727652,0.0892634100977161,2020-04-28,Caves Beach New South Wales AUSTRALIA,Caves Beach,New South Wales,AUSTRALIA,-33.1063425,151.6450391
1117,2020-04-28|Ceduna South Australia AUSTRALIA,0.7170607843313599,-0.6081555881613577,0.08099007967529807,0.14803531433122824,0.4291520966723449,0.18417152207826964,0.1293942256960451,2020-04-28,Ceduna South Australia AUSTRALIA,Ceduna,South Australia,AUSTRALIA,-32.130585100000005,133.6817145
1118,2020-04-28|Cellito Beach New South Wales AUSTRALIA,0.5975107114476373,-0.4150960366071708,0.04873815129774036,0.05837951569584013,0.3127829252234913,0.09783315831136416,0.09029265303785065,2020-04-28,Cellito Beach New South Wales AUSTRALIA,Cellito Beach,New South Wales,AUSTRALIA,-32.3789104,152.529459
1119,2020-04-28|Charles Street Wharf Parramatta River New South Wales AUSTRALIA,0.5661010475920871,-0.4276424683502256,0.04092224767907187,0.04995177983953535,0.30386566934778764,0.09233434500817901,0.0877184629977155,2020-04-28,Charles Street Wharf Parramatta River New South Wales AUSTRALIA,Charles Street Wharf,New South Wales,AUSTRALIA,-33.834442700000004,151.0923358
1120,2020-04-28|Cheviot Beach Portsea Port Phillip Bay Victoria AUSTRALIA,0.868873021495524,-0.7712940299482627,0.1441717132149779,0.24450125051428095,0.5292236227965001,0.2800776429258523,0.14678022370612265,2020-04-28,Cheviot Beach Portsea Port Phillip Bay Victoria AUSTRALIA,Cheviot Beach,Victoria,AUSTRALIA,-38.3136027,144.66766669999998
1121,2020-04-28|Cheynes Beach Western Australia AUSTRALIA,0.3510898946734292,-0.18919043849383332,0.044450267452646464,-0.019940173376872816,0.21693798937288242,0.04706209123314884,0.06262460328094492,2020-04-28,Cheynes Beach Western Australia AUSTRALIA,Cheynes Beach,Western Australia,AUSTRALIA,-34.88414,118.404629
1122,2020-04-28|Chimney Point George’s Bay Tasmania AUSTRALIA,0.44378038882277276,-0.4521054891144955,0.03317458950155954,0.07697218674757281,0.2665736029623693,0.07106148579633892,0.07695317071458618,2020-04-28,Chimney Point George’s Bay Tasmania AUSTRALIA,Chimney Point,Tasmania,AUSTRALIA,-41.31,148.29
1123,2020-04-28|Chowder Bay Sydney New South Wales AUSTRALIA,0.5661010475920871,-0.4276424683502256,0.04092224767907187,0.04995177983953535,0.30386566934778764,0.09233434500817901,0.0877184629977155,2020-04-28,Chowder Bay Sydney New South Wales AUSTRALIA,Chowder Bay,New South Wales,AUSTRALIA,-33.833420600000004,151.25995830000002
1124,2020-04-28|Cid Harbor Whitsundays Queensland AUSTRALIA,0.9698263784296742,-0.6273299625634603,0.05504633806468647,-0.011827722944455846,0.5437959519112681,0.29571403731508217,0.1569803696100997,2020-04-28,Cid Harbor Whitsundays Queensland AUSTRALIA,Cid Harbor,Queensland,AUSTRALIA,-20.25,148.93333330000002
1125,2020-04-28|City Beach Perth Western Australia AUSTRALIA,0.2869444622970783,-0.1941440223861728,-0.01254213187562142,-0.07890162491182127,0.17423434341276658,0.030357606424477882,0.04656608700429184,2020-04-28,City Beach Perth Western Australia AUSTRALIA,City Beach,Western Australia,AUSTRALIA,-31.9339651,115.76420859999999
1126,2020-04-28|Clairview Queensland AUSTRALIA,2.6869110570114523,-1.9734678131316963,0.4288660326503507,0.7283858605919113,1.5447654507205006,2.3863002977397114,0.4657643081040132,2020-04-28,Clairview Queensland AUSTRALIA,Clairview,Queensland,AUSTRALIA,-22.0422664,149.4835735
1127,2020-04-28|Clarence Head New South Wales AUSTRALIA,0.6222250869959358,-0.3792034639467666,0.04151440661134144,0.007306722078023624,0.33128341035861286,0.10974869797883309,0.09988570649353239,2020-04-28,Clarence Head New South Wales AUSTRALIA,Clarence Head,New South Wales,AUSTRALIA,-29.431929999999998,153.36539969999998
1128,2020-04-28|Clarence Heads New South Wales AUSTRALIA,0.556824965539401,-0.4320796833952635,0.03672310153370476,0.04466447872348439,0.30157886581378496,0.09094981230552891,0.0870583196797454,2020-04-28,Clarence Heads New South Wales AUSTRALIA,Clarence Heads,New South Wales,AUSTRALIA,-33.482099100000006,150.22437649999998
1129,2020-04-28|Clarence River New South Wales AUSTRALIA,0.6222367196396151,-0.379203161151202,0.041515900830183874,0.007305266951748539,0.3312855260927315,0.10975009979853789,0.09988634441137127,2020-04-28,Clarence River New South Wales AUSTRALIA,Clarence River,New South Wales,AUSTRALIA,-29.4612304,153.14638190000002
1130,2020-04-28|Clark Island Sydney Harbour New South Wales AUSTRALIA,0.5645309413956895,-0.428022798655657,0.040524592846594105,0.04948821789973501,0.3034212452701256,0.09206445208127373,0.08759016881727924,2020-04-28,Clark Island Sydney Harbour New South Wales AUSTRALIA,Clark Island,New South Wales,AUSTRALIA,-33.8626215,151.241028
1131,2020-04-28|Clarkes Beach Byron Bay New South Wales AUSTRALIA,0.6199164267204953,-0.3801322223400244,0.04525958610107136,0.00429137189649079,0.32595568472746256,0.10624710840614895,0.09827933677494285,2020-04-28,Clarkes Beach Byron Bay New South Wales AUSTRALIA,Clarkes Beach,New South Wales,AUSTRALIA,-28.6396907,153.6272755
1132,2020-04-28|Clarks Beach Byron Bay New South Wales AUSTRALIA,0.6199164267204953,-0.3801322223400244,0.04525958610107136,0.00429137189649079,0.32595568472746256,0.10624710840614895,0.09827933677494285,2020-04-28,Clarks Beach Byron Bay New South Wales AUSTRALIA,Clarks Beach,New South Wales,AUSTRALIA,-28.6396907,153.6272755
1133,2020-04-28|Clarks Island Sydney Harbor New South Wales AUSTRALIA,0.5645303826772281,-0.4280223910219448,0.040524788580224,0.04948852160195839,0.303421175305584,0.09206440962382194,0.08759014862025578,2020-04-28,Clarks Island Sydney Harbor New South Wales AUSTRALIA,Clark's Island,New South Wales,AUSTRALIA,-33.8626215,151.241028
1134,2020-04-28|Cleveland Queensland AUSTRALIA,0.9672815825117558,-0.6339028992251491,0.061288626626808264,0.06746969143761411,0.5171443265591626,0.26743825449232983,0.14928670807441016,2020-04-28,Cleveland Queensland AUSTRALIA,Cleveland,Queensland,AUSTRALIA,-27.533333000000002,153.26666699999998
1135,2020-04-28|Clifton Beach Tasmania AUSTRALIA,0.3745560166769436,-0.4075694485582669,0.05270647012465423,0.10700720778996113,0.23354939380350515,0.05454531934598472,0.06477494728554381,2020-04-28,Clifton Beach Tasmania AUSTRALIA,Clifton Beach,Tasmania,AUSTRALIA,-42.989444,147.52166699999998
1136,2020-04-28|Clifton Beach southwest of Hobart Tasmania AUSTRALIA,0.3745560166769436,-0.4075694485582669,0.05270647012465423,0.10700720778996113,0.23354939380350515,0.05454531934598472,0.06477494728554381,2020-04-28,Clifton Beach southwest of Hobart Tasmania AUSTRALIA,Clifton Beach,Tasmania,AUSTRALIA,-42.989444,147.52166699999998
1137,2020-04-28|Coalcliff New South Wales AUSTRALIA,0.556824965539401,-0.4320796833952635,0.03672310153370476,0.04466447872348439,0.30157886581378496,0.09094981230552891,0.0870583196797454,2020-04-28,Coalcliff New South Wales AUSTRALIA,Coalcliff,New South Wales,AUSTRALIA,-34.245726399999995,150.97291940000002
1138,2020-04-28|Cobblestones Margaret River Area Western Australia AUSTRALIA,0.3116649823984618,-0.2267777395993398,-0.0041948107715162756,-0.05519662004004118,0.19962937721677615,0.039851888247957906,0.05536722735723301,2020-04-28,Cobblestones Margaret River Area Western Australia AUSTRALIA,Cobblestones,Western Australia,AUSTRALIA,-33.9610465,115.0767388
1139,2020-04-28|Cockatoo Island Sydney New South Wales AUSTRALIA,0.5645309413956895,-0.428022798655657,0.040524592846594105,0.04948821789973501,0.3034212452701256,0.09206445208127373,0.08759016881727924,2020-04-28,Cockatoo Island Sydney New South Wales AUSTRALIA,Cockatoo Island,New South Wales,AUSTRALIA,-33.84705579999999,151.1716362
1140,2020-04-28|Cockle Bay Sydney Harbour New South Wales AUSTRALIA,0.5645303826772281,-0.4280223910219448,0.040524788580224,0.04948852160195839,0.303421175305584,0.09206440962382194,0.08759014862025578,2020-04-28,Cockle Bay Sydney Harbour New South Wales AUSTRALIA,Cockle Bay,New South Wales,AUSTRALIA,-33.8661517,151.2005002
1141,2020-04-28|Coffee Head New South Wales AUSTRALIA,0.5645309413956895,-0.428022798655657,0.040524592846594105,0.04948821789973501,0.3034212452701256,0.09206445208127373,0.08759016881727924,2020-04-28,Coffee Head New South Wales AUSTRALIA,Coffee Head,New South Wales,AUSTRALIA,-33.8594282,151.2777455
1142,2020-04-28|Coffin Bay South Australia AUSTRALIA,0.5631335542267728,-0.47768851016872826,0.07432753769677805,0.07833340100894588,0.33166651378392314,0.1100026763655813,0.09198774013863992,2020-04-28,Coffin Bay South Australia AUSTRALIA,Coffin Bay,South Australia,AUSTRALIA,-34.6235585,135.4654638
1143,2020-04-28|Coff’s Harbor New South Wales AUSTRALIA,0.606278474497362,-0.3808928869130507,0.038345911146398654,0.004866903103144384,0.3249372261558064,0.10558420094182966,0.09797225996160605,2020-04-28,Coff’s Harbor New South Wales AUSTRALIA,Coff’s Harbor,New South Wales,AUSTRALIA,-30.298612,153.10939219999997
1144,2020-04-28|Coledale Beach New South Wales AUSTRALIA,0.5568255237846678,-0.43208010528480595,0.03672290972626153,0.04466417941948008,0.3015789413536848,0.09094985786800924,0.08705834148623615,2020-04-28,Coledale Beach New South Wales AUSTRALIA,Coledale Beach,New South Wales,AUSTRALIA,-34.28763370000001,150.9490069
1145,2020-04-28|Collaroy New South Wales AUSTRALIA,0.5678128691779181,-0.42763284304464727,0.041511320801737785,0.050696202130348984,0.30454092146871986,0.092745172849017,0.08791339149461105,2020-04-28,Collaroy New South Wales AUSTRALIA,Collaroy,New South Wales,AUSTRALIA,-33.73,151.3
1146,2020-04-28|Colledges Crossing Brisbane River Queensland AUSTRALIA,0.9316332076562042,-0.5906462263604477,0.08272391715015338,0.10030077526966129,0.49372507073224814,0.24376444546956344,0.14252615124646525,2020-04-28,Colledges Crossing Brisbane River Queensland AUSTRALIA,Colledge's Crossing,Queensland,AUSTRALIA,-27.5568063,152.80267419999998
1147,2020-04-28|College’s Crossing 54 miles above mouth of the Brisbane River Queensland AUSTRALIA,0.6170402686009034,-0.41750239892613666,0.0421300526875834,0.003823668509394859,0.32532731138603915,0.10583785953366887,0.09808987508387346,2020-04-28,College’s Crossing 54 miles above mouth of the Brisbane River Queensland AUSTRALIA,College’s Crossing,Queensland,AUSTRALIA,-26.895106800000004,152.318608
1148,2020-04-28|Collendina Beach east of Ocean Grove Victoria AUSTRALIA,1.0766406008364908,-0.9024081117357088,0.14177657993742843,0.2360458871876376,0.6213455663652716,0.3860703128417801,0.17936701500038504,2020-04-28,Collendina Beach east of Ocean Grove Victoria AUSTRALIA,Collendina Beach east of Ocean Grove,Victoria,AUSTRALIA,-38.271434,144.55914099999998
1149,2020-04-28|Collie River Western Australia AUSTRALIA,0.31752408167246726,-0.1909814132018653,0.026320895470652365,-0.005368413266367049,0.1854367899962167,0.03438680308410098,0.053530990310987916,2020-04-28,Collie River Western Australia AUSTRALIA,Collie River,Western Australia,AUSTRALIA,-33.3057308,115.788155
1150,2020-04-28|Condon 88 km NE of Port Hedland Western Australia AUSTRALIA,2.3143499634456384,-2.0284987246564046,0.4321073456081811,0.6512713779018368,1.5088328959959805,2.276576708039617,0.47713485599352484,2020-04-28,Condon 88 km NE of Port Hedland Western Australia AUSTRALIA,Condon,Western Australia,AUSTRALIA,-20.3068645,118.61767090000001
1151,2020-04-28|Cone Bay Western Australia AUSTRALIA,3.0088381979963867,-3.1428938005504072,0.44046320376120024,0.8588224105242764,2.257263507056446,5.095238540288768,0.651615846715479,2020-04-28,Cone Bay Western Australia AUSTRALIA,Cone Bay,Western Australia,AUSTRALIA,-16.4683333,123.53527779999999
1152,2020-04-28|Conspicuous Beach near Walpole Western Australia AUSTRALIA,0.31842660767755887,-0.18144529534016543,0.014237972199624152,-0.04173431395789991,0.19600286867992006,0.03841712453075799,0.05658115449714536,2020-04-28,Conspicuous Beach near Walpole Western Australia AUSTRALIA,Conspicuous Beach,Western Australia,AUSTRALIA,-35.0169764,116.861579
1153,2020-04-28|Coogee Bay near Sydney New South Wales AUSTRALIA,0.5631155225579209,-0.42837054616352455,0.03987031376695171,0.04864630418568561,0.3030493015791257,0.09183887918759588,0.08748279792221815,2020-04-28,Coogee Bay near Sydney New South Wales AUSTRALIA,Coogee Bay,New South Wales,AUSTRALIA,-33.9197737,151.249673
1154,2020-04-28|Coogee New South Wales AUSTRALIA,0.5631155225579209,-0.42837054616352455,0.03987031376695171,0.04864630418568561,0.3030493015791257,0.09183887918759588,0.08748279792221815,2020-04-28,Coogee New South Wales AUSTRALIA,Coogee,New South Wales,AUSTRALIA,-33.919000000000004,151.2555
1155,2020-04-28|Cook Island New South Wales AUSTRALIA,0.6234027697973533,-0.3782641629140345,0.0471987737952042,0.00942071912652537,0.32541333887180884,0.10589384111569869,0.09811581334677852,2020-04-28,Cook Island New South Wales AUSTRALIA,Cook Island,New South Wales,AUSTRALIA,-28.195873100000004,153.57802900000002
1156,2020-04-28|Cooks Hill Newcastle New South Wales AUSTRALIA,0.5840354030753874,-0.42379123132700325,0.04605707633881347,0.05609115452773849,0.31015348122247244,0.09619518191441857,0.08953359793694701,2020-04-28,Cooks Hill Newcastle New South Wales AUSTRALIA,Cooks Hill,New South Wales,AUSTRALIA,-32.9338,151.7696
1157,2020-04-28|Cooktown Queensland AUSTRALIA,0.43721550822801236,-0.3935399614108199,0.004385427717077377,-0.027490784685450773,0.32864711635254823,0.10800892708684537,0.11619430229514556,2020-04-28,Cooktown Queensland AUSTRALIA,Cooktown,Queensland,AUSTRALIA,-15.4758164,145.2470981
1158,2020-04-28|Coolum Beach Queensland AUSTRALIA,0.6169838068350533,-0.41512616952458553,0.04386465582737102,0.005335005010163219,0.3242972614832835,0.10516871380555717,0.09777930335271141,2020-04-28,Coolum Beach Queensland AUSTRALIA,Coolum Beach,Queensland,AUSTRALIA,-26.527691700000002,153.0736329
1159,2020-04-28|Coopers Point Queensland AUSTRALIA,1.3142639155524825,-0.9961568769129836,0.17550169025372936,0.188351178935053,0.725231795287256,0.5259611568955764,0.20114310957730805,2020-04-28,Coopers Point Queensland AUSTRALIA,Cooper's Point,Queensland,AUSTRALIA,-27.4137404,140.0047273
1160,2020-04-28|Cooranbong New South Wales AUSTRALIA,0.5809263186567758,-0.42513493385659745,0.04553636068430159,0.055545528536156255,0.30877952118632107,0.0953447927040537,0.08913696983858312,2020-04-28,Cooranbong New South Wales AUSTRALIA,Cooranbong,New South Wales,AUSTRALIA,-33.074,151.451
1161,2020-04-28|Coral Bay Western Australia AUSTRALIA,0.5275667597735643,-0.4173320251434751,0.07590439760422685,0.0914491941410315,0.280239769993083,0.07853432868577606,0.08449546985477767,2020-04-28,Coral Bay Western Australia AUSTRALIA,Coral Bay,Western Australia,AUSTRALIA,-23.143670800000002,113.77153590000002
1162,2020-04-28|Corio Bay Port Phillip South Australia AUSTRALIA,0.3733721203035227,-0.437648689765422,0.056529006712140444,0.178479126461362,0.29947395666755144,0.0896846507221185,0.09029479534085635,2020-04-28,Corio Bay Port Phillip South Australia AUSTRALIA,Corio Bay,South Australia,AUSTRALIA,-38.1166667,144.43333330000002
1163,2020-04-28|Cottesloe Beach Perth Western Australia AUSTRALIA,0.2874665428483142,-0.1932428552000659,-0.013103435936540545,-0.08063389861694625,0.17451846825327477,0.03045669576146928,0.046642022562024224,2020-04-28,Cottesloe Beach Perth Western Australia AUSTRALIA,Cottesloe Beach,Western Australia,AUSTRALIA,-32.0135412,115.76343659999999
1164,2020-04-28|Cottesloe Beach Western Australia AUSTRALIA,0.2874665428483142,-0.1932428552000659,-0.013103435936540545,-0.08063389861694625,0.17451846825327477,0.03045669576146928,0.046642022562024224,2020-04-28,Cottesloe Beach Western Australia AUSTRALIA,Cottesloe Beach,Western Australia,AUSTRALIA,-31.9938622,115.7510477
1165,2020-04-28|Cottesloe Perth Western Australia AUSTRALIA,0.2874665428483142,-0.1932428552000659,-0.013103435936540545,-0.08063389861694625,0.17451846825327477,0.03045669576146928,0.046642022562024224,2020-04-28,Cottesloe Perth Western Australia AUSTRALIA,Cottesloe,Western Australia,AUSTRALIA,-31.9896506,115.7630503
1166,2020-04-28|Cowaramup Bay Western Australia AUSTRALIA,0.30793529804975706,-0.22200672018664513,-0.0026276248502581454,-0.053024841604907634,0.19632562290852662,0.03854375021042099,0.05445093077570003,2020-04-28,Cowaramup Bay Western Australia AUSTRALIA,Cowaramup Bay,Western Australia,AUSTRALIA,-33.8606025,114.9857991
1167,2020-04-28|Cowell South Australia AUSTRALIA,0.8275035429207683,-0.504238603256653,0.033386163471719604,-0.07051569923246467,0.45181579718500214,0.204137514585919,0.13042798606444317,2020-04-28,Cowell South Australia AUSTRALIA,Cowell,South Australia,AUSTRALIA,-33.683333000000005,136.916667
1168,2020-04-28|Cowes Victoria AUSTRALIA,0.57572728983059,-0.5845732960760673,0.051905513292662575,0.08805898936957401,0.34823329540364883,0.12126642802768495,0.10052629342104356,2020-04-28,Cowes Victoria AUSTRALIA,Cowes,Victoria,AUSTRALIA,-38.451111,145.241944
1169,2020-04-28|Crescent Head New South Wales AUSTRALIA,0.6061033881294808,-0.3889404217910821,0.038335684664648366,0.010962411952947924,0.32520903484862096,0.10576091634717155,0.09805421336604449,2020-04-28,Crescent Head New South Wales AUSTRALIA,Crescent Head,New South Wales,AUSTRALIA,-31.1861501,152.9132368
1170,2020-04-28|Cronulla New South Wales AUSTRALIA,0.5588325928842136,-0.4302321732400484,0.0378856058731879,0.04611700171949217,0.30198000381404094,0.09119192270352819,0.08717411824596039,2020-04-28,Cronulla New South Wales AUSTRALIA,Cronulla,New South Wales,AUSTRALIA,-34.05744,151.15219
1171,2020-04-28|Cronulla near Sydney New South Wales AUSTRALIA,0.5588325928842136,-0.4302321732400484,0.0378856058731879,0.04611700171949217,0.30198000381404094,0.09119192270352819,0.08717411824596039,2020-04-28,Cronulla near Sydney New South Wales AUSTRALIA,Cronulla,New South Wales,AUSTRALIA,-34.05744,151.15219
1172,2020-04-28|Crookhaven New South Wales AUSTRALIA,0.5484771204348389,-0.43649263827962903,0.0341294342660575,0.04159941298087124,0.2990626446253917,0.08943846541033335,0.08633194918951566,2020-04-28,Crookhaven New South Wales AUSTRALIA,Crookhaven,New South Wales,AUSTRALIA,-34.9211517,150.7225905
1173,2020-04-28|Crowdy Head New South Wales AUSTRALIA,0.6052679144617705,-0.4075267983687868,0.04932808463553745,0.05821909872359271,0.31512562710280834,0.09930416085693822,0.09096893281817801,2020-04-28,Crowdy Head New South Wales AUSTRALIA,Crowdy Head,New South Wales,AUSTRALIA,-31.844324100000005,152.72650990000002
1174,2020-04-28|Cudgen Creek New South Wales AUSTRALIA,0.6209578322706969,-0.37880754404242356,0.04663670653298302,0.007506487600436578,0.32483571878021006,0.1055182441954557,0.09794165433630544,2020-04-28,Cudgen Creek New South Wales AUSTRALIA,Cudgen Creek,New South Wales,AUSTRALIA,-28.2765787,153.5730286
1175,2020-04-28|Cull Island  Esperance Western Australia AUSTRALIA,0.3968491853528591,-0.21463489629484214,0.058667396377466915,-0.035020914697248016,0.22924959113244506,0.052555375034393226,0.06912135246624607,2020-04-28,Cull Island  Esperance Western Australia AUSTRALIA,Cull Island / Esperance,Western Australia,AUSTRALIA,-33.9221794,121.90321809999999
1176,2020-04-28|Curl Curl New South Wales AUSTRALIA,0.5661010475920871,-0.4276424683502256,0.04092224767907187,0.04995177983953535,0.30386566934778764,0.09233434500817901,0.0877184629977155,2020-04-28,Curl Curl New South Wales AUSTRALIA,Curl Curl,New South Wales,AUSTRALIA,-33.77213,151.28992
1177,2020-04-28|Currumbin Queensland AUSTRALIA,0.625294504042787,-0.3787736688751096,0.04717110817174856,0.009841529614158538,0.32596660596830496,0.10625422820649617,0.0982826296529537,2020-04-28,Currumbin Queensland AUSTRALIA,Currumbin,Queensland,AUSTRALIA,-28.136,153.483
1178,2020-04-28|Currumbin Rock Queensland AUSTRALIA,0.6252949999813036,-0.37877320220220456,0.04717089718638579,0.009842155933319201,0.3259666498162419,0.10625425679242446,0.09828264287360412,2020-04-28,Currumbin Rock Queensland AUSTRALIA,Currumbin Rock,Queensland,AUSTRALIA,-28.133333299999997,153.5
1179,2020-04-28|Dampiers Creek Broome Western Australia AUSTRALIA,3.2150525401615013,-2.6304160272647015,0.6654517969122128,1.2841837563950802,2.1567127155974997,4.651409737619941,0.650273350747762,2020-04-28,Dampiers Creek Broome Western Australia AUSTRALIA,Dampier's Creek,Western Australia,AUSTRALIA,-17.9420122,122.250175
1180,2020-04-28|Dangerous Reef South Australia AUSTRALIA,0.6202535438318967,-0.4170888444297474,0.058697499933795444,-0.01836105539997503,0.3555028744249643,0.12638229372441195,0.09859875710108035,2020-04-28,Dangerous Reef South Australia AUSTRALIA,Dangerous Reef,South Australia,AUSTRALIA,-34.8166667,136.22916669999998
1181,2020-04-28|Dangerous Reef South Neptune Island South Australia AUSTRALIA,0.6202605083251163,-0.4170920477108622,0.05869865797252258,-0.018365585360634425,0.35550614911310213,0.1263846220572272,0.09859966533615666,2020-04-28,Dangerous Reef South Neptune Island South Australia AUSTRALIA,Dangerous Reef,South Australia,AUSTRALIA,-34.8166667,136.22916669999998
1182,2020-04-28|Darling Harbor Sydney New South Wales AUSTRALIA,0.5645309413956895,-0.428022798655657,0.040524592846594105,0.04948821789973501,0.3034212452701256,0.09206445208127373,0.08759016881727924,2020-04-28,Darling Harbor Sydney New South Wales AUSTRALIA,Darling Harbor,New South Wales,AUSTRALIA,-33.87488,151.2009
1183,2020-04-28|Dee Why north of Queenscliff New South Wales AUSTRALIA,0.5661010475920871,-0.4276424683502256,0.04092224767907187,0.04995177983953535,0.30386566934778764,0.09233434500817901,0.0877184629977155,2020-04-28,Dee Why north of Queenscliff New South Wales AUSTRALIA,Dee Why,New South Wales,AUSTRALIA,-33.7544,151.2854
1184,2020-04-28|Denmark Western Australia AUSTRALIA,0.3325536422070738,-0.18070608532508395,0.02765393150001406,-0.020743703985325698,0.20194634370898273,0.040782325737426586,0.060889113624258584,2020-04-28,Denmark Western Australia AUSTRALIA,Denmark,Western Australia,AUSTRALIA,-34.9617565,117.35065
1185,2020-04-28|Dent Island Whitsundays Queensland AUSTRALIA,1.2191605200118263,-0.7037035584579383,0.1166981282110821,0.01723947492992372,0.6340050417710141,0.4019623929910654,0.18302149076703747,2020-04-28,Dent Island Whitsundays Queensland AUSTRALIA,Dent Island,Queensland,AUSTRALIA,-20.3496288,148.93201430000002
1186,2020-04-28|Depth of 40 m on the wreck of the St Paul off Brisbane Queensland AUSTRALIA,2.3841651524471836,-1.8969586927884745,0.6361804993502491,0.8787197378283468,1.5611920088895013,2.4373204886204367,0.47071710174433345,2020-04-28,Depth of 40 m on the wreck of the St Paul off Brisbane Queensland AUSTRALIA,Depth of 40 m on the wreck of the St. Paul off Brisbane,Queensland,AUSTRALIA,44.953702899999996,-93.0899578
1187,2020-04-28|Derwent Island Queensland AUSTRALIA,1.541275966481292,-0.9437369906524458,0.15372511790469162,0.0346256652148723,0.8884563022726196,0.7893546010479365,0.25647524264015825,2020-04-28,Derwent Island Queensland AUSTRALIA,Derwent Island,Queensland,AUSTRALIA,-20.9866702,149.7855122
1188,2020-04-28|Derwent River Tasmania AUSTRALIA,0.3856366586603351,-0.3939425340924903,0.05617949364205006,0.057699553122122264,0.2561057947429033,0.0655901781008941,0.07721880252708951,2020-04-28,Derwent River Tasmania AUSTRALIA,Derwent River,Tasmania,AUSTRALIA,-42.133391100000004,146.22308940000002
1189,2020-04-28|Derwent River empties into the sea at Hobart Tasmania AUSTRALIA,0.3856366586603351,-0.3939425340924903,0.05617949364205006,0.057699553122122264,0.2561057947429033,0.0655901781008941,0.07721880252708951,2020-04-28,Derwent River empties into the sea at Hobart Tasmania AUSTRALIA,Derwent River (empties into the sea at Hobart),Tasmania,AUSTRALIA,-42.133391100000004,146.22308940000002
1190,2020-04-28|Dicky Beach Queensland AUSTRALIA,0.6207015065516048,-0.4228305952141797,0.04058962576406334,0.0028619227366272716,0.3283016261021594,0.10778195770132207,0.09898666471312831,2020-04-28,Dicky Beach Queensland AUSTRALIA,Dicky Beach,Queensland,AUSTRALIA,-26.783,153.13299999999998
1191,2020-04-28|Dingo Reef 80 nm off Townsville Queensland AUSTRALIA,0.5690278348572685,-0.418600990142924,0.053827007447931674,-0.05910202909264409,0.3509978451247257,0.12319948728220093,0.1169992817082419,2020-04-28,Dingo Reef 80 nm off Townsville Queensland AUSTRALIA,Dingo Reef,Queensland,AUSTRALIA,-19.150384600000002,148.3894903
1192,2020-04-28|Direction Island Cocos Islands Western Australia AUSTRALIA,0.4449929803288582,-0.2890459415484644,0.016056462971031662,-0.01655751941653374,0.2481683958010963,0.061587552674489586,0.07482558669969518,2020-04-28,Direction Island Cocos Islands Western Australia AUSTRALIA,Direction Island,Western Australia,AUSTRALIA,-12.188700599999999,96.8293902
1193,2020-04-28|Dobroyd Head Watson Bay Sydney New South Wales AUSTRALIA,0.5661004900612292,-0.4276420629215034,0.04092244517085971,0.049952085800409315,0.3038655996972738,0.09233430267938382,0.08771844289134405,2020-04-28,Dobroyd Head Watson Bay Sydney New South Wales AUSTRALIA,Dobroyd Head,New South Wales,AUSTRALIA,-33.8115783,151.2731683
1194,2020-04-28|Dolphin Bay Innes National Park South Australia AUSTRALIA,0.48338200521426167,-0.3697313943112082,0.03617303346196074,-0.006865555921830753,0.2732275632557154,0.07465330132265596,0.07577969147604327,2020-04-28,Dolphin Bay Innes National Park South Australia AUSTRALIA,Dolphin Bay,South Australia,AUSTRALIA,-35.2367081,136.897156
1195,2020-04-28|Double Island Beach Queensland AUSTRALIA,0.6194272121346289,-0.41676369638452265,0.044219374041318864,0.005073700750966275,0.32357968051701963,0.10470380964349649,0.09756294455072978,2020-04-28,Double Island Beach Queensland AUSTRALIA,Double Island Beach,Queensland,AUSTRALIA,-25.9090307,153.0924523
1196,2020-04-28|Dover Heights Sydney New South Wales AUSTRALIA,0.5645309413956895,-0.428022798655657,0.040524592846594105,0.04948821789973501,0.3034212452701256,0.09206445208127373,0.08759016881727924,2020-04-28,Dover Heights Sydney New South Wales AUSTRALIA,Dover Heights,New South Wales,AUSTRALIA,-33.87185,151.27837
1197,2020-04-28|Dugong Bay Westerm Australia AUSTRALIA,3.8850771786404183,-3.0496036911899127,0.6383125715023489,1.2476526859595432,2.5733612942207666,6.6221883505935795,0.7758976239048774,2020-04-28,Dugong Bay Westerm Australia AUSTRALIA,Dugong Bay,Western Australia,AUSTRALIA,-16.395,123.87222220000001
1198,2020-04-28|Duranbah Greenmount Beach Queensland AUSTRALIA,0.6233929030796833,-0.3782622724875926,0.04719461800657525,0.009423227002585393,0.32540895913347506,0.10589099068433164,0.0981144928059846,2020-04-28,Duranbah Greenmount Beach Queensland AUSTRALIA,Duranbah,Queensland,AUSTRALIA,-28.1675,153.55194440000002
1199,2020-04-28|Duranbah Queensland AUSTRALIA,0.6196510365814654,-0.3787550034657573,0.04627824194253218,0.006556063344636838,0.3246000625758699,0.10536520062425865,0.09787060131727673,2020-04-28,Duranbah Queensland AUSTRALIA,Duranbah,Queensland,AUSTRALIA,-28.316667,153.533333
1200,2020-04-28|Eaglehawk Neck Tasmania AUSTRALIA,0.35855417567386505,-0.4034688589351727,0.014211982695778594,0.060224968660061225,0.23691273213055855,0.056127642645565794,0.06839081483501384,2020-04-28,Eaglehawk Neck Tasmania AUSTRALIA,Eaglehawk Neck,Tasmania,AUSTRALIA,-43.019722200000004,147.925
1201,2020-04-28|East Ballina New South Wales AUSTRALIA,0.6212275860190283,-0.3767111365341709,0.04240963749090371,0.0041548847291424645,0.3278452599605211,0.10748251447858168,0.09884906514414317,2020-04-28,East Ballina New South Wales AUSTRALIA,East Ballina,New South Wales,AUSTRALIA,-28.8537305,153.5865127
1202,2020-04-28|East of Station Pier Port Melbourne Victoria AUSTRALIA,0.3645757401965131,-0.43617570065883754,0.031735378734511516,0.11231461753277316,0.28866770081013454,0.08332904149100936,0.0912847421484058,2020-04-28,East of Station Pier Port Melbourne Victoria AUSTRALIA,East of Station Pier,Victoria,AUSTRALIA,-37.8423661,144.93221259999999
1203,2020-04-28|Egg Rock Middle Harbor Sydney New South Wales AUSTRALIA,0.5661010475920871,-0.4276424683502256,0.04092224767907187,0.04995177983953535,0.30386566934778764,0.09233434500817901,0.0877184629977155,2020-04-28,Egg Rock Middle Harbor Sydney New South Wales AUSTRALIA,Egg Rock,New South Wales,AUSTRALIA,-33.7859956,151.2260866
1204,2020-04-28|Eight-mile reef off Port Kembla New South Wales AUSTRALIA,0.5551508694573974,-0.43334890063014964,0.036335035228441774,0.04424258137952049,0.30110867514531064,0.09066643424776422,0.08692258732523835,2020-04-28,Eight-mile reef off Port Kembla New South Wales AUSTRALIA,Eight-mile reef off Port Kembla,New South Wales,AUSTRALIA,-34.485392,150.8995794
1205,2020-04-28|Elephant Rock Currumbin near Southport Queensland AUSTRALIA,0.625294504042787,-0.3787736688751096,0.04717110817174856,0.009841529614158538,0.32596660596830496,0.10625422820649617,0.0982826296529537,2020-04-28,Elephant Rock Currumbin near Southport Queensland AUSTRALIA,Elephant Rock,Queensland,AUSTRALIA,-28.131834499999997,153.48836269999998
1206,2020-04-28|Elliot Head near Bundaberg Queensland AUSTRALIA,0.8131808222800954,-0.7274565807285229,0.0009631097964176212,0.03831052498762603,0.49353547803527054,0.24357726807950303,0.14880654557924375,2020-04-28,Elliot Head near Bundaberg Queensland AUSTRALIA,Elliot Head,Queensland,AUSTRALIA,-24.916667,152.48333300000002
1207,2020-04-28|Elliots Cove Tasmania AUSTRALIA,0.3586318859019774,-0.3682628755500841,0.05746982735690516,0.07124848250601037,0.23737127036800426,0.05634511999612017,0.07157013089278882,2020-04-28,Elliots Cove Tasmania AUSTRALIA,Elliot's Cove,Tasmania,AUSTRALIA,-42.98,145.56
1208,2020-04-28|Ellis Beach Queensland AUSTRALIA,0.46308701162190724,-0.44796173624110625,-0.03696717252555235,-0.04942204923889857,0.33806881954209306,0.1142905267465843,0.1069067475637456,2020-04-28,Ellis Beach Queensland AUSTRALIA,Ellis Beach,Queensland,AUSTRALIA,-16.722874800000003,145.67572130000002
1209,2020-04-28|Elliston Eyre Peninsula South Australia AUSTRALIA,0.6769745837676274,-0.4584360631840058,0.05770806271819885,0.005722747482544733,0.3924505980029186,0.1540174718728484,0.10884621186046373,2020-04-28,Elliston Eyre Peninsula South Australia AUSTRALIA,Elliston,South Australia,AUSTRALIA,-34.3333333,135.75
1210,2020-04-28|Elwood Beach Victoria AUSTRALIA,0.3645757401965131,-0.43617570065883754,0.031735378734511516,0.11231461753277316,0.28866770081013454,0.08332904149100936,0.0912847421484058,2020-04-28,Elwood Beach Victoria AUSTRALIA,Elwood Beach,Victoria,AUSTRALIA,-37.890226500000004,144.9845562
1211,2020-04-28|Elwood Victoria AUSTRALIA,0.3645749505839225,-0.43617602547371315,0.031731821739271346,0.11231135880537393,0.2886669940959906,0.0833286334804147,0.09128451866577085,2020-04-28,Elwood Victoria AUSTRALIA,Elwood,Victoria,AUSTRALIA,-37.882248600000004,144.9825759
1212,2020-04-28|Emerald Beach New South Wales AUSTRALIA,0.60873333365066,-0.38239159236261755,0.03781910847641529,0.001025279405840831,0.32691621356477796,0.10687421069153151,0.09856894711618754,2020-04-28,Emerald Beach New South Wales AUSTRALIA,Emerald Beach,New South Wales,AUSTRALIA,-30.1574794,153.1501948
1213,2020-04-28|Emerald Hill Victoria AUSTRALIA,0.36457468782997565,-0.43617613418927387,0.031732210893491944,0.1123181468209559,0.2886668704221663,0.08332856207932776,0.09128447955667368,2020-04-28,Emerald Hill Victoria AUSTRALIA,Emerald Hill,Victoria,AUSTRALIA,-37.835,144.96
1214,2020-04-28|Emu Channel Western Australia AUSTRALIA,0.4522603402265498,-0.3161205343524942,0.053237107455993214,-0.04175763811373102,0.26421098882979954,0.06980744661842046,0.07966261049429335,2020-04-28,Emu Channel Western Australia AUSTRALIA,Emu Channel,Western Australia,AUSTRALIA,-27.6728168,121.6283098
1215,2020-04-28|Emu Point Western Australia AUSTRALIA,0.3458143924427779,-0.19960500453886262,0.0015367647137198477,-0.0919706928370228,0.20462143453538237,0.041869931471317776,0.059069120155485204,2020-04-28,Emu Point Western Australia AUSTRALIA,Emu Point,Western Australia,AUSTRALIA,-34.9977653,117.9383683
1216,2020-04-28|Encounter Bay South Australia AUSTRALIA,0.47620824466535927,-0.39854268917574986,0.05329248748503601,0.0262978169443839,0.28097491302616134,0.07894690175005895,0.08111047083559297,2020-04-28,Encounter Bay South Australia AUSTRALIA,Encounter Bay,South Australia,AUSTRALIA,-35.5753024,138.5962997
1217,2020-04-28|Esperance Westerm Australia AUSTRALIA,0.3968491853528591,-0.21463489629484214,0.058667396377466915,-0.035020914697248016,0.22924959113244506,0.052555375034393226,0.06912135246624607,2020-04-28,Esperance Westerm Australia AUSTRALIA,Esperance,Western Australia,AUSTRALIA,-33.86131029999999,121.89142379999998
1218,2020-04-28|Esperance Western Australia AUSTRALIA,0.3968491853528591,-0.21463489629484214,0.058667396377466915,-0.035020914697248016,0.22924959113244506,0.052555375034393226,0.06912135246624607,2020-04-28,Esperance Western Australia AUSTRALIA,Esperance,Western Australia,AUSTRALIA,-33.86131029999999,121.89142379999998
1219,2020-04-28|Eva Rock Queensland AUSTRALIA,0.5293517371162304,-0.4659785522176763,-0.03487460562830766,0.002818690948493956,0.3604512205784317,0.12992508241648124,0.108680132171299,2020-04-28,Eva Rock Queensland AUSTRALIA,Eva Rock,Queensland,AUSTRALIA,-18.235612,146.3256112
1220,2020-04-28|Evans Head New South Wales AUSTRALIA,0.624925841148805,-0.37304901966851306,0.041126080661259994,0.006259350344491812,0.33129300268584444,0.10975505362860294,0.09988859868901362,2020-04-28,Evans Head New South Wales AUSTRALIA,Evans Head,New South Wales,AUSTRALIA,-29.108617100000004,153.4217078
1221,2020-04-28|Exmouth Western Australia AUSTRALIA,0.7458221274489832,-0.7106712189493888,0.0728262411235167,0.11096055842254615,0.4466546116153541,0.1995003420772628,0.1289380801254562,2020-04-28,Exmouth Western Australia AUSTRALIA,Exmouth,Western Australia,AUSTRALIA,-21.9313388,114.1236812
1222,2020-04-28|Fairhaven Beach Lorne Victoria AUSTRALIA,0.9997243393858424,-0.7907174214007324,0.1564695352320066,0.23522210550981726,0.5537790270951293,0.306671210850428,0.15986223518247097,2020-04-28,Fairhaven Beach Lorne Victoria AUSTRALIA,Fairhaven Beach,Victoria,AUSTRALIA,-38.468452500000005,144.0776499
1223,2020-04-28|Fairy Bower New South Wales AUSTRALIA,0.5661010475920871,-0.4276424683502256,0.04092224767907187,0.04995177983953535,0.30386566934778764,0.09233434500817901,0.0877184629977155,2020-04-28,Fairy Bower New South Wales AUSTRALIA,Fairy Bower,New South Wales,AUSTRALIA,-33.8007906,151.2936784
1224,2020-04-28|Fairy Bower near North Steyne New South Wales AUSTRALIA,0.5661010475920871,-0.4276424683502256,0.04092224767907187,0.04995177983953535,0.30386566934778764,0.09233434500817901,0.0877184629977155,2020-04-28,Fairy Bower near North Steyne New South Wales AUSTRALIA,Fairy Bower,New South Wales,AUSTRALIA,-33.8007906,151.2936784
1225,2020-04-28|Falcon Bay Beach Mandurah Western Australia AUSTRALIA,0.2917194567880578,-0.18651189593047907,-0.008627507978708133,-0.07908957023493243,0.1757497764976491,0.030887983938973615,0.04697110353259272,2020-04-28,Falcon Bay Beach Mandurah Western Australia AUSTRALIA,Falcon Bay Beach,Western Australia,AUSTRALIA,-32.5785751,115.65358130000001
1226,2020-04-28|Falcon Beach Mandurah Western Australia AUSTRALIA,0.2917194567880578,-0.18651189593047907,-0.008627507978708133,-0.07908957023493243,0.1757497764976491,0.030887983938973615,0.04697110353259272,2020-04-28,Falcon Beach Mandurah Western Australia AUSTRALIA,Falcon Beach,Western Australia,AUSTRALIA,-32.5785751,115.65358130000001
1227,2020-04-28|Fantome Island Queensland AUSTRALIA,0.596721327213816,-0.44847733000531037,-0.01287141448281826,-0.02077994550286353,0.28763528042780306,0.08273405454678091,0.09095826215731087,2020-04-28,Fantome Island Queensland AUSTRALIA,Fantome Island,Queensland,AUSTRALIA,-18.6932861,146.5196111
1228,2020-04-28|Fidos Reef 300 m east of Cook Island Cook Island is 2 miles from Tweed Heads Gold Coast Queensland AUSTRALIA,0.6233929030796833,-0.3782622724875926,0.04719461800657525,0.009423227002585393,0.32540895913347506,0.10589099068433164,0.0981144928059846,2020-04-28,Fidos Reef 300 m east of Cook Island Cook Island is 2 miles from Tweed Heads Gold Coast Queensland AUSTRALIA,Fido's Reef,Queensland,AUSTRALIA,-28.178665600000002,153.5370011
1229,2020-04-28|Fig Tree Bridge Lane Cove River near Sydney New South Wales AUSTRALIA,0.5661004900612292,-0.4276420629215034,0.04092244517085971,0.049952085800409315,0.3038655996972738,0.09233430267938382,0.08771844289134405,2020-04-28,Fig Tree Bridge Lane Cove River near Sydney New South Wales AUSTRALIA,Fig Tree Bridge,New South Wales,AUSTRALIA,-33.8298,151.1461246
1230,2020-04-28|Figtree Ledge Hervey Bay Queensland AUSTRALIA,0.8697351013217212,-0.8018906863557784,-0.009919955325984926,0.040657021759815885,0.5423101493209975,0.2941002980565627,0.16351266229994174,2020-04-28,Figtree Ledge Hervey Bay Queensland AUSTRALIA,Figtree Ledge,Queensland,AUSTRALIA,-25.288153899999998,152.7676633
1231,2020-04-28|Fingal Bay New South Wales AUSTRALIA,0.5861743016924922,-0.42033145995618804,0.046380731499063854,0.05622622128788031,0.3104056356752165,0.09635165865893525,0.08960638865753158,2020-04-28,Fingal Bay New South Wales AUSTRALIA,Fingal Bay,New South Wales,AUSTRALIA,-32.750155,152.16318700000002
1232,2020-04-28|Fingal Beach New South Wales AUSTRALIA,0.6233929030796833,-0.3782622724875926,0.04719461800657525,0.009423227002585393,0.32540895913347506,0.10589099068433164,0.0981144928059846,2020-04-28,Fingal Beach New South Wales AUSTRALIA,Fingal Beach,New South Wales,AUSTRALIA,-28.2,153.5667
1233,2020-04-28|Fingal Beach Queensland AUSTRALIA,0.6233929030796833,-0.3782622724875926,0.04719461800657525,0.009423227002585393,0.32540895913347506,0.10589099068433164,0.0981144928059846,2020-04-28,Fingal Beach Queensland AUSTRALIA,Fingal Beach,Queensland,AUSTRALIA,-28.2,153.5667
1234,2020-04-28|Fingal Beach near Tweed Heads Queensland AUSTRALIA,0.6234027697973533,-0.3782641629140345,0.0471987737952042,0.00942071912652537,0.32541333887180884,0.10589384111569869,0.09811581334677852,2020-04-28,Fingal Beach near Tweed Heads Queensland AUSTRALIA,Fingal Beach,Queensland,AUSTRALIA,-28.2,153.5667
1235,2020-04-28|First Beach Forster New South Wales AUSTRALIA,0.6029612855315715,-0.41116570847372463,0.049542033118258146,0.05894508537756472,0.31458450177677133,0.09896340875813946,0.09081272339185162,2020-04-28,First Beach Forster New South Wales AUSTRALIA,First Beach,New South Wales,AUSTRALIA,-32.1777906,152.5131044
1236,2020-04-28|First Sun Beach Byron Bay New South Wales AUSTRALIA,0.6199164267204953,-0.3801322223400244,0.04525958610107136,0.00429137189649079,0.32595568472746256,0.10624710840614895,0.09827933677494285,2020-04-28,First Sun Beach Byron Bay New South Wales AUSTRALIA,First Sun Beach,New South Wales,AUSTRALIA,-28.6410983,153.611705
1237,2020-04-28|Fishery Bay Eyre Peninsula South Australia AUSTRALIA,0.5024936379155917,-0.3930843841436627,0.027854304452223103,0.005828085467693298,0.28170234523292836,0.07935621130973197,0.0849364528818896,2020-04-28,Fishery Bay Eyre Peninsula South Australia AUSTRALIA,Fishery Bay,South Australia,AUSTRALIA,-34.9141667,135.6861111
1238,2020-04-28|Fishery Bay South Australia AUSTRALIA,0.5024936379155917,-0.3930843841436627,0.027854304452223103,0.005828085467693298,0.28170234523292836,0.07935621130973197,0.0849364528818896,2020-04-28,Fishery Bay South Australia AUSTRALIA,Fishery Bay,South Australia,AUSTRALIA,-34.9141667,135.6861111
1239,2020-04-28|Fitzroy Island Queensland AUSTRALIA,0.4711574402000814,-0.41318354321901185,0.009567883350589248,0.003779415744415067,0.3300827879824951,0.10895464692229678,0.11002759599416502,2020-04-28,Fitzroy Island Queensland AUSTRALIA,Fitzroy Island,Queensland,AUSTRALIA,-16.9336669,145.9943465
1240,2020-04-28|Fitzroy River at Rockhampton Queensland AUSTRALIA,1.644705159017644,-1.1561236999801778,0.05152494611657234,-0.09324328614402441,0.9050644198308112,0.8191416040436829,0.25101970563831205,2020-04-28,Fitzroy River at Rockhampton Queensland AUSTRALIA,Fitzroy River at Rockhampton,Queensland,AUSTRALIA,-23.265825699999997,150.35923630000002
1241,2020-04-28|Fitzroy River near Rockhampton Queensland AUSTRALIA,1.644705390004857,-1.1561223057978016,0.051522848336033336,-0.09324402099305161,0.90506021588035,0.8191339943693857,0.2510185396722392,2020-04-28,Fitzroy River near Rockhampton Queensland AUSTRALIA,Fitzroy River near Rockhampton,Queensland,AUSTRALIA,-23.265825699999997,150.35923630000002
1242,2020-04-28|Flat Rock Ballina New South Wales AUSTRALIA,0.6212010948691915,-0.3771995251048339,0.04242526058934183,0.003945469724899996,0.3275626631422478,0.10729729828484169,0.0987638589974922,2020-04-28,Flat Rock Ballina New South Wales AUSTRALIA,Flat Rock,New South Wales,AUSTRALIA,-28.842362599999998,153.60194730000003
1243,2020-04-28|Flat Rock Beach Lennox Head New South Wales AUSTRALIA,0.6212113320575692,-0.37720155799549726,0.04242951645737469,0.003942835568424645,0.3275672231827594,0.1073002857036637,0.09876523390143817,2020-04-28,Flat Rock Beach Lennox Head New South Wales AUSTRALIA,Flat Rock Beach,New South Wales,AUSTRALIA,-28.842362599999998,153.60194730000003
1244,2020-04-28|Flat Rock New South Wales AUSTRALIA,0.535527337281024,-0.44020955752493834,0.029613863582882524,0.03615043502577678,0.2956112072679876,0.08738598586243715,0.08533560504582145,2020-04-28,Flat Rock New South Wales AUSTRALIA,Flat Rock,New South Wales,AUSTRALIA,-35.2341806,150.52992930000002
1245,2020-04-28|Flat Rock Yamba New South Wales AUSTRALIA,0.6222250869959358,-0.3792034639467666,0.04151440661134144,0.007306722078023624,0.33128341035861286,0.10974869797883309,0.09988570649353239,2020-04-28,Flat Rock Yamba New South Wales AUSTRALIA,Flat Rock,New South Wales,AUSTRALIA,-29.4372663,153.3652792
1246,2020-04-28|Flinders Cay Queensland AUSTRALIA,0.6170247836064365,-0.45909911536562087,-0.011496318817445046,-0.024500080788987477,0.3125216081188869,0.09766975554121511,0.1041738693729623,2020-04-28,Flinders Cay Queensland AUSTRALIA,Flinders Cay,Queensland,AUSTRALIA,-21.0184301,144.4342138
1247,2020-04-28|Flinders Island Tasmania AUSTRALIA,0.6106455793179184,-0.5945308785112677,0.051434195025225886,0.09031257285185934,0.3718092549443665,0.13824212206228495,0.10312133333799818,2020-04-28,Flinders Island Tasmania AUSTRALIA,Flinders Island,Tasmania,AUSTRALIA,-39.9836386,148.052689
1248,2020-04-28|Flinders Island Victoria AUSTRALIA,0.3683925434963192,-0.4403678295304961,0.020786123074141922,0.0508348018381832,0.27719564138813313,0.07683742360457851,0.08357763054603161,2020-04-28,Flinders Island Victoria AUSTRALIA,Flinders Island,Victoria,AUSTRALIA,-37.908132,145.101076
1249,2020-04-28|Flinders Mornington Penisula Victoria AUSTRALIA,1.1247608988110012,-1.0081793229083675,0.25543788975327314,0.3736972856900592,0.6814324283702206,0.4643501544345358,0.19671259797704363,2020-04-28,Flinders Mornington Penisula Victoria AUSTRALIA,Flinders,Victoria,AUSTRALIA,-38.474000000000004,145.02200000000002
1250,2020-04-28|Flinders Victoria AUSTRALIA,1.1247722112982914,-1.0081914857871201,0.2554380520324537,0.3736956915872522,0.681438054182936,0.4643578216886261,0.19671422200928645,2020-04-28,Flinders Victoria AUSTRALIA,Flinders,Victoria,AUSTRALIA,-38.474000000000004,145.02200000000002
1251,2020-04-28|Floreat Beach Western Australia AUSTRALIA,0.2869408213815853,-0.19414029428084767,-0.012541567663355593,-0.07890074208759898,0.17423134970642057,0.030356563220521014,0.04656528690261588,2020-04-28,Floreat Beach Western Australia AUSTRALIA,Floreat Beach,Western Australia,AUSTRALIA,-31.928959399999997,115.7548856
1252,2020-04-28|Fluted Cape Bruny Island Tasmania AUSTRALIA,0.3571317960270446,-0.38476602807537263,0.05559491408223497,0.10381489402002894,0.2261167367452903,0.05112877863633891,0.0627134991212105,2020-04-28,Fluted Cape Bruny Island Tasmania AUSTRALIA,Fluted Cape,Tasmania,AUSTRALIA,-43.3582342,147.3630217
1253,2020-04-28|Fourth Beach  Twilgth Beach Western Australia AUSTRALIA,0.3958713152336879,-0.21338228985865657,0.05854665163201551,-0.03437218496073685,0.22877550095470967,0.052338229837078365,0.06897840889930595,2020-04-28,Fourth Beach  Twilgth Beach Western Australia AUSTRALIA,Fourth Beach / Twilgth Beach,Western Australia,AUSTRALIA,-33.887392299999995,121.84184979999999
1254,2020-04-28|Frankston Victoria AUSTRALIA,0.37497471078342176,-0.4479321532363246,0.019346237965818816,0.05170170426330499,0.2791878449208489,0.07794585275154799,0.0841783025118533,2020-04-28,Frankston Victoria AUSTRALIA,Frankston,Victoria,AUSTRALIA,-38.1466246,145.135722
1255,2020-04-28|Fraser Island Queensland AUSTRALIA,0.884817672207899,-0.7827225339901693,0.018479941640079336,0.07186133642109077,0.5359583570674562,0.2872513605104469,0.16159752487709786,2020-04-28,Fraser Island Queensland AUSTRALIA,Fraser Island,Queensland,AUSTRALIA,-25.2398229,153.1325243
1256,2020-04-28|Frasers Reef New South Wales AUSTRALIA,0.5702307336741925,-0.4281255261034794,0.04241639723551268,0.05189477599816259,0.3053924775889076,0.09326456536789142,0.08815921457222128,2020-04-28,Frasers Reef New South Wales AUSTRALIA,Fraser's Reef,New South Wales,AUSTRALIA,-31.2532183,146.921099
1257,2020-04-28|Fremantle Western Australia AUSTRALIA,0.28784410034502805,-0.1921932242816727,-0.013300251586356513,-0.08177911849326844,0.17468529290984275,0.030514951558997562,0.0466866083269202,2020-04-28,Fremantle Western Australia AUSTRALIA,Fremantle,Western Australia,AUSTRALIA,-32.051819099999996,115.75510849999999
1258,2020-04-28|Frenchman Bay Western Australia AUSTRALIA,0.3419382166375304,-0.19455150943786004,0.0042879563991284385,-0.08143304965880974,0.20378923803167018,0.04153005353752873,0.05882888571776675,2020-04-28,Frenchman Bay Western Australia AUSTRALIA,Frenchman Bay,Western Australia,AUSTRALIA,-35.0943154,117.9496472
1259,2020-04-28|Freo Western Australia AUSTRALIA,0.28784410034502805,-0.1921932242816727,-0.013300251586356513,-0.08177911849326844,0.17468529290984275,0.030514951558997562,0.0466866083269202,2020-04-28,Freo Western Australia AUSTRALIA,Freo,Western Australia,AUSTRALIA,-32.051819099999996,115.75510849999999
1260,2020-04-28|Garden Island Sydney New South Wales AUSTRALIA,0.5645303826772281,-0.4280223910219448,0.040524788580224,0.04948852160195839,0.303421175305584,0.09206440962382194,0.08759014862025578,2020-04-28,Garden Island Sydney New South Wales AUSTRALIA,Garden Island,New South Wales,AUSTRALIA,-33.858892100000006,151.2294331
1261,2020-04-28|Garden Point Woolloomooloo Sydney Harbour New South Wales AUSTRALIA,0.5645309413956895,-0.428022798655657,0.040524592846594105,0.04948821789973501,0.3034212452701256,0.09206445208127373,0.08759016881727924,2020-04-28,Garden Point Woolloomooloo Sydney Harbour New South Wales AUSTRALIA,Garden Point,New South Wales,AUSTRALIA,-33.8641859,151.2165708
1262,2020-04-28|Gay’s Corner Bulimba Reach of Brisbane River Queensland AUSTRALIA,0.9316332076562042,-0.5906462263604477,0.08272391715015338,0.10030077526966129,0.49372507073224814,0.24376444546956344,0.14252615124646525,2020-04-28,Gay’s Corner Bulimba Reach of Brisbane River Queensland AUSTRALIA,Gay’s Corner,Queensland,AUSTRALIA,-27.45,153.058
1263,2020-04-28|Gearys Beach Western Australia AUSTRALIA,0.4522603402265498,-0.3161205343524942,0.053237107455993214,-0.04175763811373102,0.26421098882979954,0.06980744661842046,0.07966261049429335,2020-04-28,Gearys Beach Western Australia AUSTRALIA,Gearys Beach,Western Australia,AUSTRALIA,-27.6728168,121.6283098
1264,2020-04-28|Geelong Victoria AUSTRALIA,0.373372939423764,-0.4376488060044358,0.05652950949940872,0.17847746749004792,0.29947380605226687,0.08968456051143074,0.0902947499286394,2020-04-28,Geelong Victoria AUSTRALIA,Geelong,Victoria,AUSTRALIA,-38.1499181,144.3617186
1265,2020-04-28|Geographe Bay Western Australia AUSTRALIA,0.32040393278422885,-0.20018014048287713,0.025736420705788618,-0.006604545570530404,0.1886239495871475,0.03557899435785477,0.05445104403487501,2020-04-28,Geographe Bay Western Australia AUSTRALIA,Geographe Bay,Western Australia,AUSTRALIA,-33.625,115.3197222
1266,2020-04-28|George Town Cove Tasmania AUSTRALIA,1.1962849216523896,-1.303893009502144,0.2567598591650612,0.4675365675091969,0.8765789173422079,0.7683905983288374,0.25304653694673723,2020-04-28,George Town Cove Tasmania AUSTRALIA,George Town Cove,Tasmania,AUSTRALIA,-41.112004999999996,146.82339299999998
1267,2020-04-28|Georges Head off Port Jackson New South Wales AUSTRALIA,0.5645309413956895,-0.428022798655657,0.040524592846594105,0.04948821789973501,0.3034212452701256,0.09206445208127373,0.08759016881727924,2020-04-28,Georges Head off Port Jackson New South Wales AUSTRALIA,Georges Head,New South Wales,AUSTRALIA,-33.8462182,151.2488616
1268,2020-04-28|Georges River New South Wales AUSTRALIA,0.5573043368200011,-0.431353676195086,0.03703761658843457,0.045030239618605375,0.3016293109642282,0.09098024123275507,0.08707288194033924,2020-04-28,Georges River New South Wales AUSTRALIA,Georges River,New South Wales,AUSTRALIA,-34.0494645,150.8953368
1269,2020-04-28|George’s River New South Wales AUSTRALIA,0.5573043368200011,-0.431353676195086,0.03703761658843457,0.045030239618605375,0.3016293109642282,0.09098024123275507,0.08707288194033924,2020-04-28,George’s River New South Wales AUSTRALIA,George’s River,New South Wales,AUSTRALIA,-34.0494645,150.8953368
1270,2020-04-28|George’s River at Kentucky New South Wales AUSTRALIA,0.5573043368200011,-0.431353676195086,0.03703761658843457,0.045030239618605375,0.3016293109642282,0.09098024123275507,0.08707288194033924,2020-04-28,George’s River at Kentucky New South Wales AUSTRALIA,George’s River at Kentucky,New South Wales,AUSTRALIA,-34.0494645,150.8953368
1271,2020-04-28|Geraldton Western Australia AUSTRALIA,0.32983437835473695,-0.18283931020321986,0.05203887938977808,0.010941253038371805,0.17325947628556443,0.030018846122748067,0.050015702636562104,2020-04-28,Geraldton Western Australia AUSTRALIA,Geraldton,Western Australia,AUSTRALIA,-28.7796535,114.6144452
1272,2020-04-28|Gerringong New South Wales AUSTRALIA,0.5517433902212731,-0.43595575738547604,0.03500968376368167,0.04266965081012029,0.3003252165196814,0.09019523567759352,0.08669642230103536,2020-04-28,Gerringong New South Wales AUSTRALIA,Gerringong,New South Wales,AUSTRALIA,-34.7391385,150.8249873
1273,2020-04-28|Gin Arm Creek Queensland AUSTRALIA,1.2117269579786092,-1.1003761835346688,0.11659690390997844,0.15952739165270677,0.880349640198964,0.7750154889984454,0.25413505087493105,2020-04-28,Gin Arm Creek Queensland AUSTRALIA,Gin Arm Creek,Queensland,AUSTRALIA,-17.563458999999998,139.44820280000002
1274,2020-04-28|Gladstone Queensland AUSTRALIA,0.8608229420832463,-0.6099239685347714,0.08779956961408254,0.21304581535082576,0.479345614193004,0.22977221784606822,0.14452814065278657,2020-04-28,Gladstone Queensland AUSTRALIA,Gladstone,Queensland,AUSTRALIA,-23.8415948,151.24977080000002
1275,2020-04-28|Gladstone Reef Queensland AUSTRALIA,0.8608229420832463,-0.6099239685347714,0.08779956961408254,0.21304581535082576,0.479345614193004,0.22977221784606822,0.14452814065278657,2020-04-28,Gladstone Reef Queensland AUSTRALIA,Gladstone Reef,Queensland,AUSTRALIA,-23.8397556,151.2543694
1276,2020-04-28|Glenelg Breakwater South Australia AUSTRALIA,1.1123712939419208,-0.6994876371776985,0.14746787317548077,0.14901514841895722,0.6031106907658255,0.3637425053160312,0.18184471530202784,2020-04-28,Glenelg Breakwater South Australia AUSTRALIA,Glenelg Breakwater,South Australia,AUSTRALIA,-34.982,138.516
1277,2020-04-28|Glenelg South Australia AUSTRALIA,1.1123616672248875,-0.6994812348718165,0.1474678514210802,0.14901084220321686,0.6031064071694991,0.36373733836890165,0.18184342374913987,2020-04-28,Glenelg South Australia AUSTRALIA,Glenelg,South Australia,AUSTRALIA,-34.982,138.516
1278,2020-04-28|Glenelg Western Australia AUSTRALIA,1.1123712939419208,-0.6994876371776985,0.14746787317548077,0.14901514841895722,0.6031106907658255,0.3637425053160312,0.18184471530202784,2020-04-28,Glenelg Western Australia AUSTRALIA,Glenelg,Western Australia,AUSTRALIA,-34.982,138.516
1279,2020-04-28|Gnaraloo Western Australia AUSTRALIA,0.5101536899452621,-0.4139560578958756,0.07128134952674955,0.09809563068808914,0.27245371357566944,0.07423102604117293,0.08214788551540499,2020-04-28,Gnaraloo Western Australia AUSTRALIA,Gnaraloo,Western Australia,AUSTRALIA,-23.8214,113.523903
1280,2020-04-28|Golden Beach Caloundra Queensland AUSTRALIA,0.6207015065516048,-0.4228305952141797,0.04058962576406334,0.0028619227366272716,0.3283016261021594,0.10778195770132207,0.09898666471312831,2020-04-28,Golden Beach Caloundra Queensland AUSTRALIA,Golden Beach,Queensland,AUSTRALIA,-26.799,153.13299999999998
1281,2020-04-28|Golden Beach Queensland AUSTRALIA,0.6207015065516048,-0.4228305952141797,0.04058962576406334,0.0028619227366272716,0.3283016261021594,0.10778195770132207,0.09898666471312831,2020-04-28,Golden Beach Queensland AUSTRALIA,Golden Beach,Queensland,AUSTRALIA,-26.823,153.118
1282,2020-04-28|Goldsmith Beach Yorke Peninsula South Australia AUSTRALIA,0.8460787923771659,-0.5363478603612679,0.13418540361384126,0.09063581474391054,0.45922486112091837,0.21088747307152675,0.1273660602876385,2020-04-28,Goldsmith Beach Yorke Peninsula South Australia AUSTRALIA,Goldsmith Beach,South Australia,AUSTRALIA,-35.15153370000001,137.68547780000003
1283,2020-04-28|Goolwa Beach Fleurieu Peninsula South Australia AUSTRALIA,0.4691973382937601,-0.38984483852871676,0.04911966888649851,0.020105012887024036,0.2757947868295016,0.07606276444233023,0.0796150972085541,2020-04-28,Goolwa Beach Fleurieu Peninsula South Australia AUSTRALIA,Goolwa Beach,South Australia,AUSTRALIA,-35.5,138.5
1284,2020-04-28|Goolwa Beach South Australia AUSTRALIA,0.48117096611646915,-0.4071604604506489,0.057727766815367475,0.03305140871752077,0.28546637786110807,0.08149105288914092,0.08240704505134909,2020-04-28,Goolwa Beach South Australia AUSTRALIA,Goolwa Beach,South Australia,AUSTRALIA,-35.5121467,138.7618244
1285,2020-04-28|Goolwa Victoria AUSTRALIA,0.4811754812366338,-0.40716394110150794,0.0577278545421693,0.03305059137741099,0.2854689387394406,0.08149251498502251,0.08240778431324643,2020-04-28,Goolwa Victoria AUSTRALIA,Goolwa,Victoria,AUSTRALIA,-35.498028600000005,138.7783094
1286,2020-04-28|Governors Reef Port Phillip Bay Victoria AUSTRALIA,0.3690843983466198,-0.43766672134150186,0.024566272807100716,0.060543533158308085,0.27196182680704445,0.07396323524022484,0.08199957607441685,2020-04-28,Governors Reef Port Phillip Bay Victoria AUSTRALIA,Governor's Reef,Victoria,AUSTRALIA,-38.1552778,144.7263889
1287,2020-04-28|Gracetown Western Australia AUSTRALIA,0.30794091033444837,-0.22201253030999865,-0.002628165683093341,-0.05302565195514917,0.19633014025106835,0.038545523971004164,0.054452183661097185,2020-04-28,Gracetown Western Australia AUSTRALIA,Gracetown,Western Australia,AUSTRALIA,-33.8641558,114.9882251
1288,2020-04-28|Graceville Queensland AUSTRALIA,0.9316417739409216,-0.5906470004543188,0.08272485761034483,0.10030117202223979,0.49372683238418463,0.24376618501612077,0.14252665979157514,2020-04-28,Graceville Queensland AUSTRALIA,Graceville,Queensland,AUSTRALIA,-27.520922,152.98091200000002
1289,2020-04-28|Grange South Australia AUSTRALIA,1.1637334057598954,-0.7347292995258284,0.157678361045291,0.14787244992638335,0.6364902597794017,0.40511985079405016,0.19190903403673745,2020-04-28,Grange South Australia AUSTRALIA,Grange,South Australia,AUSTRALIA,-34.9,138.489
1290,2020-04-28|Great Barrier Reef Queensland AUSTRALIA,0.5086932130252056,-0.4426126431691887,-0.03693360171645469,-0.07961456559400691,0.3469046768414954,0.12034285481450234,0.13111764336683207,2020-04-28,Great Barrier Reef Queensland AUSTRALIA,Great Barrier Reef,Queensland,AUSTRALIA,-18.2870668,147.6991918
1291,2020-04-28|Great Barrier Reef near Upolu Bay Queensland AUSTRALIA,0.46717164177226134,-0.4134957839584088,0.00994200004898355,0.005618657411549614,0.32802266191120194,0.10759886672731069,0.10934088730373398,2020-04-28,Great Barrier Reef near Upolu Bay Queensland AUSTRALIA,Great Barrier Reef (near Upolu Bay),Queensland,AUSTRALIA,-16.6722064,145.9334219
1292,2020-04-28|Great Barrier Reef off Cairns Queensland AUSTRALIA,0.46621549953049934,-0.41065416769269714,0.009551995509240121,0.008068032447193162,0.3270190751637915,0.1069414755209815,0.10900635838793049,2020-04-28,Great Barrier Reef off Cairns Queensland AUSTRALIA,Great Barrier Reef,Queensland,AUSTRALIA,-16.9185514,145.7780548
1293,2020-04-28|Great Keppel Island Queensland AUSTRALIA,1.384157682967777,-1.0109760086004789,0.06607259557417416,0.1659153656563103,0.7103402338680525,0.5045832478517195,0.2050575626199709,2020-04-28,Great Keppel Island Queensland AUSTRALIA,Great Keppel Island,Queensland,AUSTRALIA,-23.1262002,150.97441619999998
1294,2020-04-28|Green Island New South Wales AUSTRALIA,0.5355386402660978,-0.44020765327738337,0.02961871109825646,0.03615154992504585,0.29561594749466436,0.08738878841316816,0.08533697343139537,2020-04-28,Green Island New South Wales AUSTRALIA,Green Island,New South Wales,AUSTRALIA,-35.2721138,150.5160592
1295,2020-04-28|Green Island Queensland AUSTRALIA,0.4669245022613988,-0.4134267390460597,0.009929123169338083,0.004254734294383766,0.327775490923459,0.10743677245011456,0.10925849697448632,2020-04-28,Green Island Queensland AUSTRALIA,Green Island,Queensland,AUSTRALIA,-16.7597228,145.97380159999997
1296,2020-04-28|Greenmount Beach Queensland AUSTRALIA,0.6233929030796833,-0.3782622724875926,0.04719461800657525,0.009423227002585393,0.32540895913347506,0.10589099068433164,0.0981144928059846,2020-04-28,Greenmount Beach Queensland AUSTRALIA,Greenmount Beach,Queensland,AUSTRALIA,-28.1639838,153.54760100000001
1297,2020-04-28|Grey’s Point Port Hacking New South Wales AUSTRALIA,0.5588325928842136,-0.4302321732400484,0.0378856058731879,0.04611700171949217,0.30198000381404094,0.09119192270352819,0.08717411824596039,2020-04-28,Grey’s Point Port Hacking New South Wales AUSTRALIA,Grey’s Point,New South Wales,AUSTRALIA,-34.05508,151.07492
1298,2020-04-28|Guillotines surf break Shire of Augusta Margaret River Western Australia AUSTRALIA,0.31741509997445844,-0.2246677606940585,0.03263176190786772,0.009601491456813417,0.2100900789152451,0.04413784125861391,0.05826850399963016,2020-04-28,Guillotines surf break Shire of Augusta Margaret River Western Australia AUSTRALIA,Guillotines surf break,Western Australia,AUSTRALIA,-34.1622739,115.18891599999999
1299,2020-04-28|Half Tide Beach Evans Head New South Wales AUSTRALIA,0.624925841148805,-0.37304901966851306,0.041126080661259994,0.006259350344491812,0.33129300268584444,0.10975505362860294,0.09988859868901362,2020-04-28,Half Tide Beach Evans Head New South Wales AUSTRALIA,Half Tide Beach,New South Wales,AUSTRALIA,-29.108617100000004,153.4217078
1300,2020-04-28|Hallidays Point New South Wales AUSTRALIA,0.6035365773067177,-0.4109918961891729,0.04937569896756668,0.05868164223870376,0.3149082125637761,0.09916718234011239,0.09090617064686002,2020-04-28,Hallidays Point New South Wales AUSTRALIA,Hallidays Point,New South Wales,AUSTRALIA,-32.0683509,152.51499819999998
1301,2020-04-28|Hamelin Bay Western Australia AUSTRALIA,0.3198187831048513,-0.2274109226659166,0.03050098782251206,0.005956251684569896,0.21210597095284198,0.04498894291384784,0.058827611854042096,2020-04-28,Hamelin Bay Western Australia AUSTRALIA,Hamelin Bay,Western Australia,AUSTRALIA,-34.2283311,115.0559483
1302,2020-04-28|Hamelin Harbour at Faure Island Western Australia AUSTRALIA,0.4849207357543252,-0.4873803074828169,0.03954643352205636,0.07773722272414506,0.28176582924969984,0.07939198253277101,0.07814778038718645,2020-04-28,Hamelin Harbour at Faure Island Western Australia AUSTRALIA,Hamelin Harbour,Western Australia,AUSTRALIA,-25.8438664,113.89416570000002
1303,2020-04-28|Hams Beach New South Wales AUSTRALIA,0.5821384859874185,-0.4244321957005375,0.045891401562955646,0.055931002567948356,0.3092175230922021,0.09561547658727652,0.0892634100977161,2020-04-28,Hams Beach New South Wales AUSTRALIA,Hams Beach,New South Wales,AUSTRALIA,-33.097531,151.658097
1304,2020-04-28|Happy Valley Beach Caloundra Queensland AUSTRALIA,0.6207015065516048,-0.4228305952141797,0.04058962576406334,0.0028619227366272716,0.3283016261021594,0.10778195770132207,0.09898666471312831,2020-04-28,Happy Valley Beach Caloundra Queensland AUSTRALIA,Happy Valley Beach,Queensland,AUSTRALIA,-26.8071839,153.13424890000002
1305,2020-04-28|Hardwicke Bay Yorke Peninsula South Australia AUSTRALIA,0.6084232254576084,-0.414556044334042,0.04673144941983251,-0.06503524016002779,0.3375213010407254,0.11392062865622399,0.09361156595874251,2020-04-28,Hardwicke Bay Yorke Peninsula South Australia AUSTRALIA,Hardwicke Bay,South Australia,AUSTRALIA,-34.889309600000004,137.45835280000003
1306,2020-04-28|Harvey Bay Queensland AUSTRALIA,0.869737869211591,-0.801887833599154,-0.009921607709049514,0.040653894836397954,0.5423067383987286,0.294096598512667,0.16351163386818215,2020-04-28,Harvey Bay Queensland AUSTRALIA,Harvey Bay,Queensland,AUSTRALIA,-25.288153899999998,152.7676633
1307,2020-04-28|Hawkesbury Bridge Sydney New South Wales AUSTRALIA,0.5588325928842136,-0.4302321732400484,0.0378856058731879,0.04611700171949217,0.30198000381404094,0.09119192270352819,0.08717411824596039,2020-04-28,Hawkesbury Bridge Sydney New South Wales AUSTRALIA,Hawkesbury Bridge,New South Wales,AUSTRALIA,-33.874241299999994,150.92112269999998
1308,2020-04-28|Hawkesbury River New South Wales AUSTRALIA,0.5702307336741925,-0.4281255261034794,0.04241639723551268,0.05189477599816259,0.3053924775889076,0.09326456536789142,0.08815921457222128,2020-04-28,Hawkesbury River New South Wales AUSTRALIA,Hawkesbury River,New South Wales,AUSTRALIA,-33.4594721,151.0642231
1309,2020-04-28|Hawks Nest Beach New South Wales AUSTRALIA,0.5873184528695514,-0.42028538900694934,0.046509309266964206,0.05631120537875063,0.3107468990320698,0.0965636352580474,0.08970490290300348,2020-04-28,Hawks Nest Beach New South Wales AUSTRALIA,Hawks Nest Beach,New South Wales,AUSTRALIA,-32.6742413,152.1858925
1310,2020-04-28|Heron Island Queensland AUSTRALIA,0.7586683891845649,-0.6561052224868584,-0.019467461431875922,-0.04011698805555043,0.4406282493950969,0.19415325416498774,0.13285441593406183,2020-04-28,Heron Island Queensland AUSTRALIA,Heron Island,Queensland,AUSTRALIA,-23.442297600000003,151.9148004
1311,2020-04-28|Hinchinbrook Channel Queensland Queensland AUSTRALIA,0.5293517371162304,-0.4659785522176763,-0.03487460562830766,0.002818690948493956,0.3604512205784317,0.12992508241648124,0.108680132171299,2020-04-28,Hinchinbrook Channel Queensland Queensland AUSTRALIA,Hinchinbrook Channel,Queensland,AUSTRALIA,-18.292160600000003,146.2440175
1312,2020-04-28|Hobart Tasmania AUSTRALIA,0.37323596103799245,-0.3965686153853238,0.056231694200777144,0.10382703509141983,0.23042913609440988,0.05309758676121607,0.06390954350378959,2020-04-28,Hobart Tasmania AUSTRALIA,Hobart,Tasmania,AUSTRALIA,-42.8821377,147.3271949
1313,2020-04-28|Hobson Bay Victoria AUSTRALIA,0.3624653568334048,-0.4338292599096047,0.03248645855404082,0.1133956508450806,0.2869710490225197,0.08235238297708539,0.09074821374389988,2020-04-28,Hobson Bay Victoria AUSTRALIA,Hobson Bay,Victoria,AUSTRALIA,-37.8360799,144.8401227
1314,2020-04-28|Hobsons Bay Victoria AUSTRALIA,0.3624653568334048,-0.4338292599096047,0.03248645855404082,0.1133956508450806,0.2869710490225197,0.08235238297708539,0.09074821374389988,2020-04-28,Hobsons Bay Victoria AUSTRALIA,Hobson's Bay,Victoria,AUSTRALIA,-37.8360799,144.8401227
1315,2020-04-28|Hog Bay South Australia AUSTRALIA,0.6875359917544412,-0.43818979966986965,0.07029071287569874,0.051799030248090294,0.3702966877136795,0.1371196369317223,0.10270182266816522,2020-04-28,Hog Bay South Australia AUSTRALIA,Hog Bay,South Australia,AUSTRALIA,-35.7189386,137.9434671
1316,2020-04-28|Holmes Reef Queensland AUSTRALIA,0.5765309547751345,-0.9624001781884022,0.07730540082495546,0.32172201906946707,0.5497068715567252,0.3021776446366819,0.1657428579667042,2020-04-28,Holmes Reef Queensland AUSTRALIA,Holmes Reef,Queensland,AUSTRALIA,-10.6005556,142.23138889999998
1317,2020-04-28|Homebush Bay Parramatta River Sydney New South Wales AUSTRALIA,0.5661004900612292,-0.4276420629215034,0.04092244517085971,0.049952085800409315,0.3038655996972738,0.09233430267938382,0.08771844289134405,2020-04-28,Homebush Bay Parramatta River Sydney New South Wales AUSTRALIA,Homebush Bay,New South Wales,AUSTRALIA,-33.8321521,151.08061709999998
1318,2020-04-28|Honeycombs 250 km south of Perth Western Australia AUSTRALIA,0.2869420350152266,-0.19414153699576817,-0.012541755731384401,-0.078901036344711,0.1742323476146205,0.030356910955301956,0.04656555360480071,2020-04-28,Honeycombs 250 km south of Perth Western Australia AUSTRALIA,Honeycombs,Western Australia,AUSTRALIA,-31.950526899999996,115.8604572
1319,2020-04-28|Honeymoon Island near Hopetown Western Australia AUSTRALIA,0.3325536422070738,-0.18070608532508395,0.02765393150001406,-0.020743703985325698,0.20194634370898273,0.040782325737426586,0.060889113624258584,2020-04-28,Honeymoon Island near Hopetown Western Australia AUSTRALIA,Honeymoon Island,Western Australia,AUSTRALIA,-34.99101160000001,117.34502920000001
1320,2020-04-28|Honeysuckle Point Eden New South Wales AUSTRALIA,0.522380202556431,-0.4474255905821307,0.021573111652684152,0.02506936716548771,0.2912811765205613,0.0848447237952024,0.08408563283700848,2020-04-28,Honeysuckle Point Eden New South Wales AUSTRALIA,Honeysuckle Point,New South Wales,AUSTRALIA,-36.9640598,149.8899148
1321,2020-04-28|Horizontal Falls Western Australia AUSTRALIA,3.2150525401615013,-2.6304160272647015,0.6654517969122128,1.2841837563950802,2.1567127155974997,4.651409737619941,0.650273350747762,2020-04-28,Horizontal Falls Western Australia AUSTRALIA,Horizontal Falls,Western Australia,AUSTRALIA,-17.947279,122.231078
1322,2020-04-28|Horn Point Ladys Bay South Australia AUSTRALIA,1.314267581249731,-0.9961590485917954,0.17550211011948147,0.18834932450097502,0.7252335464371579,0.5259636968778173,0.20114359525890516,2020-04-28,Horn Point Ladys Bay South Australia AUSTRALIA,Horn Point,South Australia,AUSTRALIA,-30.0002315,136.20915469999997
1323,2020-04-28|Horseshoe Bay New South Wales AUSTRALIA,0.5227875267403304,-0.4447386732112924,0.02458151674080609,0.029566545297003255,0.2918205507346155,0.0851592338310543,0.08424133676084755,2020-04-28,Horseshoe Bay New South Wales AUSTRALIA,Horseshoe Bay,New South Wales,AUSTRALIA,-36.4058391,150.075097
1324,2020-04-28|Horseshoe Bay near Kempsey New South Wales AUSTRALIA,0.6064826254894248,-0.3845714022926691,0.03894556776171287,0.008367082608384226,0.3251765180195886,0.1057397678713438,0.09804440917320154,2020-04-28,Horseshoe Bay near Kempsey New South Wales AUSTRALIA,Horseshoe Bay,New South Wales,AUSTRALIA,-30.8840947,153.039412
1325,2020-04-28|Iluka Beach New South Wales AUSTRALIA,0.6222250869959358,-0.3792034639467666,0.04151440661134144,0.007306722078023624,0.33128341035861286,0.10974869797883309,0.09988570649353239,2020-04-28,Iluka Beach New South Wales AUSTRALIA,Iluka Beach,New South Wales,AUSTRALIA,-29.4120103,153.3647477
1326,2020-04-28|In Swan River at Freshwater Bay Claremont 5 miles from river mouth Western Australia AUSTRALIA,0.2874665428483142,-0.1932428552000659,-0.013103435936540545,-0.08063389861694625,0.17451846825327477,0.03045669576146928,0.046642022562024224,2020-04-28,In Swan River at Freshwater Bay Claremont 5 miles from river mouth Western Australia AUSTRALIA,In Swan River at Freshwater Bay,Western Australia,AUSTRALIA,-31.9842456,115.77800049999999
1327,2020-04-28|In a tidal creek 5 km from Wickham Western Australia AUSTRALIA,1.8855829767423342,-1.6610479278450578,0.3552483819590112,0.5303291305572436,1.2025897039530855,1.4462219960539697,0.3802922555159347,2020-04-28,In a tidal creek 5 km from Wickham Western Australia AUSTRALIA,In a tidal creek 5 km from Wickham,Western Australia,AUSTRALIA,-20.673199399999998,117.147269
1328,2020-04-28|Injidup Western Australia AUSTRALIA,0.3078426280569759,-0.2205284067369059,-0.014713635955730707,-0.07879482338425407,0.19526539478291488,0.038128574399727604,0.052186871912201664,2020-04-28,Injidup Western Australia AUSTRALIA,Injidup,Western Australia,AUSTRALIA,-33.6930914,114.9857991
1329,2020-04-28|Ipswich Queensland AUSTRALIA,0.9316417739409216,-0.5906470004543188,0.08272485761034483,0.10030117202223979,0.49372683238418463,0.24376618501612077,0.14252665979157514,2020-04-28,Ipswich Queensland AUSTRALIA,Ipswich,Queensland,AUSTRALIA,-27.623,152.76
1330,2020-04-28|Iron Cove Bridge Sydney Estuary New South Wales AUSTRALIA,0.5645303826772281,-0.4280223910219448,0.040524788580224,0.04948852160195839,0.303421175305584,0.09206440962382194,0.08759014862025578,2020-04-28,Iron Cove Bridge Sydney Estuary New South Wales AUSTRALIA,Iron Cove Bridge,New South Wales,AUSTRALIA,-33.8592696,151.1619465
1331,2020-04-28|Iron Cove Sydney New South Wales AUSTRALIA,0.5645309413956895,-0.428022798655657,0.040524592846594105,0.04948821789973501,0.3034212452701256,0.09206445208127373,0.08759016881727924,2020-04-28,Iron Cove Sydney New South Wales AUSTRALIA,Iron Cove,New South Wales,AUSTRALIA,-33.8642907,151.1583441
1332,2020-04-28|Jan Juc Beach Victoria AUSTRALIA,1.048650245963794,-0.862990794965997,0.1472105632942661,0.23595881524264659,0.5966021634254047,0.35593414140387336,0.17222420982638528,2020-04-28,Jan Juc Beach Victoria AUSTRALIA,Jan Juc Beach,Victoria,AUSTRALIA,-38.346092299999995,144.3099291
1333,2020-04-28|Jervis Bay & Long Reef New South Wales AUSTRALIA,0.5465456515818905,-0.4366834447098632,0.033563075241538835,0.04091191925823064,0.2983378654724247,0.08900548197464257,0.08612272346998139,2020-04-28,Jervis Bay & Long Reef New South Wales AUSTRALIA,Jervis Bay & Long Reef,New South Wales,AUSTRALIA,-35.0480805,150.7446771
1334,2020-04-28|Jervis Bay New South Wales AUSTRALIA,0.5465456515818905,-0.4366834447098632,0.033563075241538835,0.04091191925823064,0.2983378654724247,0.08900548197464257,0.08612272346998139,2020-04-28,Jervis Bay New South Wales AUSTRALIA,Jervis Bay,New South Wales,AUSTRALIA,-35.0480805,150.7446771
1335,2020-04-28|Jimmys Beach New South Wales AUSTRALIA,0.5861743016924922,-0.42033145995618804,0.046380731499063854,0.05622622128788031,0.3104056356752165,0.09635165865893525,0.08960638865753158,2020-04-28,Jimmys Beach New South Wales AUSTRALIA,Jimmy's Beach,New South Wales,AUSTRALIA,-32.6790132,152.1762756
1336,2020-04-28|Jimmys Beach Port Stephens New South Wales AUSTRALIA,0.5861855416610575,-0.4203300479352171,0.04638559994433352,0.056227549061618684,0.3104105894213314,0.09635473402489837,0.08960781868085804,2020-04-28,Jimmys Beach Port Stephens New South Wales AUSTRALIA,Jimmys Beach,New South Wales,AUSTRALIA,-32.6790132,152.1762756
1337,2020-04-28|Johnstones Bay Sydney New South Wales AUSTRALIA,0.5645309413956895,-0.428022798655657,0.040524592846594105,0.04948821789973501,0.3034212452701256,0.09206445208127373,0.08759016881727924,2020-04-28,Johnstones Bay Sydney New South Wales AUSTRALIA,Johnstone's Bay,New South Wales,AUSTRALIA,-33.864072,151.1898785
1338,2020-04-28|Julian Rocks Byron Bay New South Wales AUSTRALIA,0.6199164267204953,-0.3801322223400244,0.04525958610107136,0.00429137189649079,0.32595568472746256,0.10624710840614895,0.09827933677494285,2020-04-28,Julian Rocks Byron Bay New South Wales AUSTRALIA,Julian Rocks,New South Wales,AUSTRALIA,-28.643715999999998,153.615072
1339,2020-04-28|Junpinpin off Stradbroke Island Queensland AUSTRALIA,0.6248198803899102,-0.3828663416937008,0.045047424719056546,0.006396086853113379,0.324475747673155,0.10528451082805294,0.09783311896380813,2020-04-28,Junpinpin off Stradbroke Island Queensland AUSTRALIA,Junpinpin,Queensland,AUSTRALIA,-27.731177600000002,153.4428803
1340,2020-04-28|Jurien Bay Western Australia AUSTRALIA,0.2846942633186454,-0.20561708266291626,0.007822259915954043,-0.04502191724135812,0.18032071018918697,0.03251555852313276,0.04655860716926768,2020-04-28,Jurien Bay Western Australia AUSTRALIA,Jurien Bay,Western Australia,AUSTRALIA,-30.293831400000002,115.11776540000001
1341,2020-04-28|Just below Roseville Bridge opposite Killarney picnic reserve Middle Harbor Sydney New South Wales AUSTRALIA,0.5661133391166149,-0.42764125213868825,0.04092400392505361,0.04995269788279488,0.3038676545602711,0.09233555148796023,0.08771903607919637,2020-04-28,Just below Roseville Bridge opposite Killarney picnic reserve Middle Harbor Sydney New South Wales AUSTRALIA,Just below Roseville Bridge,New South Wales,AUSTRALIA,-33.773044899999995,151.2037718
1342,2020-04-28|Just north of Fingal Spit New South Wales AUSTRALIA,0.5861743016924922,-0.42033145995618804,0.046380731499063854,0.05622622128788031,0.3104056356752165,0.09635165865893525,0.08960638865753158,2020-04-28,Just north of Fingal Spit New South Wales AUSTRALIA,Just north of Fingal Spit,New South Wales,AUSTRALIA,-32.750155,152.16318700000002
1343,2020-04-28|Kalbarri Western Australia AUSTRALIA,0.33767530940322366,-0.24131663190672542,0.014655860763372363,-0.05372717490601584,0.17965322885980306,0.032275282639752774,0.04638626423109379,2020-04-28,Kalbarri Western Australia AUSTRALIA,Kalbarri,Western Australia,AUSTRALIA,-27.710419199999997,114.1646201
1344,2020-04-28|Kangaroo Island South Australia AUSTRALIA,0.49658988512830393,-0.2791827234265167,0.011927979412611683,-0.08622855593175217,0.263945657456462,0.06966731009012396,0.07320535399194829,2020-04-28,Kangaroo Island South Australia AUSTRALIA,Kangaroo Island,South Australia,AUSTRALIA,-35.775242600000006,137.2142417
1345,2020-04-28|Karra Garra Queensland AUSTRALIA,0.9875890175254813,-0.6517799671782241,0.058646632282698424,0.06277217874704356,0.529718208589174,0.28060138051092365,0.15291647516180296,2020-04-28,Karra Garra Queensland AUSTRALIA,Karra Garra,Queensland,AUSTRALIA,-27.637184,153.3718169
1346,2020-04-28|Katana Downs Reach Brisbane River Queensland AUSTRALIA,0.9316406540827795,-0.5906493229198662,0.08272810140439245,0.10031053405559362,0.49372908990411224,0.24376841421754294,0.14252731148144407,2020-04-28,Katana Downs Reach Brisbane River Queensland AUSTRALIA,Katana Downs Reach,Queensland,AUSTRALIA,-27.55,152.822222
1347,2020-04-28|Kelpids Beach Wylie Bay Esperance Western Australia AUSTRALIA,0.3998921495965651,-0.2173865661340122,0.05915810198514337,-0.03594542194224925,0.23093405280685253,0.05333053674579815,0.06962923677058637,2020-04-28,Kelpids Beach Wylie Bay Esperance Western Australia AUSTRALIA,Kelpids Beach,Western Australia,AUSTRALIA,-33.8356954,121.9840825
1348,2020-04-28|Kelpies near Wylie Bay Western Australia AUSTRALIA,0.3998921495965651,-0.2173865661340122,0.05915810198514337,-0.03594542194224925,0.23093405280685253,0.05333053674579815,0.06962923677058637,2020-04-28,Kelpies near Wylie Bay Western Australia AUSTRALIA,Kelpies near Wylie Bay,Western Australia,AUSTRALIA,-33.8324777,121.9970721
1349,2020-04-28|Kempsey New South Wales AUSTRALIA,0.6061033881294808,-0.3889404217910821,0.038335684664648366,0.010962411952947924,0.32520903484862096,0.10576091634717155,0.09805421336604449,2020-04-28,Kempsey New South Wales AUSTRALIA,Kempsey,New South Wales,AUSTRALIA,-31.060476899999998,152.8481977
1350,2020-04-28|Kerosene Bay New South Wales AUSTRALIA,0.5702307336741925,-0.4281255261034794,0.04241639723551268,0.05189477599816259,0.3053924775889076,0.09326456536789142,0.08815921457222128,2020-04-28,Kerosene Bay New South Wales AUSTRALIA,Kerosene Bay,New South Wales,AUSTRALIA,-31.2532183,146.921099
1351,2020-04-28|Kiah Creek Eden New South Wales AUSTRALIA,0.5223795627209775,-0.44742502675481555,0.021573278319250936,0.02506964263150456,0.2912809828296815,0.08484461095822521,0.0840855769232677,2020-04-28,Kiah Creek Eden New South Wales AUSTRALIA,Kiah Creek,New South Wales,AUSTRALIA,-37.137766,149.871076
1352,2020-04-28|Kiama New South Wales AUSTRALIA,0.5525266881651851,-0.43552648876271555,0.03542334129253736,0.043183300908757244,0.30053223497593856,0.09031962425963273,0.086756183381759,2020-04-28,Kiama New South Wales AUSTRALIA,Kiama,New South Wales,AUSTRALIA,-34.6738221,150.8443706
1353,2020-04-28|Kilcunda Victoria AUSTRALIA,1.167251695224102,-1.086745651792063,0.23403537859173662,0.351858429036719,0.7231448819394969,0.5229385202752889,0.20875394612543435,2020-04-28,Kilcunda Victoria AUSTRALIA,Kilcunda,Victoria,AUSTRALIA,-38.5498,145.4761
1354,2020-04-28|Kings Beach Caloundra Queensland AUSTRALIA,0.6207015065516048,-0.4228305952141797,0.04058962576406334,0.0028619227366272716,0.3283016261021594,0.10778195770132207,0.09898666471312831,2020-04-28,Kings Beach Caloundra Queensland AUSTRALIA,Kings Beach,Queensland,AUSTRALIA,-26.801,153.141
1355,2020-04-28|Kingscliff Beach New South Wales AUSTRALIA,0.6209675927309763,-0.3788094422897831,0.0466408272275141,0.007503986509161749,0.32484007544095467,0.10552107461248512,0.09794296791894441,2020-04-28,Kingscliff Beach New South Wales AUSTRALIA,Kingscliff Beach,New South Wales,AUSTRALIA,-28.251915000000004,153.574525
1356,2020-04-28|Kingscliff New South Wales AUSTRALIA,0.6209578322706969,-0.37880754404242356,0.04663670653298302,0.007506487600436578,0.32483571878021006,0.1055182441954557,0.09794165433630544,2020-04-28,Kingscliff New South Wales AUSTRALIA,Kingscliff,New South Wales,AUSTRALIA,-28.264593800000004,153.5776602
1357,2020-04-28|Kingscliffe Beach south of Tweed Heads New South Wales AUSTRALIA,0.6209675927309763,-0.3788094422897831,0.0466408272275141,0.007503986509161749,0.32484007544095467,0.10552107461248512,0.09794296791894441,2020-04-28,Kingscliffe Beach south of Tweed Heads New South Wales AUSTRALIA,Kingscliffe Beach,New South Wales,AUSTRALIA,-28.2732826,153.5811643
1358,2020-04-28|King’s Beach Caloundra Queensland AUSTRALIA,0.6207015065516048,-0.4228305952141797,0.04058962576406334,0.0028619227366272716,0.3283016261021594,0.10778195770132207,0.09898666471312831,2020-04-28,King’s Beach Caloundra Queensland AUSTRALIA,King’s Beach,Queensland,AUSTRALIA,-26.801,153.141
1359,2020-04-28|Kirra Beach Coolangatta Queensland AUSTRALIA,0.6234037585232515,-0.37826321761025117,0.04719611125789463,0.009421972946259344,0.3254109750919583,0.1058923027102991,0.0981151006403375,2020-04-28,Kirra Beach Coolangatta Queensland AUSTRALIA,Kirra Beach,Queensland,AUSTRALIA,-28.165981300000002,153.5286085
1360,2020-04-28|Kirra Queensland AUSTRALIA,0.6233929030796833,-0.3782622724875926,0.04719461800657525,0.009423227002585393,0.32540895913347506,0.10589099068433164,0.0981144928059846,2020-04-28,Kirra Queensland AUSTRALIA,Kirra,Queensland,AUSTRALIA,-28.1673738,153.53098530000003
1361,2020-04-28|Kissing Point Camp Townsville Queensland AUSTRALIA,0.588723815465737,-0.4357651541006123,-0.009587018856472701,-0.01810155952906481,0.32319041532348436,0.1044520445569663,0.11426506714486623,2020-04-28,Kissing Point Camp Townsville Queensland AUSTRALIA,Kissing Point Camp,Queensland,AUSTRALIA,-19.239290899999997,146.80543889999998
1362,2020-04-28|Knobbys Beach Newcastle New South Wales AUSTRALIA,0.5840354030753874,-0.42379123132700325,0.04605707633881347,0.05609115452773849,0.31015348122247244,0.09619518191441857,0.08953359793694701,2020-04-28,Knobbys Beach Newcastle New South Wales AUSTRALIA,Knobby's Beach,New South Wales,AUSTRALIA,-32.923841700000004,151.7928437
1363,2020-04-28|Koonya Beach Melbourne Victoria AUSTRALIA,1.0739596759017298,-0.9290987369544114,0.12833360642347783,0.22511270282879203,0.6296420076680228,0.3964490578202185,0.1817619913101147,2020-04-28,Koonya Beach Melbourne Victoria AUSTRALIA,Koonya Beach,Victoria,AUSTRALIA,-38.3632275,144.7513372
1364,2020-04-28|Kurnell Botany Bay New South Wales AUSTRALIA,0.5599953811520717,-0.42958198201362985,0.03849216293019677,0.0468923380587012,0.30225803979432053,0.09135992262030507,0.08725438031998979,2020-04-28,Kurnell Botany Bay New South Wales AUSTRALIA,Kurnell,New South Wales,AUSTRALIA,-34.011590000000005,151.20686
1365,2020-04-28|Kylies Beach Diamond Head New South Wales AUSTRALIA,0.6048069636140633,-0.4047491172908898,0.03639376703066338,0.01684226613276912,0.32646848134573914,0.10658166931219322,0.09843395077281435,2020-04-28,Kylies Beach Diamond Head New South Wales AUSTRALIA,Kylie's Beach,New South Wales,AUSTRALIA,-31.735303100000003,152.7916418
1366,2020-04-28|Lachan Island Mercury Passage Tasmania AUSTRALIA,0.37181227462662736,-0.4237833416545309,0.022594016553012974,0.072317881985721,0.2448715856835329,0.059962093475167795,0.07068833795563911,2020-04-28,Lachan Island Mercury Passage Tasmania AUSTRALIA,Lachan Island,Tasmania,AUSTRALIA,-42.642743599999996,147.97761830000002
1367,2020-04-28|Lady Beach at Warrnambool Victoria AUSTRALIA,0.4410543141998597,-0.4054723875343713,0.051354917158909524,0.054260308502016484,0.2558404487411606,0.06545433521207841,0.07713879769732573,2020-04-28,Lady Beach at Warrnambool Victoria AUSTRALIA,Lady Beach at Warrnambool,Victoria,AUSTRALIA,-38.3974833,142.4726155
1368,2020-04-28|Lady Julia Percy Island Victoria AUSTRALIA,0.4339865970956979,-0.39540728333775393,0.05123417388122783,0.05834198611648281,0.2633481764381479,0.06935226203329786,0.08327800551964358,2020-04-28,Lady Julia Percy Island Victoria AUSTRALIA,Lady Julia Percy Island,Victoria,AUSTRALIA,-38.4160708,142.00376599999998
1369,2020-04-28|Lady Martin’s Beach Sydney Harbor New South Wales AUSTRALIA,0.5645309413956895,-0.428022798655657,0.040524592846594105,0.04948821789973501,0.3034212452701256,0.09206445208127373,0.08759016881727924,2020-04-28,Lady Martin’s Beach Sydney Harbor New South Wales AUSTRALIA,Lady Martin’s Beach,New South Wales,AUSTRALIA,-33.865044299999994,151.2534844
1370,2020-04-28|Lake Conjola near Milton New South Wales AUSTRALIA,0.5355397728411143,-0.4402086053584371,0.029615346610071175,0.03615099234196852,0.29561310940465435,0.08738711045188814,0.08533615414537975,2020-04-28,Lake Conjola near Milton New South Wales AUSTRALIA,Lake Conjola,New South Wales,AUSTRALIA,-35.2696191,150.4810158
1371,2020-04-28|Lake Illawarra New South Wales AUSTRALIA,0.5542836202392497,-0.4338770423259863,0.03598846825618043,0.04382329680603942,0.30091412820281466,0.09054931255205996,0.0868664264604283,2020-04-28,Lake Illawarra New South Wales AUSTRALIA,Lake Illawarra,New South Wales,AUSTRALIA,-34.541667,150.85833300000002
1372,2020-04-28|Lake Macquarie New South Wales AUSTRALIA,0.5821492643300905,-0.42443029910608837,0.04589840081240609,0.05594388015100521,0.3092222884663494,0.0956184236843662,0.08926478574273948,2020-04-28,Lake Macquarie New South Wales AUSTRALIA,Lake Macquarie,New South Wales,AUSTRALIA,-33.031122499999995,151.56032439999998
1373,2020-04-28|Lamberts Beach Mackay Queensland AUSTRALIA,1.6546250838120418,-0.8310517265457386,0.29897933756716966,0.3151679147178987,0.8337420944344738,0.6951258800319831,0.25138269992401896,2020-04-28,Lamberts Beach Mackay Queensland AUSTRALIA,Lambert's Beach,Queensland,AUSTRALIA,-21.074391600000002,149.22827949999999
1374,2020-04-28|Lambert’s Beach Mackay Queensland AUSTRALIA,1.6546250838120418,-0.8310517265457386,0.29897933756716966,0.3151679147178987,0.8337420944344738,0.6951258800319831,0.25138269992401896,2020-04-28,Lambert’s Beach Mackay Queensland AUSTRALIA,Lambert’s Beach,Queensland,AUSTRALIA,-21.074391600000002,149.22827949999999
1375,2020-04-28|Lambeth Street Wharf New South Wales AUSTRALIA,0.5588320368246674,-0.4302317601047717,0.03788579777088329,0.0461173004567056,0.3019799333107415,0.09119188012235989,0.08717409789341093,2020-04-28,Lambeth Street Wharf New South Wales AUSTRALIA,Lambeth Street Wharf,New South Wales,AUSTRALIA,-33.9633441,150.99770900000001
1376,2020-04-28|Lamont Reef Queensland AUSTRALIA,0.7525613909764346,-0.6362375855114136,-0.003454642538930171,-0.016568221315818473,0.4324696288676948,0.1870299798929617,0.1303944992889451,2020-04-28,Lamont Reef Queensland AUSTRALIA,Lamont Reef,Queensland,AUSTRALIA,-23.6013947,152.0308565
1377,2020-04-28|Lancelin Island Western Australia AUSTRALIA,0.28316071640248863,-0.20172252540423494,0.008281062768835978,-0.045453842648422844,0.1821592565019133,0.033181994729329846,0.047033317785962356,2020-04-28,Lancelin Island Western Australia AUSTRALIA,Lancelin Island,Western Australia,AUSTRALIA,-31.007032899999995,115.3167243
1378,2020-04-28|Lancelin Western Australia AUSTRALIA,0.2831559653709018,-0.2017473219067815,0.008279469223360092,-0.04545336451949221,0.18215759974143061,0.033181391143559245,0.04703289001224515,2020-04-28,Lancelin Western Australia AUSTRALIA,Lancelin,Western Australia,AUSTRALIA,-31.045409799999998,115.35327749999999
1379,2020-04-28|Lane Cove River Sydney Harbor Estuary New South Wales AUSTRALIA,0.5661010475920871,-0.4276424683502256,0.04092224767907187,0.04995177983953535,0.30386566934778764,0.09233434500817901,0.0877184629977155,2020-04-28,Lane Cove River Sydney Harbor Estuary New South Wales AUSTRALIA,Lane Cove River,New South Wales,AUSTRALIA,-33.7827054,151.14003469999997
1380,2020-04-28|Lane Cove River Sydney Harbor New South Wales AUSTRALIA,0.5661010475920871,-0.4276424683502256,0.04092224767907187,0.04995177983953535,0.30386566934778764,0.09233434500817901,0.0877184629977155,2020-04-28,Lane Cove River Sydney Harbor New South Wales AUSTRALIA,Lane Cove River,New South Wales,AUSTRALIA,-33.7827054,151.14003469999997
1381,2020-04-28|Largs Bay South Australia AUSTRALIA,1.1969005813312263,-0.7730513136617388,0.15308560241342042,0.13095612459591174,0.6622179028064069,0.4385325507973158,0.19966621027862655,2020-04-28,Largs Bay South Australia AUSTRALIA,Largs Bay,South Australia,AUSTRALIA,-34.821,138.494
1382,2020-04-28|Latitude Reef near Forster New South Wales AUSTRALIA,0.6029727997315348,-0.41116444021051857,0.049546967067450744,0.05894657734227868,0.314589504019928,0.09896655603950431,0.09081416741506816,2020-04-28,Latitude Reef near Forster New South Wales AUSTRALIA,Latitude Reef,New South Wales,AUSTRALIA,-32.180556,152.511667
1383,2020-04-28|Laura Bay South Australia AUSTRALIA,0.7142597716085078,-0.6074313392555966,0.07763725519438265,0.14447639500808626,0.4277878348001744,0.1830024316030213,0.1289828852646108,2020-04-28,Laura Bay South Australia AUSTRALIA,Laura Bay,South Australia,AUSTRALIA,-32.2280904,133.83199679999998
1384,2020-04-28|Left break at the ‘Hot Spot’ at Sheringa Beach Western Australia AUSTRALIA,0.567273060964534,-0.48084842563761043,0.040521756097282265,0.06544798949031039,0.31351764460907444,0.09829331348122192,0.09050474825537329,2020-04-28,Left break at the ‘Hot Spot’ at Sheringa Beach Western Australia AUSTRALIA,Left break at the ‘Hot Spot’ at Sheringa Beach,Western Australia,AUSTRALIA,-33.891765299999996,135.18893730000002
1385,2020-04-28|Lefthanders Beach Margaret River Western Australia AUSTRALIA,0.30794091033444837,-0.22201253030999865,-0.002628165683093341,-0.05302565195514917,0.19633014025106835,0.038545523971004164,0.054452183661097185,2020-04-28,Lefthanders Beach Margaret River Western Australia AUSTRALIA,Lefthanders Beach,Western Australia,AUSTRALIA,-33.8752851,114.98611319999999
1386,2020-04-28|Lefthanders Margaret River Area Western Australia AUSTRALIA,0.30794091033444837,-0.22201253030999865,-0.002628165683093341,-0.05302565195514917,0.19633014025106835,0.038545523971004164,0.054452183661097185,2020-04-28,Lefthanders Margaret River Area Western Australia AUSTRALIA,Lefthanders,Western Australia,AUSTRALIA,-33.8752851,114.98611319999999
1387,2020-04-28|Leichardt Sydney New South Wales AUSTRALIA,0.5645309413956895,-0.428022798655657,0.040524592846594105,0.04948821789973501,0.3034212452701256,0.09206445208127373,0.08759016881727924,2020-04-28,Leichardt Sydney New South Wales AUSTRALIA,Leichardt,New South Wales,AUSTRALIA,-33.8837222,151.157028
1388,2020-04-28|Leighton Beach North Fremantle Western Australia AUSTRALIA,0.2874665428483142,-0.1932428552000659,-0.013103435936540545,-0.08063389861694625,0.17451846825327477,0.03045669576146928,0.046642022562024224,2020-04-28,Leighton Beach North Fremantle Western Australia AUSTRALIA,Leighton Beach,Western Australia,AUSTRALIA,-32.028432,115.7503284
1389,2020-04-28|Leighton Beach north of Freemantle Western Australia AUSTRALIA,0.2874665428483142,-0.1932428552000659,-0.013103435936540545,-0.08063389861694625,0.17451846825327477,0.03045669576146928,0.046642022562024224,2020-04-28,Leighton Beach north of Freemantle Western Australia AUSTRALIA,Leighton Beach,Western Australia,AUSTRALIA,-32.024505600000005,115.7503081
1390,2020-04-28|Leighton Beach south of North Cottesloe Western Australia AUSTRALIA,0.2874665428483142,-0.1932428552000659,-0.013103435936540545,-0.08063389861694625,0.17451846825327477,0.03045669576146928,0.046642022562024224,2020-04-28,Leighton Beach south of North Cottesloe Western Australia AUSTRALIA,Leighton Beach,Western Australia,AUSTRALIA,-32.028432,115.7503284
1391,2020-04-28|Lennox Head Ballina New South Wales AUSTRALIA,0.6212010948691915,-0.3771995251048339,0.04242526058934183,0.003945469724899996,0.3275626631422478,0.10729729828484169,0.0987638589974922,2020-04-28,Lennox Head Ballina New South Wales AUSTRALIA,Lennox Head,New South Wales,AUSTRALIA,-28.8,153.583333
1392,2020-04-28|Lennox Head New South Wales AUSTRALIA,0.6212010948691915,-0.3771995251048339,0.04242526058934183,0.003945469724899996,0.3275626631422478,0.10729729828484169,0.0987638589974922,2020-04-28,Lennox Head New South Wales AUSTRALIA,Lennox Head,New South Wales,AUSTRALIA,-28.8,153.583333
1393,2020-04-28|Lennox Heads New South Wales AUSTRALIA,0.6212010948691915,-0.3771995251048339,0.04242526058934183,0.003945469724899996,0.3275626631422478,0.10729729828484169,0.0987638589974922,2020-04-28,Lennox Heads New South Wales AUSTRALIA,Lennox Heads,New South Wales,AUSTRALIA,-28.8,153.583333
1394,2020-04-28|Levys Beach Victoria AUSTRALIA,0.362466364081034,-0.43382883306331443,0.032489588110878743,0.11339201149957298,0.2869718696729891,0.08235285398361104,0.0907484732563645,2020-04-28,Levys Beach Victoria AUSTRALIA,Levys Beach,Victoria,AUSTRALIA,-37.471307700000004,144.7851531
1395,2020-04-28|Lighthouse Beach Ballina New South Wales AUSTRALIA,0.6212275860190283,-0.3767111365341709,0.04240963749090371,0.0041548847291424645,0.3278452599605211,0.10748251447858168,0.09884906514414317,2020-04-28,Lighthouse Beach Ballina New South Wales AUSTRALIA,Lighthouse Beach,New South Wales,AUSTRALIA,-28.8725999,153.58992469999998
1396,2020-04-28|Lighthouse Beach New South Wales AUSTRALIA,0.6079172266582896,-0.3966637275688113,0.0380570414198875,0.016388088354849853,0.3264133750278707,0.10654569139708536,0.09841733559281911,2020-04-28,Lighthouse Beach New South Wales AUSTRALIA,Lighthouse Beach,New South Wales,AUSTRALIA,-31.4789172,152.9298045
1397,2020-04-28|Lighthouse Beach Seal Rocks New South Wales AUSTRALIA,0.5945354276004896,-0.4158698806824667,0.04825507419501052,0.05797436415720977,0.311826965793334,0.09723605659587711,0.09001669132068281,2020-04-28,Lighthouse Beach Seal Rocks New South Wales AUSTRALIA,Lighthouse Beach,New South Wales,AUSTRALIA,-32.4436471,152.52793569999997
1398,2020-04-28|Line Reef Queensland AUSTRALIA,0.7476839424115624,-0.4286966799735854,0.029370443809635872,-0.052947967965340875,0.37463994128272576,0.1403550856043242,0.11295819242868906,2020-04-28,Line Reef Queensland AUSTRALIA,Line Reef,Queensland,AUSTRALIA,-19.674144000000002,149.1746224
1399,2020-04-28|Line Reef northeast of Hamilton Island Whitsundays Queensland AUSTRALIA,0.7476839424115624,-0.4286966799735854,0.029370443809635872,-0.052947967965340875,0.37463994128272576,0.1403550856043242,0.11295819242868906,2020-04-28,Line Reef northeast of Hamilton Island Whitsundays Queensland AUSTRALIA,Line Reef,Queensland,AUSTRALIA,-19.674144000000002,149.1746224
1400,2020-04-28|Lipson Cove Tumby Bay South Australia AUSTRALIA,0.7628783398677503,-0.45376066194853903,0.051211162063865605,-0.03721531630809297,0.40396480627207065,0.16318756470643156,0.11661459482215751,2020-04-28,Lipson Cove Tumby Bay South Australia AUSTRALIA,Lipson Cove,South Australia,AUSTRALIA,-34.2592315,136.2625804
1401,2020-04-28|Lismore New South Wales AUSTRALIA,0.6237365418159486,-0.3741071203503079,0.0410588723267479,0.005196108308161236,0.3299525075921261,0.10886865726633203,0.0994844242109067,2020-04-28,Lismore New South Wales AUSTRALIA,Lismore,New South Wales,AUSTRALIA,-28.8093154,153.2882876
1402,2020-04-28|Little Beach Reef Bremer Bay Western Australia AUSTRALIA,0.358658080155055,-0.20076430856946276,0.04103265929285984,-0.03471080466098698,0.2193786074249958,0.04812697339573042,0.06332914902563327,2020-04-28,Little Beach Reef Bremer Bay Western Australia AUSTRALIA,Little Beach Reef,Western Australia,AUSTRALIA,-34.4650904,119.0936263
1403,2020-04-28|Little Congwong Beach La Perouse New South Wales AUSTRALIA,0.5599953811520717,-0.42958198201362985,0.03849216293019677,0.0468923380587012,0.30225803979432053,0.09135992262030507,0.08725438031998979,2020-04-28,Little Congwong Beach La Perouse New South Wales AUSTRALIA,Little Congwong Beach,New South Wales,AUSTRALIA,-33.9915566,151.2383626
1404,2020-04-28|Little Island near Hillarys Western Australia AUSTRALIA,0.285470861541518,-0.19555099324339106,-0.011996271794695269,-0.0764946633599668,0.17362503718704778,0.03014565353820372,0.046403243065701254,2020-04-28,Little Island near Hillarys Western Australia AUSTRALIA,Little Island,Western Australia,AUSTRALIA,-31.8123368,115.70911540000002
1405,2020-04-28|Lizard Island Queensland AUSTRALIA,0.4369379326614747,-0.3935571933984602,0.001933598621974883,-0.033703668735911886,0.32800299468798644,0.10758596452428726,0.11596657089668516,2020-04-28,Lizard Island Queensland AUSTRALIA,Lizard Island,Queensland,AUSTRALIA,-14.668043300000003,145.463777
1406,2020-04-28|Logan River Queensland AUSTRALIA,0.6252564692613541,-0.37999549655654613,0.046941577639143146,0.008926752766440645,0.3258225445017162,0.10616033050557286,0.09823919348646068,2020-04-28,Logan River Queensland AUSTRALIA,Logan River,Queensland,AUSTRALIA,-28.073537800000004,152.924704
1407,2020-04-28|Long Reef Collaroy New South Wales AUSTRALIA,0.5678134268939006,-0.42763324589066487,0.04151112235587175,0.05069589502759181,0.30454098915651007,0.0927452140764256,0.087913411034393,2020-04-28,Long Reef Collaroy New South Wales AUSTRALIA,Long Reef,New South Wales,AUSTRALIA,-33.741958399999994,151.31703280000002
1408,2020-04-28|Long Reef North Manly New South Wales AUSTRALIA,0.5678246027054026,-0.42763163462574083,0.04151597403059478,0.05069712380438557,0.3045458699701674,0.09274818691588611,0.08791482000393247,2020-04-28,Long Reef North Manly New South Wales AUSTRALIA,Long Reef,New South Wales,AUSTRALIA,-33.7419539,151.3170694
1409,2020-04-28|Long Reef north of Sydney New South Wales AUSTRALIA,0.5661010475920871,-0.4276424683502256,0.04092224767907187,0.04995177983953535,0.30386566934778764,0.09233434500817901,0.0877184629977155,2020-04-28,Long Reef north of Sydney New South Wales AUSTRALIA,Long Reef,New South Wales,AUSTRALIA,-33.746083399999996,151.30407160000001
1410,2020-04-28|Lookout Point Queensland AUSTRALIA,0.6160977290307682,-0.3926216523020035,0.044503945470357326,-0.002884090826329482,0.31979079446087827,0.1022661522219197,0.09642055242149065,2020-04-28,Lookout Point Queensland AUSTRALIA,Lookout Point,Queensland,AUSTRALIA,-27.434650800000004,153.5304523
1411,2020-04-28|Lord Howe Island New South Wales AUSTRALIA,0.6100275701159967,-0.48730168311854266,0.010854176946341396,0.006166486588337662,0.36658156918531204,0.1343820468663657,0.10582298382454768,2020-04-28,Lord Howe Island New South Wales AUSTRALIA,Lord Howe Island,New South Wales,AUSTRALIA,-31.555326300000004,159.0821211
1412,2020-04-28|Lord Howe Island island group 440 miles northeast of Sydney New South Wales AUSTRALIA,0.610023426183787,-0.4872998067558676,0.010852133108424056,0.006165863703038316,0.3665784179433482,0.1343797365018481,0.10582207413934962,2020-04-28,Lord Howe Island island group 440 miles northeast of Sydney New South Wales AUSTRALIA,Lord Howe Island (island group 440 miles northeast of Sydney),New South Wales,AUSTRALIA,-31.555326300000004,159.0821211
1413,2020-04-28|Lorne Victoria AUSTRALIA,0.9807869561486614,-0.765527958370469,0.15894352608026285,0.23472714094412472,0.5384963431199404,0.2899783115535486,0.15545050432896335,2020-04-28,Lorne Victoria AUSTRALIA,Lorne,Victoria,AUSTRALIA,-38.5366556,143.97154840000002
1414,2020-04-28|Maatsuyker Island Tasmania AUSTRALIA,0.309789199416731,-0.3884613868408062,0.007134778476427767,0.07736742219545917,0.2614660428706028,0.06836449157441192,0.0826828226262335,2020-04-28,Maatsuyker Island Tasmania AUSTRALIA,Maatsuyker Island,Tasmania,AUSTRALIA,-43.6522707,146.27698130000002
1415,2020-04-28|Mackay Queensland AUSTRALIA,1.6953467394525898,-0.8714354201311949,0.289971650552481,0.3048695340920113,0.8587956690234873,0.7375300011334991,0.2589366368848317,2020-04-28,Mackay Queensland AUSTRALIA,Mackay,Queensland,AUSTRALIA,-21.1424956,149.1821469
1416,2020-04-28|Macleay River New South Wales AUSTRALIA,0.6064242009521753,-0.3845684786588249,0.03852565187907667,0.006881856199070081,0.3253866202503412,0.10587645263793977,0.09810775737929454,2020-04-28,Macleay River New South Wales AUSTRALIA,Macleay River,New South Wales,AUSTRALIA,-30.8273843,152.45621
1417,2020-04-28|Magnetic Island Queensland AUSTRALIA,0.603727588944852,-0.44528188425306753,-0.006241886218407107,-0.010774667059578559,0.33010409052153283,0.10896871057904835,0.11670942045259688,2020-04-28,Magnetic Island Queensland AUSTRALIA,Magnetic Island,Queensland,AUSTRALIA,-19.135865300000003,146.8423556
1418,2020-04-28|Magra Islet Queensland AUSTRALIA,0.6225320408916339,-0.507767461327994,-0.0015143781770236037,-0.04018104206904281,0.37227844892437195,0.13859124353353622,0.11772478223956764,2020-04-28,Magra Islet Queensland AUSTRALIA,Magra Islet,Queensland,AUSTRALIA,-11.8573472,143.2815326
1419,2020-04-28|Main Beach Gold Coast Queensland AUSTRALIA,0.6249769000104684,-0.3816677820909529,0.046338887323991246,0.007530127033972567,0.3253460043203722,0.10585002252723164,0.09809551121563831,2020-04-28,Main Beach Gold Coast Queensland AUSTRALIA,Main Beach,Queensland,AUSTRALIA,-27.963,153.42600000000002
1420,2020-04-28|Main Beach Southport Queensland AUSTRALIA,0.6249669551073515,-0.38166601027316277,0.04633472661613222,0.007532576952720273,0.3253416316477335,0.1058471772832095,0.09809419280523163,2020-04-28,Main Beach Southport Queensland AUSTRALIA,Main Beach,Queensland,AUSTRALIA,-27.963,153.42600000000002
1421,2020-04-28|Malagil Barrier Reef Queensland AUSTRALIA,0.5915363236955608,-0.4372435190915776,-0.00902299764835729,-0.01717107187083799,0.324518186803182,0.10531205356602492,0.11473450525344638,2020-04-28,Malagil Barrier Reef Queensland AUSTRALIA,Malagil,Queensland,AUSTRALIA,-19.3594967,146.885081
1422,2020-04-28|Manley Beach New South Wales AUSTRALIA,0.5661004900612292,-0.4276420629215034,0.04092244517085971,0.049952085800409315,0.3038655996972738,0.09233430267938382,0.08771844289134405,2020-04-28,Manley Beach New South Wales AUSTRALIA,Manley Beach,New South Wales,AUSTRALIA,-33.7931501,151.2876488
1423,2020-04-28|Manly Marineland Sydney New South Wales AUSTRALIA,0.5661010475920871,-0.4276424683502256,0.04092224767907187,0.04995177983953535,0.30386566934778764,0.09233434500817901,0.0877184629977155,2020-04-28,Manly Marineland Sydney New South Wales AUSTRALIA,Manly Marineland,New South Wales,AUSTRALIA,-33.8060158,151.29477749999998
1424,2020-04-28|Manly New South Wales AUSTRALIA,0.5661010475920871,-0.4276424683502256,0.04092224767907187,0.04995177983953535,0.30386566934778764,0.09233434500817901,0.0877184629977155,2020-04-28,Manly New South Wales AUSTRALIA,Manly,New South Wales,AUSTRALIA,-33.8060158,151.29477749999998
1425,2020-04-28|Manning River New South Wales AUSTRALIA,0.6035360017807888,-0.41099158176292994,0.04937594429577904,0.05868201638377457,0.3149081656965066,0.09916715282233844,0.09090615711744468,2020-04-28,Manning River New South Wales AUSTRALIA,Manning River,New South Wales,AUSTRALIA,-31.8518472,152.10067469999998
1426,2020-04-28|Maria River New South Wales AUSTRALIA,0.6065163256114255,-0.3899123267034979,0.038517105552331184,0.012048132837428227,0.32540134566176726,0.10588603575848894,0.09811219725789308,2020-04-28,Maria River New South Wales AUSTRALIA,Maria River,New South Wales,AUSTRALIA,-31.269947600000002,152.8567516
1427,2020-04-28|Marineland Aquarium Manley Sydney New South Wales AUSTRALIA,0.5661122196829517,-0.4276408467564146,0.0409270956257326,0.04995300404719961,0.3038705416767215,0.09233730609890413,0.08771986951792628,2020-04-28,Marineland Aquarium Manley Sydney New South Wales AUSTRALIA,Marineland Aquarium,New South Wales,AUSTRALIA,-33.795355,151.285014
1428,2020-04-28|Marineland Sydney New South Wales AUSTRALIA,0.5645309413956895,-0.428022798655657,0.040524592846594105,0.04948821789973501,0.3034212452701256,0.09206445208127373,0.08759016881727924,2020-04-28,Marineland Sydney New South Wales AUSTRALIA,Marineland,New South Wales,AUSTRALIA,-33.8695997,151.2021381
1429,2020-04-28|Marino South Australia AUSTRALIA,1.1123712939419208,-0.6994876371776985,0.14746787317548077,0.14901514841895722,0.6031106907658255,0.3637425053160312,0.18184471530202784,2020-04-28,Marino South Australia AUSTRALIA,Marino,South Australia,AUSTRALIA,-35.049724499999996,138.5162223
1430,2020-04-28|Marion Bay South Australia AUSTRALIA,0.4897487176312324,-0.37649633905956087,0.02723025201776136,-0.015590926789800903,0.27579266589261003,0.07606159456015284,0.07649112294405493,2020-04-28,Marion Bay South Australia AUSTRALIA,Marion Bay,South Australia,AUSTRALIA,-35.2398829,136.97959939999998
1431,2020-04-28|Mark’s Point Swan Bay Lake Macquarie New South Wales AUSTRALIA,0.5821384859874185,-0.4244321957005375,0.045891401562955646,0.055931002567948356,0.3092175230922021,0.09561547658727652,0.0892634100977161,2020-04-28,Mark’s Point Swan Bay Lake Macquarie New South Wales AUSTRALIA,Mark’s Point,New South Wales,AUSTRALIA,-33.0589864,151.64430869999998
1432,2020-04-28|Maroochydore Beach Queensland AUSTRALIA,0.617106939972377,-0.41644412281279136,0.04313066869217364,0.004877710657728483,0.3248935699197165,0.10555583177517772,0.09795909711116339,2020-04-28,Maroochydore Beach Queensland AUSTRALIA,Maroochydore Beach,Queensland,AUSTRALIA,-26.65447,153.10362869999997
1433,2020-04-28|Maroochydore Queensland AUSTRALIA,0.617106939972377,-0.41644412281279136,0.04313066869217364,0.004877710657728483,0.3248935699197165,0.10555583177517772,0.09795909711116339,2020-04-28,Maroochydore Queensland AUSTRALIA,Maroochydore,Queensland,AUSTRALIA,-26.65,153.1
1434,2020-04-28|Maroubra Bay New South Wales AUSTRALIA,0.5617942724057624,-0.4287745785623564,0.039184124466228355,0.047748755333460166,0.3027311100540601,0.09164612499456344,0.08739094394089292,2020-04-28,Maroubra Bay New South Wales AUSTRALIA,Maroubra Bay,New South Wales,AUSTRALIA,-33.980540000000005,151.24301
1435,2020-04-28|Maroubra Beach New South Wales AUSTRALIA,0.5631155225579209,-0.42837054616352455,0.03987031376695171,0.04864630418568561,0.3030493015791257,0.09183887918759588,0.08748279792221815,2020-04-28,Maroubra Beach New South Wales AUSTRALIA,Maroubra Beach,New South Wales,AUSTRALIA,-33.9495,151.2437
1436,2020-04-28|Maroubra New South Wales AUSTRALIA,0.5631155225579209,-0.42837054616352455,0.03987031376695171,0.04864630418568561,0.3030493015791257,0.09183887918759588,0.08748279792221815,2020-04-28,Maroubra New South Wales AUSTRALIA,Maroubra,New South Wales,AUSTRALIA,-33.9495,151.2437
1437,2020-04-28|Martin Islet New South Wales AUSTRALIA,0.5551508694573974,-0.43334890063014964,0.036335035228441774,0.04424258137952049,0.30110867514531064,0.09066643424776422,0.08692258732523835,2020-04-28,Martin Islet New South Wales AUSTRALIA,Martin Islet,New South Wales,AUSTRALIA,-34.4943401,150.93782480000002
1438,2020-04-28|Mary River Queensland AUSTRALIA,0.6180423829948544,-0.41507375831045357,0.04432608033951035,0.005463454928319882,0.3240143393450742,0.1049852921012249,0.09769399911840909,2020-04-28,Mary River Queensland AUSTRALIA,Mary River,Queensland,AUSTRALIA,-26.184755499999998,152.64317409999998
1439,2020-04-28|Maryborough Queensland AUSTRALIA,0.869737869211591,-0.801887833599154,-0.009921607709049514,0.040653894836397954,0.5423067383987286,0.294096598512667,0.16351163386818215,2020-04-28,Maryborough Queensland AUSTRALIA,Maryborough,Queensland,AUSTRALIA,-25.523262699999997,152.6970636
1440,2020-04-28|Mauds Point Western Australia AUSTRALIA,0.2869468896029844,-0.1941166800785846,-0.012540377471608636,-0.0789022135305756,0.17423394790179766,0.030357468601446343,0.046565981299539094,2020-04-28,Mauds Point Western Australia AUSTRALIA,Mauds Point,Western Australia,AUSTRALIA,-31.954288399999996,115.8624252
1441,2020-04-28|McKenzies Beach New South Wales AUSTRALIA,0.5293841302629757,-0.44460778893976416,0.02677133049809959,0.03248176205137602,0.2945593406348464,0.08676520515523546,0.08503195730392363,2020-04-28,McKenzies Beach New South Wales AUSTRALIA,McKenzies Beach,New South Wales,AUSTRALIA,-35.8043718,150.226363
1442,2020-04-28|McMasters Beach Central Coast New South Wales AUSTRALIA,0.5719084732046803,-0.4274262491655132,0.04294190003030682,0.05249861776053917,0.3058811713986758,0.09356329101622611,0.08830028832353178,2020-04-28,McMasters Beach Central Coast New South Wales AUSTRALIA,McMasters Beach,New South Wales,AUSTRALIA,-33.4967169,151.4114482
1443,2020-04-28|Melbourne Victoria AUSTRALIA,0.36457468782997565,-0.43617613418927387,0.031732210893491944,0.1123181468209559,0.2886668704221663,0.08332856207932776,0.09128447955667368,2020-04-28,Melbourne Victoria AUSTRALIA,Melbourne,Victoria,AUSTRALIA,-37.813627600000004,144.96305759999998
1444,2020-04-28|Mereweather Beach New South Wales AUSTRALIA,0.5840354030753874,-0.42379123132700325,0.04605707633881347,0.05609115452773849,0.31015348122247244,0.09619518191441857,0.08953359793694701,2020-04-28,Mereweather Beach New South Wales AUSTRALIA,Mereweather Beach,New South Wales,AUSTRALIA,-32.9465493,151.7599466
1445,2020-04-28|Merewether Beach Newcastle New South Wales AUSTRALIA,0.5840478232430872,-0.42379049643006994,0.04605863021521029,0.0560918064923759,0.31015551336419966,0.09619644247021025,0.08953418456573363,2020-04-28,Merewether Beach Newcastle New South Wales AUSTRALIA,Merewether Beach,New South Wales,AUSTRALIA,-32.9465493,151.7599466
1446,2020-04-28|Merewether Beach near Newcastle New South Wales AUSTRALIA,0.5840348396974585,-0.42379086386295356,0.04605728881019396,0.056091480489106234,0.31015342918361266,0.09619514963435423,0.08953358291462216,2020-04-28,Merewether Beach near Newcastle New South Wales AUSTRALIA,Merewether Beach,New South Wales,AUSTRALIA,-32.9465493,151.7599466
1447,2020-04-28|Merimbula New South Wales AUSTRALIA,0.5193990245913347,-0.4452715057081797,0.021927927864192207,0.02577733607602016,0.29035756481364783,0.0843075154445117,0.08381900910320189,2020-04-28,Merimbula New South Wales AUSTRALIA,Merimbula,New South Wales,AUSTRALIA,-36.8875485,149.90587480000002
1448,2020-04-28|Merino Rocks Adelaide South Australia AUSTRALIA,1.1123712939419208,-0.6994876371776985,0.14746787317548077,0.14901514841895722,0.6031106907658255,0.3637425053160312,0.18184471530202784,2020-04-28,Merino Rocks Adelaide South Australia AUSTRALIA,Merino Rocks,South Australia,AUSTRALIA,-35.05,138.5166667
1449,2020-04-28|Mermaid Beach Queensland AUSTRALIA,0.6252564692613541,-0.37999549655654613,0.046941577639143146,0.008926752766440645,0.3258225445017162,0.10616033050557286,0.09823919348646068,2020-04-28,Mermaid Beach Queensland AUSTRALIA,Mermaid Beach,Queensland,AUSTRALIA,-28.044,153.437
1450,2020-04-28|Mermaid Waters Queensland AUSTRALIA,0.6252564692613541,-0.37999549655654613,0.046941577639143146,0.008926752766440645,0.3258225445017162,0.10616033050557286,0.09823919348646068,2020-04-28,Mermaid Waters Queensland AUSTRALIA,Mermaid Waters,Queensland,AUSTRALIA,-28.047778000000005,153.42166699999999
1451,2020-04-28|Metro coast Western Australia AUSTRALIA,0.28522898114403467,-0.19610606219257132,-0.012143430442911782,-0.0762721748043132,0.17350972838242112,0.030105625843341557,0.0463724254913733,2020-04-28,Metro coast Western Australia AUSTRALIA,Metro coast,Western Australia,AUSTRALIA,-31.7478596,115.7726817
1452,2020-04-28|Miall Island Queensland AUSTRALIA,1.5088074340445201,-0.9901241710358052,0.12305427540724512,0.09000870167913566,0.8242494937866865,0.679387228007609,0.23794033355857813,2020-04-28,Miall Island Queensland AUSTRALIA,Miall Island,Queensland,AUSTRALIA,-23.1528552,150.9052831
1453,2020-04-28|Miami Lake Queensland AUSTRALIA,0.6252564692613541,-0.37999549655654613,0.046941577639143146,0.008926752766440645,0.3258225445017162,0.10616033050557286,0.09823919348646068,2020-04-28,Miami Lake Queensland AUSTRALIA,Miami Lake,Queensland,AUSTRALIA,-28.076944399999995,153.4366667
1454,2020-04-28|Middle Beach 40 km north of Adelaide South Australia AUSTRALIA,1.2475732917530837,-1.0625090171675198,0.06536066175489885,0.1045191849102961,0.7512394816330172,0.5643607587642445,0.21686415847334872,2020-04-28,Middle Beach 40 km north of Adelaide South Australia AUSTRALIA,Middle Beach,South Australia,AUSTRALIA,-34.5795185,138.4821124
1455,2020-04-28|Middle Brighton Port Phillip Victoria AUSTRALIA,0.36457468782997565,-0.43617613418927387,0.031732210893491944,0.1123181468209559,0.2886668704221663,0.08332856207932776,0.09128447955667368,2020-04-28,Middle Brighton Port Phillip Victoria AUSTRALIA,Middle Brighton,Victoria,AUSTRALIA,-37.915053799999995,144.9962287
1456,2020-04-28|Middle Harbour Sugarloaf Bay Sydney Estuary New South Wales AUSTRALIA,0.5661010475920871,-0.4276424683502256,0.04092224767907187,0.04995177983953535,0.30386566934778764,0.09233434500817901,0.0877184629977155,2020-04-28,Middle Harbour Sugarloaf Bay Sydney Estuary New South Wales AUSTRALIA,Middle Harbour,New South Wales,AUSTRALIA,-33.7831723,151.2231308
1457,2020-04-28|Middle Harbour Sydney New South Wales AUSTRALIA,0.5661004900612292,-0.4276420629215034,0.04092244517085971,0.049952085800409315,0.3038655996972738,0.09233430267938382,0.08771844289134405,2020-04-28,Middle Harbour Sydney New South Wales AUSTRALIA,Middle Harbour,New South Wales,AUSTRALIA,-33.7859956,151.2260866
1458,2020-04-28|Middleton Beach South Australia AUSTRALIA,0.4811754812366338,-0.40716394110150794,0.0577278545421693,0.03305059137741099,0.2854689387394406,0.08149251498502251,0.08240778431324643,2020-04-28,Middleton Beach South Australia AUSTRALIA,Middleton Beach,South Australia,AUSTRALIA,-35.51150689999999,138.7185508
1459,2020-04-28|Middleton Point Fleurieu Peninsula South Australia AUSTRALIA,0.4811754812366338,-0.40716394110150794,0.0577278545421693,0.03305059137741099,0.2854689387394406,0.08149251498502251,0.08240778431324643,2020-04-28,Middleton Point Fleurieu Peninsula South Australia AUSTRALIA,Middleton Point,South Australia,AUSTRALIA,-35.5142799,138.70844
1460,2020-04-28|Middleton Reef Queensland AUSTRALIA,1.2798156568315344,-1.0439498226045156,0.11129839640067463,0.08701702367641537,0.8748975115364163,0.7654456556926137,0.26379152507108433,2020-04-28,Middleton Reef Queensland AUSTRALIA,Middleton Reef,Queensland,AUSTRALIA,-22.3581165,141.54921140000002
1461,2020-04-28|Millers Point New South Wales AUSTRALIA,0.5645309413956895,-0.428022798655657,0.040524592846594105,0.04948821789973501,0.3034212452701256,0.09206445208127373,0.08759016881727924,2020-04-28,Millers Point New South Wales AUSTRALIA,Millers Point,New South Wales,AUSTRALIA,-33.86085,151.20281
1462,2020-04-28|Millicent South Australia AUSTRALIA,0.43969131810399886,-0.3775513183174353,0.04647453902839294,0.04940201696045156,0.2478180143886169,0.06141376825551673,0.07471994272890345,2020-04-28,Millicent South Australia AUSTRALIA,Millicent,South Australia,AUSTRALIA,-37.6050244,140.3593062
1463,2020-04-28|Mindarie Western Australia AUSTRALIA,0.2852032950023971,-0.19698200317057626,-0.012051355799084926,-0.07556816758181659,0.17355241176271533,0.030120439628655092,0.04638383310459975,2020-04-28,Mindarie Western Australia AUSTRALIA,Mindarie,Western Australia,AUSTRALIA,-31.6900771,115.7060487
1464,2020-04-28|Moama Beach South Australia AUSTRALIA,0.362466364081034,-0.43382883306331443,0.032489588110878743,0.11339201149957298,0.2869718696729891,0.08235285398361104,0.0907484732563645,2020-04-28,Moama Beach South Australia AUSTRALIA,Moama Beach,South Australia,AUSTRALIA,-36.1214284,144.7528293
1465,2020-04-28|Moffat Beach Caloundra Queensland AUSTRALIA,0.6207015065516048,-0.4228305952141797,0.04058962576406334,0.0028619227366272716,0.3283016261021594,0.10778195770132207,0.09898666471312831,2020-04-28,Moffat Beach Caloundra Queensland AUSTRALIA,Moffat Beach,Queensland,AUSTRALIA,-26.791,153.139
1466,2020-04-28|Mollymook Beach Bannister Head New South Wales AUSTRALIA,0.5340825031997242,-0.4402333803151056,0.029303064411628683,0.0357263531615082,0.29516934056111416,0.087124939607283,0.0852080491147418,2020-04-28,Mollymook Beach Bannister Head New South Wales AUSTRALIA,Mollymook Beach,New South Wales,AUSTRALIA,-35.32012279999999,150.47556730000002
1467,2020-04-28|Mona Vale Beach Sydney New South Wales AUSTRALIA,0.5689434369954571,-0.42798998488519063,0.04194646985559183,0.05127475490135168,0.30496061986423234,0.09300097966797681,0.08803454798542484,2020-04-28,Mona Vale Beach Sydney New South Wales AUSTRALIA,Mona Vale Beach,New South Wales,AUSTRALIA,-33.6795811,151.31354850000002
1468,2020-04-28|Mona Vale New South Wales AUSTRALIA,0.5689322201471368,-0.4279915995763686,0.041941604361686896,0.05127352037218408,0.30495572800972054,0.09299799604593866,0.08803313582866523,2020-04-28,Mona Vale New South Wales AUSTRALIA,Mona Vale,New South Wales,AUSTRALIA,-33.675959999999996,151.30653
1469,2020-04-28|Mona Vale near Sydney New South Wales AUSTRALIA,0.5689322201471368,-0.4279915995763686,0.041941604361686896,0.05127352037218408,0.30495572800972054,0.09299799604593866,0.08803313582866523,2020-04-28,Mona Vale near Sydney New South Wales AUSTRALIA,Mona Vale,New South Wales,AUSTRALIA,-33.675959999999996,151.30653
1470,2020-04-28|Moodie Beach New South Wales AUSTRALIA,0.60873333365066,-0.38239159236261755,0.03781910847641529,0.001025279405840831,0.32691621356477796,0.10687421069153151,0.09856894711618754,2020-04-28,Moodie Beach New South Wales AUSTRALIA,Moodie Beach,New South Wales,AUSTRALIA,-30.210286,153.15729
1471,2020-04-28|Mooloolaba Beach Queensland AUSTRALIA,0.6170402686009034,-0.41750239892613666,0.0421300526875834,0.003823668509394859,0.32532731138603915,0.10583785953366887,0.09808987508387346,2020-04-28,Mooloolaba Beach Queensland AUSTRALIA,Mooloolaba Beach,Queensland,AUSTRALIA,-26.680943699999997,153.12166499999998
1472,2020-04-28|Mooloolaba Queensland AUSTRALIA,0.6170402686009034,-0.41750239892613666,0.0421300526875834,0.003823668509394859,0.32532731138603915,0.10583785953366887,0.09808987508387346,2020-04-28,Mooloolaba Queensland AUSTRALIA,Mooloolaba,Queensland,AUSTRALIA,-26.682,153.118
1473,2020-04-28|Moonee Beach New South Wales AUSTRALIA,0.60873333365066,-0.38239159236261755,0.03781910847641529,0.001025279405840831,0.32691621356477796,0.10687421069153151,0.09856894711618754,2020-04-28,Moonee Beach New South Wales AUSTRALIA,Moonee Beach,New South Wales,AUSTRALIA,-30.1895467,153.1501948
1474,2020-04-28|Moore Park north of Bundaberg Queensland AUSTRALIA,0.7646208365346854,-0.6701865576586863,0.0017097556791870346,0.02286888919090298,0.45543892616968273,0.2074246154705937,0.13732000300247385,2020-04-28,Moore Park north of Bundaberg Queensland AUSTRALIA,Moore Park,Queensland,AUSTRALIA,-24.850489899999996,152.3506485
1475,2020-04-28|Mordialloc Victoria AUSTRALIA,0.3730739803511886,-0.44521064487067696,0.020519299229869982,0.05164846872310928,0.27896460476845814,0.07782125071362204,0.08411099307334222,2020-04-28,Mordialloc Victoria AUSTRALIA,Mordialloc,Victoria,AUSTRALIA,-37.999541799999996,145.0940302
1476,2020-04-28|Moreton Bay NE of Brisbane Queensland AUSTRALIA,0.7501868176129216,-0.6498193974944332,-0.022051753137884645,-0.027139611394607382,0.45261465531274475,0.20486002620387472,0.1364684532989467,2020-04-28,Moreton Bay NE of Brisbane Queensland AUSTRALIA,Moreton Bay,Queensland,AUSTRALIA,-27.3123953,153.3446649
1477,2020-04-28|Moreton Bay Queensland AUSTRALIA,0.7501839491442873,-0.6498174743315086,-0.02205429008144574,-0.027143301967739796,0.45261116238921595,0.2048568643193172,0.136467400142877,2020-04-28,Moreton Bay Queensland AUSTRALIA,Moreton Bay,Queensland,AUSTRALIA,-27.3123953,153.3446649
1478,2020-04-28|Moreton Island Queensland AUSTRALIA,0.6645600058604538,-0.4552434050893233,0.04703364348855603,0.014096338069954641,0.35247601420667324,0.1242393405910229,0.10627551697486497,2020-04-28,Moreton Island Queensland AUSTRALIA,Moreton Island,Queensland,AUSTRALIA,-27.0873207,153.41542330000001
1479,2020-04-28|Mornington Island Gulf of Carpentaria Queensland AUSTRALIA,0.9867555007336094,-0.8726752818262646,0.08386467433007755,0.10556061452630386,0.7000109479055561,0.4900153271876352,0.21106124212215907,2020-04-28,Mornington Island Gulf of Carpentaria Queensland AUSTRALIA,Mornington Island,Queensland,AUSTRALIA,-16.5174872,139.4059435
1480,2020-04-28|Mornington Island Queensland AUSTRALIA,0.9867555007336094,-0.8726752818262646,0.08386467433007755,0.10556061452630386,0.7000109479055561,0.4900153271876352,0.21106124212215907,2020-04-28,Mornington Island Queensland AUSTRALIA,Mornington Island,Queensland,AUSTRALIA,-16.5174872,139.4059435
1481,2020-04-28|Mount Martha Beach Victoria AUSTRALIA,0.37313787516162433,-0.4472918985669461,0.015389056863358407,0.05198452003828968,0.2740404789776897,0.07509818411832159,0.08262631328529758,2020-04-28,Mount Martha Beach Victoria AUSTRALIA,Mount Martha Beach,Victoria,AUSTRALIA,-38.263749600000004,145.0158385
1482,2020-04-28|Mowarry Point New South Wales AUSTRALIA,0.5218980512359009,-0.4466842434526306,0.02162771963858445,0.025100116246499056,0.2907517984798141,0.0845366083192464,0.08393281455984425,2020-04-28,Mowarry Point New South Wales AUSTRALIA,Mowarry Point,New South Wales,AUSTRALIA,-37.1406048,150.0047629
1483,2020-04-28|Mudjimba Island Queensland AUSTRALIA,0.617106939972377,-0.41644412281279136,0.04313066869217364,0.004877710657728483,0.3248935699197165,0.10555583177517772,0.09795909711116339,2020-04-28,Mudjimba Island Queensland AUSTRALIA,Mudjimba Island,Queensland,AUSTRALIA,-26.6146347,153.1144871
1484,2020-04-28|Mullaloo Beach Perth Western Australia AUSTRALIA,0.28522898114403467,-0.19610606219257132,-0.012143430442911782,-0.0762721748043132,0.17350972838242112,0.030105625843341557,0.0463724254913733,2020-04-28,Mullaloo Beach Perth Western Australia AUSTRALIA,Mullaloo Beach,Western Australia,AUSTRALIA,-31.7789355,115.7325558
1485,2020-04-28|Mullaway Headland New South Wales AUSTRALIA,0.6101028897106767,-0.38054719300466816,0.03882498850930773,0.0018908318207290504,0.32716167529268814,0.10703476178031832,0.0986429566118121,2020-04-28,Mullaway Headland New South Wales AUSTRALIA,Mullaway Headland,New South Wales,AUSTRALIA,-30.080607300000004,153.19585039999998
1486,2020-04-28|Murwillumbah Tweed River New South Wales AUSTRALIA,0.6233924107365382,-0.37826274501671364,0.04719482643156964,0.009422599966712965,0.3254089188332863,0.10589096445624831,0.09811448065502051,2020-04-28,Murwillumbah Tweed River New South Wales AUSTRALIA,Murwillumbah,New South Wales,AUSTRALIA,-28.332256800000003,153.3827556
1487,2020-04-28|Mutton Bird Island Albany Western Australia AUSTRALIA,0.3365027518647325,-0.18738205522610077,0.007022228081938739,-0.07068059479386989,0.2019911141988977,0.04080041021531214,0.05830981207832302,2020-04-28,Mutton Bird Island Albany Western Australia AUSTRALIA,Mutton Bird Island,Western Australia,AUSTRALIA,-35.0508428,117.69298300000001
1488,2020-04-28|Nambucca New South Wales AUSTRALIA,0.6072709543801631,-0.38369200802984565,0.038884555168351605,0.006479272309160045,0.32572851446802237,0.10609906513754466,0.09821084236457096,2020-04-28,Nambucca New South Wales AUSTRALIA,Nambucca,New South Wales,AUSTRALIA,-30.666463,152.73238840000002
1489,2020-04-28|Nambucca River Entrance New South Wales AUSTRALIA,0.6075084688676071,-0.3832474958202787,0.03895785048614522,0.006121055014143967,0.32584064121452916,0.10617212346709551,0.09824464985067335,2020-04-28,Nambucca River Entrance New South Wales AUSTRALIA,Nambucca River Entrance,New South Wales,AUSTRALIA,-30.6419702,152.9978834
1490,2020-04-28|Native Dog Beach Western Australia AUSTRALIA,0.360467205408348,-0.20457150082337117,0.03990759215765534,-0.04096150076246517,0.21947578425292202,0.048169619873435175,0.06335720155951438,2020-04-28,Native Dog Beach Western Australia AUSTRALIA,Native Dog Beach,Western Australia,AUSTRALIA,-34.450121,119.35602220000001
1491,2020-04-28|Near Albany Western Australia AUSTRALIA,0.3443893041838474,-0.19732422590244042,0.0025448967154113275,-0.08883332178108047,0.2040343882203429,0.041630031576449594,0.05889965448147779,2020-04-28,Near Albany Western Australia AUSTRALIA,Near Albany,Western Australia,AUSTRALIA,-35.0269344,117.8837206
1492,2020-04-28|Near Asbestos Works Camellia Parramatta River New South Wales AUSTRALIA,0.5645303826772281,-0.4280223910219448,0.040524788580224,0.04948852160195839,0.303421175305584,0.09206440962382194,0.08759014862025578,2020-04-28,Near Asbestos Works Camellia Parramatta River New South Wales AUSTRALIA,Near Asbestos Works,New South Wales,AUSTRALIA,-33.858772200000004,151.1770866
1493,2020-04-28|Near Barrow Point Queensland AUSTRALIA,1.2868664269244117,-0.9926089868412232,0.1660278654604179,0.16575695561037082,0.8638915010385415,0.7463085255666244,0.26047308804743313,2020-04-28,Near Barrow Point Queensland AUSTRALIA,Near Barrow Point,Queensland,AUSTRALIA,-20.9175738,142.7027956
1494,2020-04-28|Near Bondi Beach New South Wales AUSTRALIA,0.5645309413956895,-0.428022798655657,0.040524592846594105,0.04948821789973501,0.3034212452701256,0.09206445208127373,0.08759016881727924,2020-04-28,Near Bondi Beach New South Wales AUSTRALIA,Near Bondi Beach,New South Wales,AUSTRALIA,-33.8914755,151.2766845
1495,2020-04-28|Near Brisbane Queensland AUSTRALIA,0.9316332076562042,-0.5906462263604477,0.08272391715015338,0.10030077526966129,0.49372507073224814,0.24376444546956344,0.14252615124646525,2020-04-28,Near Brisbane Queensland AUSTRALIA,Near Brisbane,Queensland,AUSTRALIA,-27.469770699999998,153.0251235
1496,2020-04-28|Near Broome in Roebuck Bay Western Australia AUSTRALIA,3.279838187680439,-2.7410776822973033,0.6404123149781357,1.2716129079756222,2.2235871545439347,4.944339833852792,0.6704367527523852,2020-04-28,Near Broome in Roebuck Bay Western Australia AUSTRALIA,Near Broome in Roebuck Bay,Western Australia,AUSTRALIA,-18.0858333,122.28305559999998
1497,2020-04-28|Near Cairns Queensland AUSTRALIA,0.46621526864560847,-0.41065443589004647,0.009553775544854608,0.008068651986066062,0.32702018145021045,0.10694219907572858,0.10900672715007015,2020-04-28,Near Cairns Queensland AUSTRALIA,Near Cairns,Queensland,AUSTRALIA,-16.9185514,145.7780548
1498,2020-04-28|Near Forbes Island Barrier Reef Queensland AUSTRALIA,0.5078487227295269,-0.4403766516404082,-0.009911495073357668,0.0064020842055830035,0.33255645623944985,0.11059379658654113,0.10516358523107755,2020-04-28,Near Forbes Island Barrier Reef Queensland AUSTRALIA,Near Forbes Island,Queensland,AUSTRALIA,-12.2894676,143.4081551
1499,2020-04-28|Near Legendre Island Western Australia AUSTRALIA,1.6312654476896018,-1.355119816128502,0.21579867532908265,0.3013376356596073,1.0480489538750413,1.0984066097185683,0.31599864926618226,2020-04-28,Near Legendre Island Western Australia AUSTRALIA,Near Legendre Island,Western Australia,AUSTRALIA,-20.3853568,116.87631040000001
1500,2020-04-28|Near Moreton Island in Moreton Bay Queensland AUSTRALIA,0.6645600058604538,-0.4552434050893233,0.04703364348855603,0.014096338069954641,0.35247601420667324,0.1242393405910229,0.10627551697486497,2020-04-28,Near Moreton Island in Moreton Bay Queensland AUSTRALIA,Near Moreton Island in Moreton Bay,Queensland,AUSTRALIA,-27.0873207,153.41542330000001
1501,2020-04-28|Near Port Vincent South Australia AUSTRALIA,1.1757741074041603,-0.9103481205430971,0.146859180387063,0.21434440099302218,0.6730696343534693,0.45302273268871285,0.19429846728866926,2020-04-28,Near Port Vincent South Australia AUSTRALIA,Near Port Vincent,South Australia,AUSTRALIA,-34.781414899999994,137.8547712
1502,2020-04-28|Near Restoration Rock off Portland Roads Queensland AUSTRALIA,0.4417578758599479,-0.3901391964875066,-0.006740480936400426,-0.05019786615891532,0.3283253730733134,0.10779755060373043,0.11608054886787149,2020-04-28,Near Restoration Rock off Portland Roads Queensland AUSTRALIA,Near Restoration Rock off Portland Roads,Queensland,AUSTRALIA,-12.622323800000002,143.46304740000002
1503,2020-04-28|Near Southport Queensland AUSTRALIA,0.6251361395074444,-0.3808816200074098,0.0466664348384691,0.008195288121353233,0.32559958339880885,0.10601508870947787,0.09817196818453454,2020-04-28,Near Southport Queensland AUSTRALIA,Near Southport,Queensland,AUSTRALIA,-27.973794,153.4183144
1504,2020-04-28|Near Sydney New South Wales AUSTRALIA,0.5645303826772281,-0.4280223910219448,0.040524788580224,0.04948852160195839,0.303421175305584,0.09206440962382194,0.08759014862025578,2020-04-28,Near Sydney New South Wales AUSTRALIA,Near Sydney,New South Wales,AUSTRALIA,-33.8688197,151.2092955
1505,2020-04-28|Near Thursday Island Queensland AUSTRALIA,0.5765437412362677,-0.962415497075415,0.07729977055728514,0.3217002757352204,0.5497125507074131,0.30218388840525023,0.1657445702950642,2020-04-28,Near Thursday Island Queensland AUSTRALIA,Near Thursday Island,Queensland,AUSTRALIA,-10.5799169,142.2193906
1506,2020-04-28|Neds Beach Lord Howe Island New South Wales AUSTRALIA,0.6106648320383671,-0.4850986202030212,0.01245906199101394,0.00834430494116934,0.3663843719767015,0.13423750802876194,0.1057660578938103,2020-04-28,Neds Beach Lord Howe Island New South Wales AUSTRALIA,Ned's Beach,New South Wales,AUSTRALIA,-31.518050800000005,159.06489059999998
1507,2020-04-28|Nelsons Bay New South Wales AUSTRALIA,0.5861743016924922,-0.42033145995618804,0.046380731499063854,0.05622622128788031,0.3104056356752165,0.09635165865893525,0.08960638865753158,2020-04-28,Nelsons Bay New South Wales AUSTRALIA,Nelson's Bay,New South Wales,AUSTRALIA,-32.715,152.15111100000001
1508,2020-04-28|Nerang River Queensland AUSTRALIA,0.6251252065939077,-0.380880717864725,0.04666492468209755,0.008196522728287801,0.325597549889966,0.10601376449434889,0.09817135505854911,2020-04-28,Nerang River Queensland AUSTRALIA,Nerang River,Queensland,AUSTRALIA,-28.004231800000003,153.3708292
1509,2020-04-28|Nerang River Southpot Queensland AUSTRALIA,0.6251361395074444,-0.3808816200074098,0.0466664348384691,0.008195288121353233,0.32559958339880885,0.10601508870947787,0.09817196818453454,2020-04-28,Nerang River Southpot Queensland AUSTRALIA,Nerang River,Queensland,AUSTRALIA,-27.973794,153.4183144
1510,2020-04-28|Nerang River Surfers Paradise Queensland AUSTRALIA,0.6251252065939077,-0.380880717864725,0.04666492468209755,0.008196522728287801,0.325597549889966,0.10601376449434889,0.09817135505854911,2020-04-28,Nerang River Surfers Paradise Queensland AUSTRALIA,Nerang River,Queensland,AUSTRALIA,-27.9889011,153.4257263
1511,2020-04-28|Nerang River near Chevron Island Queensland AUSTRALIA,0.6251252065939077,-0.380880717864725,0.04666492468209755,0.008196522728287801,0.325597549889966,0.10601376449434889,0.09817135505854911,2020-04-28,Nerang River near Chevron Island Queensland AUSTRALIA,Nerang River near Chevron Island,Queensland,AUSTRALIA,-27.997344599999998,153.4198464
1512,2020-04-28|Nettley Bay Tasmania AUSTRALIA,0.43123287191244813,-0.34959067185242737,0.02778887252847849,0.012185474128040682,0.24976806873682514,0.062384088160523404,0.07210183086008948,2020-04-28,Nettley Bay Tasmania AUSTRALIA,Nettley Bay,Tasmania,AUSTRALIA,-40.93,144.62
1513,2020-04-28|Newcastle Beach New South Wales AUSTRALIA,0.5840354030753874,-0.42379123132700325,0.04605707633881347,0.05609115452773849,0.31015348122247244,0.09619518191441857,0.08953359793694701,2020-04-28,Newcastle Beach New South Wales AUSTRALIA,Newcastle Beach,New South Wales,AUSTRALIA,-32.9310039,151.7857155
1514,2020-04-28|Newcastle Harbor New South Wales AUSTRALIA,0.5840478232430872,-0.42379049643006994,0.04605863021521029,0.0560918064923759,0.31015551336419966,0.09619644247021025,0.08953418456573363,2020-04-28,Newcastle Harbor New South Wales AUSTRALIA,Newcastle Harbor,New South Wales,AUSTRALIA,-32.9243415,151.7870367
1515,2020-04-28|Newcastle New South Wales AUSTRALIA,0.5840354030753874,-0.42379123132700325,0.04605707633881347,0.05609115452773849,0.31015348122247244,0.09619518191441857,0.08953359793694701,2020-04-28,Newcastle New South Wales AUSTRALIA,Newcastle,New South Wales,AUSTRALIA,-32.9282712,151.78168019999998
1516,2020-04-28|Nobbys Beach Queensland AUSTRALIA,0.6252564692613541,-0.37999549655654613,0.046941577639143146,0.008926752766440645,0.3258225445017162,0.10616033050557286,0.09823919348646068,2020-04-28,Nobbys Beach Queensland AUSTRALIA,Nobby's Beach,Queensland,AUSTRALIA,-28.0534335,153.4410418
1517,2020-04-28|Noosa Heads Queensland AUSTRALIA,0.6177035305531182,-0.41480890686095856,0.044403904983992576,0.005701624224023605,0.32420543387255896,0.1051091633524942,0.09775161628633249,2020-04-28,Noosa Heads Queensland AUSTRALIA,Noosa Heads,Queensland,AUSTRALIA,-26.398000000000003,153.093
1518,2020-04-28|Noosa Queensland AUSTRALIA,0.6176963637638367,-0.41480765165957656,0.044400583318105744,0.005697133465306935,0.3242019917726548,0.10510693146935654,0.09775057845416221,2020-04-28,Noosa Queensland AUSTRALIA,Noosa,Queensland,AUSTRALIA,-26.3645433,152.9676695
1519,2020-04-28|Norah Head New South Wales AUSTRALIA,0.5781830456568747,-0.425976119577686,0.04479278607072318,0.0547245203612979,0.3078614611561382,0.09477867926519239,0.08887194873580397,2020-04-28,Norah Head New South Wales AUSTRALIA,Norah Head,New South Wales,AUSTRALIA,-33.2815439,151.5791475
1520,2020-04-28|Noraville New South Wales AUSTRALIA,0.5781830456568747,-0.425976119577686,0.04479278607072318,0.0547245203612979,0.3078614611561382,0.09477867926519239,0.08887194873580397,2020-04-28,Noraville New South Wales AUSTRALIA,Noraville,New South Wales,AUSTRALIA,-33.268863,151.5559438
1521,2020-04-28|Normanville South Australia AUSTRALIA,0.9741010262774229,-0.5942663972493716,0.12979303819692997,0.16229040219636573,0.5141440290721895,0.26434408263058445,0.15502025751218465,2020-04-28,Normanville South Australia AUSTRALIA,Normanville,South Australia,AUSTRALIA,-35.446382799999995,138.3215845
1522,2020-04-28|North Avoca Beach New South Wales AUSTRALIA,0.5750707214957419,-0.4266145036475593,0.043861041650906096,0.05360351401065386,0.3068010393090138,0.09412687772109103,0.08856583131635805,2020-04-28,North Avoca Beach New South Wales AUSTRALIA,North Avoca Beach,New South Wales,AUSTRALIA,-33.4608015,151.4379276
1523,2020-04-28|North Beach Belligen River New South Wales AUSTRALIA,0.6068602120201679,-0.3822043569091059,0.03868886074028235,0.005039627082395166,0.32554036980807993,0.10597653237478144,0.09815411461517659,2020-04-28,North Beach Belligen River New South Wales AUSTRALIA,North Beach,New South Wales,AUSTRALIA,-30.464843100000003,153.04732109999998
1524,2020-04-28|North Bondi New South Wales AUSTRALIA,0.5645309413956895,-0.428022798655657,0.040524592846594105,0.04948821789973501,0.3034212452701256,0.09206445208127373,0.08759016881727924,2020-04-28,North Bondi New South Wales AUSTRALIA,North Bondi,New South Wales,AUSTRALIA,-33.8879,151.2808
1525,2020-04-28|North Brighton Botany Bay New South Wales AUSTRALIA,0.5600076602276511,-0.429581160909254,0.038493663542184274,0.04689293668827446,0.30226000125440816,0.09136110835831483,0.0872549465447446,2020-04-28,North Brighton Botany Bay New South Wales AUSTRALIA,North Brighton,New South Wales,AUSTRALIA,-33.95908729999999,151.15205930000002
1526,2020-04-28|North Burleigh near Brisbane Queensland AUSTRALIA,0.6252673959783533,-0.37999687251146624,0.04694334221148108,0.008924887887787085,0.325824619812596,0.10616168287602272,0.09823981921623445,2020-04-28,North Burleigh near Brisbane Queensland AUSTRALIA,North Burleigh,Queensland,AUSTRALIA,-28.0771255,153.4468079
1527,2020-04-28|North Cottesloe Western Australia AUSTRALIA,0.2874665428483142,-0.1932428552000659,-0.013103435936540545,-0.08063389861694625,0.17451846825327477,0.03045669576146928,0.046642022562024224,2020-04-28,North Cottesloe Western Australia AUSTRALIA,North Cottesloe,Western Australia,AUSTRALIA,-31.9819839,115.76097040000002
1528,2020-04-28|North Cronulla Beach New South Wales AUSTRALIA,0.5588325928842136,-0.4302321732400484,0.0378856058731879,0.04611700171949217,0.30198000381404094,0.09119192270352819,0.08717411824596039,2020-04-28,North Cronulla Beach New South Wales AUSTRALIA,North Cronulla Beach,New South Wales,AUSTRALIA,-34.0496066,151.1572211
1529,2020-04-28|North Haven South Australia AUSTRALIA,1.1969005813312263,-0.7730513136617388,0.15308560241342042,0.13095612459591174,0.6622179028064069,0.4385325507973158,0.19966621027862655,2020-04-28,North Haven South Australia AUSTRALIA,North Haven,South Australia,AUSTRALIA,-34.7864711,138.49372130000003
1530,2020-04-28|North Head New South Wales AUSTRALIA,0.5661010475920871,-0.4276424683502256,0.04092224767907187,0.04995177983953535,0.30386566934778764,0.09233434500817901,0.0877184629977155,2020-04-28,North Head New South Wales AUSTRALIA,North Head,New South Wales,AUSTRALIA,-33.8332187,151.28042580000002
1531,2020-04-28|North Head Sydney Harbour New South Wales AUSTRALIA,0.5661010475920871,-0.4276424683502256,0.04092224767907187,0.04995177983953535,0.30386566934778764,0.09233434500817901,0.0877184629977155,2020-04-28,North Head Sydney Harbour New South Wales AUSTRALIA,North Head,New South Wales,AUSTRALIA,-33.8332187,151.28042580000002
1532,2020-04-28|North Narrabeen Beach New South Wales AUSTRALIA,0.5689322201471368,-0.4279915995763686,0.041941604361686896,0.05127352037218408,0.30495572800972054,0.09299799604593866,0.08803313582866523,2020-04-28,North Narrabeen Beach New South Wales AUSTRALIA,North Narrabeen Beach,New South Wales,AUSTRALIA,-33.7006895,151.30409939999998
1533,2020-04-28|North Point Beach Moreton Island Queensland AUSTRALIA,0.6255776392861496,-0.4143733579018953,0.049504572767702974,0.009865582978439313,0.3268081577382814,0.10680357196428943,0.0985363670586511,2020-04-28,North Point Beach Moreton Island Queensland AUSTRALIA,North Point Beach,Queensland,AUSTRALIA,-27.0269755,153.45147409999998
1534,2020-04-28|North Shelly Beach New South Wales AUSTRALIA,0.575059422908537,-0.42661609265887096,0.04385614370636839,0.05360225027067571,0.3067961057279591,0.09412385048984108,0.08856440711418305,2020-04-28,North Shelly Beach New South Wales AUSTRALIA,North Shelly Beach,New South Wales,AUSTRALIA,-33.3699595,151.4858695
1535,2020-04-28|North Solitary Island New South Wales AUSTRALIA,0.6115640480600275,-0.3775959373330135,0.040160986550723546,0.0034315501532744055,0.3272156853398027,0.1070701047323968,0.09865924125373833,2020-04-28,North Solitary Island New South Wales AUSTRALIA,North Solitary Island,New South Wales,AUSTRALIA,-29.9294292,153.39146609999997
1536,2020-04-28|North Steyne New South Wales AUSTRALIA,0.5661010475920871,-0.4276424683502256,0.04092224767907187,0.04995177983953535,0.30386566934778764,0.09233434500817901,0.0877184629977155,2020-04-28,North Steyne New South Wales AUSTRALIA,North Steyne,New South Wales,AUSTRALIA,-33.7915584,151.2869868
1537,2020-04-28|North West Island Queensland AUSTRALIA,0.8054707002594056,-0.6043627162750072,0.03385794305478242,0.11117970127978036,0.4565841794286628,0.20846911290454534,0.137665309852471,2020-04-28,North West Island Queensland AUSTRALIA,North West Island,Queensland,AUSTRALIA,-23.2950882,151.7078724
1538,2020-04-28|North of main swimming area in Watermans Bay Beach Perth Western Australia AUSTRALIA,0.2865150831103259,-0.19483797243731701,-0.01233403318467136,-0.07791124327183671,0.1740104130084168,0.030279623835359794,0.04650623908632336,2020-04-28,North of main swimming area in Watermans Bay Beach Perth Western Australia AUSTRALIA,North of main swimming area in Waterman's Bay Beach,Western Australia,AUSTRALIA,-31.8517249,115.75106559999999
1539,2020-04-28|Oak Beach Queensland AUSTRALIA,0.46633055574294213,-0.44961278437074975,-0.037996680803139546,-0.050438803375839586,0.3399190245369569,0.11554494324215628,0.10749183375594458,2020-04-28,Oak Beach Queensland AUSTRALIA,Oak Beach,Queensland,AUSTRALIA,-16.591276999999998,145.51918569999998
1540,2020-04-28|Oatley Bay near Como George’s River New South Wales AUSTRALIA,0.5588448521508462,-0.43023134700496235,0.03788710397173459,0.04611759923268342,0.3019819598596787,0.0911931040806926,0.08717468290769813,2020-04-28,Oatley Bay near Como George’s River New South Wales AUSTRALIA,Oatley Bay near Como,New South Wales,AUSTRALIA,-33.9904648,151.0843479
1541,2020-04-28|Ocean Reef Western Australia AUSTRALIA,0.28522898114403467,-0.19610606219257132,-0.012143430442911782,-0.0762721748043132,0.17350972838242112,0.030105625843341557,0.0463724254913733,2020-04-28,Ocean Reef Western Australia AUSTRALIA,Ocean Reef,Western Australia,AUSTRALIA,-31.760051699999998,115.73328070000001
1542,2020-04-28|Ocean baths Kissing Point Beach Queensland AUSTRALIA,1.2868664269244117,-0.9926089868412232,0.1660278654604179,0.16575695561037082,0.8638915010385415,0.7463085255666244,0.26047308804743313,2020-04-28,Ocean baths Kissing Point Beach Queensland AUSTRALIA,Ocean baths,Queensland,AUSTRALIA,-20.9175738,142.7027956
1543,2020-04-28|Oceanworld Manley New South Wales AUSTRALIA,0.5661010475920871,-0.4276424683502256,0.04092224767907187,0.04995177983953535,0.30386566934778764,0.09233434500817901,0.0877184629977155,2020-04-28,Oceanworld Manley New South Wales AUSTRALIA,Oceanworld,New South Wales,AUSTRALIA,-33.795355,151.285014
1544,2020-04-28|Off Airlie Beach Whitsundays Queensland AUSTRALIA,0.9119839877428193,-0.5851269635810223,0.035497163581686385,-0.049629029578644145,0.5110097657846994,0.26113098072733326,0.1475158129171619,2020-04-28,Off Airlie Beach Whitsundays Queensland AUSTRALIA,Off Airlie Beach,Queensland,AUSTRALIA,-20.2675,148.71694399999998
1545,2020-04-28|Off Ben Buckler near Sydney New South Wales AUSTRALIA,0.5645309413956895,-0.428022798655657,0.040524592846594105,0.04948821789973501,0.3034212452701256,0.09206445208127373,0.08759016881727924,2020-04-28,Off Ben Buckler near Sydney New South Wales AUSTRALIA,Off Ben Buckler,New South Wales,AUSTRALIA,-33.8898004,151.2831104
1546,2020-04-28|Off Big Friar Island Tasmania AUSTRALIA,1.2283274409734797,-1.0207772426320496,0.34848719448950605,0.5765392686305253,0.7934723135503773,0.6295983123709882,0.2392409041438031,2020-04-28,Off Big Friar Island Tasmania AUSTRALIA,Off Big Friar Island,Tasmania,AUSTRALIA,-41.4545196,145.9706647
1547,2020-04-28|Off Blacksmith Beach New South Wales AUSTRALIA,0.5821384859874185,-0.4244321957005375,0.045891401562955646,0.055931002567948356,0.3092175230922021,0.09561547658727652,0.0892634100977161,2020-04-28,Off Blacksmith Beach New South Wales AUSTRALIA,Off Blacksmith Beach,New South Wales,AUSTRALIA,-33.0515891,151.6680509
1548,2020-04-28|Off Bloomfield River Queensland AUSTRALIA,0.441504865724471,-0.39775043803932164,0.005492944292907167,-0.025773554390320856,0.3322011604055163,0.11035761097477155,0.11745084662039028,2020-04-28,Off Bloomfield River Queensland AUSTRALIA,Off Bloomfield River,Queensland,AUSTRALIA,-15.931200899999999,145.349625
1549,2020-04-28|Off Bribie Heads Queensland AUSTRALIA,0.6389679433517013,-0.4646534856467874,0.020876351827981584,-0.013866195769853751,0.34945622948035465,0.12211965632262631,0.10536501762169725,2020-04-28,Off Bribie Heads Queensland AUSTRALIA,Off Bribie Heads,Queensland,AUSTRALIA,-26.986100300000004,153.1325243
1550,2020-04-28|Off Brisbane Queensland AUSTRALIA,0.9316332076562042,-0.5906462263604477,0.08272391715015338,0.10030077526966129,0.49372507073224814,0.24376444546956344,0.14252615124646525,2020-04-28,Off Brisbane Queensland AUSTRALIA,Off Brisbane,Queensland,AUSTRALIA,-27.469770699999998,153.0251235
1551,2020-04-28|Off Broughton Island near Port Stephens New South Wales AUSTRALIA,0.5883756198157376,-0.4199314502608428,0.04658595971892645,0.0563247925312892,0.31100274451994814,0.09672270709894012,0.08977875913365224,2020-04-28,Off Broughton Island near Port Stephens New South Wales AUSTRALIA,Off Broughton Island near Port Stephens,New South Wales,AUSTRALIA,-32.6157855,152.31398269999997
1552,2020-04-28|Off Cairns Queensland AUSTRALIA,0.46621526864560847,-0.41065443589004647,0.009553775544854608,0.008068651986066062,0.32702018145021045,0.10694219907572858,0.10900672715007015,2020-04-28,Off Cairns Queensland AUSTRALIA,Off Cairns,Queensland,AUSTRALIA,-16.9185514,145.7780548
1553,2020-04-28|Off City Beach Perth Western Australia AUSTRALIA,0.2869420350152266,-0.19414153699576817,-0.012541755731384401,-0.078901036344711,0.1742323476146205,0.030356910955301956,0.04656555360480071,2020-04-28,Off City Beach Perth Western Australia AUSTRALIA,Off City Beach,Western Australia,AUSTRALIA,-31.9339651,115.76420859999999
1554,2020-04-28|Off Dawesville Cut Western Australia AUSTRALIA,0.29201421872413524,-0.18534914242935827,0.005291179185192742,-0.049521940021744024,0.1749954160437655,0.030623395636330583,0.04853499580899617,2020-04-28,Off Dawesville Cut Western Australia AUSTRALIA,Off Dawesville Cut,Western Australia,AUSTRALIA,-32.607019199999996,115.63976670000001
1555,2020-04-28|Off De Grey river Western Australia AUSTRALIA,2.9870980969604024,-2.511294786919616,0.7282540813436376,1.0636408101426833,2.026427300869168,4.106407605707901,0.5620298107141444,2020-04-28,Off De Grey river Western Australia AUSTRALIA,Off De Grey river,Western Australia,AUSTRALIA,-21.0940079,119.7494
1556,2020-04-28|Off Domain Sydney Harbor New South Wales AUSTRALIA,0.5645303826772281,-0.4280223910219448,0.040524788580224,0.04948852160195839,0.303421175305584,0.09206440962382194,0.08759014862025578,2020-04-28,Off Domain Sydney Harbor New South Wales AUSTRALIA,Off Domain,New South Wales,AUSTRALIA,-33.871516299999996,151.214894
1557,2020-04-28|Off Eva Island 20 miles from Cardwell Queensland AUSTRALIA,0.6022592718281145,-0.48542779281541715,0.025733778069171268,0.07010006017929307,0.364765658196739,0.13305398539970023,0.10998098405869172,2020-04-28,Off Eva Island 20 miles from Cardwell Queensland AUSTRALIA,Off Eva Island 20 miles from Cardwell,Queensland,AUSTRALIA,-18.2654956,146.02580690000002
1558,2020-04-28|Off Franklin Island between Streaky Bay & Ceduna South Australia AUSTRALIA,0.7110353125246508,-0.6170436188956296,0.06005220491774721,0.11406990599514288,0.42910213244443807,0.18412864006836405,0.12937916091450813,2020-04-28,Off Franklin Island between Streaky Bay & Ceduna South Australia AUSTRALIA,Off Franklin Island between Streaky Bay & Ceduna,South Australia,AUSTRALIA,-32.797222,134.21111100000002
1559,2020-04-28|Off Garden Island Western Australia AUSTRALIA,0.28759214243868625,-0.19065812779697297,-0.011626668778935732,-0.07964987713090473,0.17451866331283683,0.030456763844499298,0.046642074693885024,2020-04-28,Off Garden Island Western Australia AUSTRALIA,Off Garden Island,Western Australia,AUSTRALIA,-32.204325399999995,115.67762739999999
1560,2020-04-28|Off Hinchinbrook Island Queensland AUSTRALIA,0.6114800379418837,-0.48796097788638665,0.026029983384951164,0.07165583891681716,0.367781794788814,0.1352634485780813,0.11089038345799845,2020-04-28,Off Hinchinbrook Island Queensland AUSTRALIA,Off Hinchinbrook Island,Queensland,AUSTRALIA,-18.3362903,146.2258805
1561,2020-04-28|Off Kisma New South Wales AUSTRALIA,0.5525266881651851,-0.43552648876271555,0.03542334129253736,0.043183300908757244,0.30053223497593856,0.09031962425963273,0.086756183381759,2020-04-28,Off Kisma New South Wales AUSTRALIA,Off Kisma,New South Wales,AUSTRALIA,-34.6738221,150.8443706
1562,2020-04-28|Off Legendre Island Western Australia AUSTRALIA,1.6312654476896018,-1.355119816128502,0.21579867532908265,0.3013376356596073,1.0480489538750413,1.0984066097185683,0.31599864926618226,2020-04-28,Off Legendre Island Western Australia AUSTRALIA,Off Legendre Island,Western Australia,AUSTRALIA,-20.3853568,116.87631040000001
1563,2020-04-28|Off Lodestone Reef Great Barrier Reef north of Townsville Queensland AUSTRALIA,0.5609128130844225,-0.4791869124735787,-0.053649678086593176,-0.034065184620105,0.32885740627318066,0.1081471936607238,0.10961913542439355,2020-04-28,Off Lodestone Reef Great Barrier Reef north of Townsville Queensland AUSTRALIA,Off Lodestone Reef,Queensland,AUSTRALIA,-18.689469600000002,147.1049521
1564,2020-04-28|Off Melbourne Victoria AUSTRALIA,0.36457468782997565,-0.43617613418927387,0.031732210893491944,0.1123181468209559,0.2886668704221663,0.08332856207932776,0.09128447955667368,2020-04-28,Off Melbourne Victoria AUSTRALIA,Off Melbourne,Victoria,AUSTRALIA,-37.813627600000004,144.96305759999998
1565,2020-04-28|Off Mooloolabah New South Wales AUSTRALIA,0.6170402686009034,-0.41750239892613666,0.0421300526875834,0.003823668509394859,0.32532731138603915,0.10583785953366887,0.09808987508387346,2020-04-28,Off Mooloolabah New South Wales AUSTRALIA,Off Mooloolabah,New South Wales,AUSTRALIA,-26.682,153.118
1566,2020-04-28|Off North Bondi New South Wales AUSTRALIA,0.5645309413956895,-0.428022798655657,0.040524592846594105,0.04948821789973501,0.3034212452701256,0.09206445208127373,0.08759016881727924,2020-04-28,Off North Bondi New South Wales AUSTRALIA,Off North Bondi,New South Wales,AUSTRALIA,-33.8879,151.2808
1567,2020-04-28|Off North Keppel Island off Yeppoon Queensland AUSTRALIA,1.4046485738299197,-0.861516128770348,0.215659241099406,0.24986162793079345,0.7604538809646841,0.57829010507425,0.21952412644062802,2020-04-28,Off North Keppel Island off Yeppoon Queensland AUSTRALIA,Off North Keppel Island,Queensland,AUSTRALIA,-23.0737512,150.8987392
1568,2020-04-28|Off Perforated Island near Coffin Bay South Australia AUSTRALIA,0.49365052774160656,-0.39363208538336175,0.036158130440477006,0.02214627095010023,0.2769020701336539,0.07667475644430301,0.08348911548236419,2020-04-28,Off Perforated Island near Coffin Bay South Australia AUSTRALIA,Off Perforated Island near Coffin Bay,South Australia,AUSTRALIA,-34.726845000000004,135.15822240000003
1569,2020-04-28|Off Poison Creek Cape Arid Western Australia AUSTRALIA,0.419663830503756,-0.2552978926281055,0.05794367432834217,-0.06895989147063242,0.24109195900262484,0.05812533269572334,0.07269196072576847,2020-04-28,Off Poison Creek Cape Arid Western Australia AUSTRALIA,Off Poison Creek,Western Australia,AUSTRALIA,-33.9036415,123.35127050000001
1570,2020-04-28|Off Port Broughton South Australia AUSTRALIA,0.9635229535061646,-0.755740786983126,0.08267412405892453,-0.011077794697441,0.5655205260075408,0.3198134653358456,0.15114171810774285,2020-04-28,Off Port Broughton South Australia AUSTRALIA,Off Port Broughton,South Australia,AUSTRALIA,-33.583333,137.93555600000002
1571,2020-04-28|Off Rottnest Island Western Australia AUSTRALIA,0.2844246085761531,-0.19464672001430683,-0.010270934979858318,-0.0735942486751585,0.17367738356029125,0.030163833560348522,0.046417233222423915,2020-04-28,Off Rottnest Island Western Australia AUSTRALIA,Off Rottnest Island,Western Australia,AUSTRALIA,-32.0063677,115.5073002
1572,2020-04-28|Off Scotts New South Wales AUSTRALIA,0.6069263600476303,-0.3841222258724271,0.038857564099510605,0.006901847833111057,0.3255612572901405,0.10599013224833706,0.09816041242797752,2020-04-28,Off Scotts New South Wales AUSTRALIA,Off Scotts,New South Wales,AUSTRALIA,-30.7492859,152.9941554
1573,2020-04-28|Off Stradbroke Island Queensland AUSTRALIA,0.621355042395834,-0.3880353213435383,0.044270126428343624,0.0018148031511634392,0.3222497668788759,0.10384491225348987,0.09716196050152076,2020-04-28,Off Stradbroke Island Queensland AUSTRALIA,Off Stradbroke Island,Queensland,AUSTRALIA,-27.5323174,153.46260769999998
1574,2020-04-28|Off Tasman Island Tasmania AUSTRALIA,0.3631305216001428,-0.35816539578927875,0.0507701718152807,0.0875358307556744,0.2142911586399154,0.045920700671237394,0.06186052906285598,2020-04-28,Off Tasman Island Tasmania AUSTRALIA,Off Tasman Island,Tasmania,AUSTRALIA,-43.238162700000004,148.00239390000002
1575,2020-04-28|Off Tower Hill Victoria AUSTRALIA,0.438899758321527,-0.40258585943778913,0.049823466317721415,0.05041877210729731,0.25430768837057005,0.06467240036438297,0.07667665305707348,2020-04-28,Off Tower Hill Victoria AUSTRALIA,Off Tower Hill,Victoria,AUSTRALIA,-38.3332266,142.3537074
1576,2020-04-28|Off Wedge Island Western Australia AUSTRALIA,0.28361357165291035,-0.2036558154614327,0.008455015050709561,-0.044492342318710555,0.1820355098835329,0.033136926858557805,0.04700136654648657,2020-04-28,Off Wedge Island Western Australia AUSTRALIA,Off Wedge Island,Western Australia,AUSTRALIA,-30.8277891,115.1879896
1577,2020-04-28|Off Wynnum in Moreton Bay near Brisbane Queensland AUSTRALIA,0.9316410272906751,-0.59064854874827,0.08272573175880465,0.10030196587121017,0.4937282333637146,0.2437675684204546,0.1425270642195295,2020-04-28,Off Wynnum in Moreton Bay near Brisbane Queensland AUSTRALIA,Off Wynnum in Moreton Bay,Queensland,AUSTRALIA,-27.443694,153.173618
1578,2020-04-28|On board the Japanese longline trawler Fukuya No38 100 nm northeast of Brisbane Queensland AUSTRALIA,0.9316332076562042,-0.5906462263604477,0.08272391715015338,0.10030077526966129,0.49372507073224814,0.24376444546956344,0.14252615124646525,2020-04-28,On board the Japanese longline trawler Fukuya No38 100 nm northeast of Brisbane Queensland AUSTRALIA,On board the Japanese longline trawler Fukuya No.38,Queensland,AUSTRALIA,-27.469770699999998,153.0251235
1579,2020-04-28|Onslow Western Australia AUSTRALIA,0.8943728604926438,-0.7503467164182834,0.12278489376109546,0.08914378345230958,0.5272673518261144,0.27801086030172345,0.1589770882010485,2020-04-28,Onslow Western Australia AUSTRALIA,Onslow,Western Australia,AUSTRALIA,-21.662723,115.1069826
1580,2020-04-28|Opal Reef Queensland AUSTRALIA,0.45215002659159254,-0.40655527348742,-0.05287573709219227,-0.0981687205983449,0.31092459776197623,0.09667410549344672,0.1175184517387113,2020-04-28,Opal Reef Queensland AUSTRALIA,Opal Reef,Queensland,AUSTRALIA,-16.2104561,145.881327
1581,2020-04-28|Orpheus Island Queensland AUSTRALIA,0.5824141365111701,-0.43832473107131475,-0.007871362126047412,-0.01650120453808812,0.3195432051092454,0.10210785993148926,0.11297558360741562,2020-04-28,Orpheus Island Queensland AUSTRALIA,Orpheus Island,Queensland,AUSTRALIA,-18.6160685,146.49719950000002
1582,2020-04-28|Otford New South Wales AUSTRALIA,0.5573043368200011,-0.431353676195086,0.03703761658843457,0.045030239618605375,0.3016293109642282,0.09098024123275507,0.08707288194033924,2020-04-28,Otford New South Wales AUSTRALIA,Otford,New South Wales,AUSTRALIA,-34.216667,151.0
1583,2020-04-28|Outer Barrier Reef near Port Douglas Queensland AUSTRALIA,0.4651949426489651,-0.4488858541905403,-0.03861748825838826,-0.050694298295617814,0.3390391308644618,0.11494753225732965,0.10721358694555912,2020-04-28,Outer Barrier Reef near Port Douglas Queensland AUSTRALIA,Outer Barrier Reef near Port Douglas,Queensland,AUSTRALIA,-16.4844197,145.46060580000002
1584,2020-04-28|Outer Harbor South Australia AUSTRALIA,1.212096671122023,-0.783475370464819,0.15713906306881437,0.13450867883810053,0.6721935719657761,0.45184419819210897,0.20267398769993086,2020-04-28,Outer Harbor South Australia AUSTRALIA,Outer Harbor,South Australia,AUSTRALIA,-34.781,138.501
1585,2020-04-28|Palm Beach New South Wales AUSTRALIA,0.5702307336741925,-0.4281255261034794,0.04241639723551268,0.05189477599816259,0.3053924775889076,0.09326456536789142,0.08815921457222128,2020-04-28,Palm Beach New South Wales AUSTRALIA,Palm Beach,New South Wales,AUSTRALIA,-33.601110999999996,151.321667
1586,2020-04-28|Palm Beach North 5 miles north of Burleigh Heads Brisbane Queensland AUSTRALIA,0.42534745856238004,-0.3147248917434507,0.04439242103968282,0.08216068848969595,0.2594091862629534,0.06729312591760764,0.07488498175958896,2020-04-28,Palm Beach North 5 miles north of Burleigh Heads Brisbane Queensland AUSTRALIA,Palm Beach North,Queensland,AUSTRALIA,26.7056206,-80.0364297
1587,2020-04-28|Palm Beach Queensland AUSTRALIA,0.6252949999813036,-0.37877320220220456,0.04717089718638579,0.009842155933319201,0.3259666498162419,0.10625425679242446,0.09828264287360412,2020-04-28,Palm Beach Queensland AUSTRALIA,Palm Beach,Queensland,AUSTRALIA,-28.122260600000004,153.4694515
1588,2020-04-28|Palm Cove Beach Queensland AUSTRALIA,0.46308701162190724,-0.44796173624110625,-0.03696717252555235,-0.04942204923889857,0.33806881954209306,0.1142905267465843,0.1069067475637456,2020-04-28,Palm Cove Beach Queensland AUSTRALIA,Palm Cove Beach,Queensland,AUSTRALIA,-16.744428,145.67113590000002
1589,2020-04-28|Palm Cove Queensland AUSTRALIA,0.46308827738088704,-0.4479569322339767,-0.03696894344941733,-0.04942293547311395,0.3380650520479818,0.11428797941620464,0.10690555617749932,2020-04-28,Palm Cove Queensland AUSTRALIA,Palm Cove,Queensland,AUSTRALIA,-16.74405,145.67095
1590,2020-04-28|Palm Island Queensland AUSTRALIA,0.5867970607387101,-0.4387360672493012,-0.00805819217659617,-0.014017927942215768,0.30006640891821995,0.0900398497610764,0.10002213630607332,2020-04-28,Palm Island Queensland AUSTRALIA,Palm Island,Queensland,AUSTRALIA,-18.6894285,146.5392256
1591,2020-04-28|Pancake Creek Queensland AUSTRALIA,1.2868664269244117,-0.9926089868412232,0.1660278654604179,0.16575695561037082,0.8638915010385415,0.7463085255666244,0.26047308804743313,2020-04-28,Pancake Creek Queensland AUSTRALIA,Pancake Creek,Queensland,AUSTRALIA,-20.9175738,142.7027956
1592,2020-04-28|Paradise Beach Victoria AUSTRALIA,0.2299000065631165,-0.3511500922653807,0.01541138738204951,0.08107937318000166,0.21263379061709434,0.04521312891219431,0.06138208812579497,2020-04-28,Paradise Beach Victoria AUSTRALIA,Paradise Beach,Victoria,AUSTRALIA,-38.1992076,147.4033451
1593,2020-04-28|Paramatta River New South Wales AUSTRALIA,0.5661004900612292,-0.4276420629215034,0.04092244517085971,0.049952085800409315,0.3038655996972738,0.09233430267938382,0.08771844289134405,2020-04-28,Paramatta River New South Wales AUSTRALIA,Paramatta River,New South Wales,AUSTRALIA,-33.834442700000004,151.0923358
1594,2020-04-28|Paramatta River near Sydney New South Wales AUSTRALIA,0.5661122196829517,-0.4276408467564146,0.0409270956257326,0.04995300404719961,0.3038705416767215,0.09233730609890413,0.08771986951792628,2020-04-28,Paramatta River near Sydney New South Wales AUSTRALIA,Paramatta River (near Sydney),New South Wales,AUSTRALIA,-33.834442700000004,151.0923358
1595,2020-04-28|Park Beach Coffs Harbour New South Wales AUSTRALIA,0.606278474497362,-0.3808928869130507,0.038345911146398654,0.004866903103144384,0.3249372261558064,0.10558420094182966,0.09797225996160605,2020-04-28,Park Beach Coffs Harbour New South Wales AUSTRALIA,Park Beach,New South Wales,AUSTRALIA,-30.289625899999997,153.11855480000003
1596,2020-04-28|Parkers Point Rottnest Island Western Australia AUSTRALIA,0.2844246085761531,-0.19464672001430683,-0.010270934979858318,-0.0735942486751585,0.17367738356029125,0.030163833560348522,0.046417233222423915,2020-04-28,Parkers Point Rottnest Island Western Australia AUSTRALIA,Parker's Point,Western Australia,AUSTRALIA,-32.014821000000005,115.53120159999999
1597,2020-04-28|Parramata River New South Wales AUSTRALIA,0.5661010475920871,-0.4276424683502256,0.04092224767907187,0.04995177983953535,0.30386566934778764,0.09233434500817901,0.0877184629977155,2020-04-28,Parramata River New South Wales AUSTRALIA,Parramata River,New South Wales,AUSTRALIA,-33.834442700000004,151.0923358
1598,2020-04-28|Parramatta River New South Wales AUSTRALIA,0.5661010475920871,-0.4276424683502256,0.04092224767907187,0.04995177983953535,0.30386566934778764,0.09233434500817901,0.0877184629977155,2020-04-28,Parramatta River New South Wales AUSTRALIA,Parramatta River,New South Wales,AUSTRALIA,-33.834442700000004,151.0923358
1599,2020-04-28|Parsons Beach Fleurieu Peninsula South Australia AUSTRALIA,0.462705688233069,-0.37126386818929286,0.031165895650511227,-0.007248411237886075,0.2680070423120451,0.07182777472885032,0.07736696901178733,2020-04-28,Parsons Beach Fleurieu Peninsula South Australia AUSTRALIA,Parsons Beach,South Australia,AUSTRALIA,-35.630574200000005,138.4671696
1600,2020-04-28|Peacock Point Balmain Sydney New South Wales AUSTRALIA,0.5645303826772281,-0.4280223910219448,0.040524788580224,0.04948852160195839,0.303421175305584,0.09206440962382194,0.08759014862025578,2020-04-28,Peacock Point Balmain Sydney New South Wales AUSTRALIA,Peacock Point,New South Wales,AUSTRALIA,-33.859680299999994,151.1964189
1601,2020-04-28|Peel Island Queensland AUSTRALIA,0.9754205251445497,-0.637383365132016,0.06661471341735091,0.0753560310071015,0.5215521327605588,0.2720166271870875,0.15055913212286604,2020-04-28,Peel Island Queensland AUSTRALIA,Peel Island,Queensland,AUSTRALIA,-27.500573499999998,153.34761269999998
1602,2020-04-28|Pelican Banks near Gladstone Queensland AUSTRALIA,0.8608229420832463,-0.6099239685347714,0.08779956961408254,0.21304581535082576,0.479345614193004,0.22977221784606822,0.14452814065278657,2020-04-28,Pelican Banks near Gladstone Queensland AUSTRALIA,Pelican Banks near Gladstone,Queensland,AUSTRALIA,-23.783333300000002,151.3
1603,2020-04-28|Pelican Island Macleay River New South Wales AUSTRALIA,0.6064826254894248,-0.3845714022926691,0.03894556776171287,0.008367082608384226,0.3251765180195886,0.1057397678713438,0.09804440917320154,2020-04-28,Pelican Island Macleay River New South Wales AUSTRALIA,Pelican Island,New South Wales,AUSTRALIA,-30.9314059,153.0331545
1604,2020-04-28|Pelican Waters Caloundra Queensland AUSTRALIA,0.6207081345807585,-0.42283217615009117,0.04059421670760419,0.0028674632888497143,0.32830486513247714,0.10778408446965401,0.09898764131751453,2020-04-28,Pelican Waters Caloundra Queensland AUSTRALIA,Pelican Waters,Queensland,AUSTRALIA,-26.799,153.13299999999998
1605,2020-04-28|Pennington Bay Kangaroo Island South Australia AUSTRALIA,0.5214155770770073,-0.41895323862733913,0.03402158288857293,0.016264597419959066,0.2914007276961485,0.08491438410184489,0.0878606252186045,2020-04-28,Pennington Bay Kangaroo Island South Australia AUSTRALIA,Pennington Bay,South Australia,AUSTRALIA,-35.8479736,137.75086090000002
1606,2020-04-28|Peregian Queensland AUSTRALIA,0.6169838068350533,-0.41512616952458553,0.04386465582737102,0.005335005010163219,0.3242972614832835,0.10516871380555717,0.09777930335271141,2020-04-28,Peregian Queensland AUSTRALIA,Peregian,Queensland,AUSTRALIA,-26.480556,153.09555600000002
1607,2020-04-28|Perth Western Australia AUSTRALIA,0.2869468896029844,-0.1941166800785846,-0.012540377471608636,-0.0789022135305756,0.17423394790179766,0.030357468601446343,0.046565981299539094,2020-04-28,Perth Western Australia AUSTRALIA,Perth,Western Australia,AUSTRALIA,-31.950526899999996,115.8604572
1608,2020-04-28|Perth? Margaret River District Western Australia AUSTRALIA,0.3116649823984618,-0.2267777395993398,-0.0041948107715162756,-0.05519662004004118,0.19962937721677615,0.039851888247957906,0.05536722735723301,2020-04-28,Perth? Margaret River District Western Australia AUSTRALIA,Perth? (Margaret River District),Western Australia,AUSTRALIA,-33.9610465,115.0767388
1609,2020-04-28|Petersons Beach Sarina Queensland AUSTRALIA,1.7736112678560352,-0.9639742911571559,0.27747611989371834,0.30946294388495443,0.9159902948908438,0.8390382203342149,0.27618146543272054,2020-04-28,Petersons Beach Sarina Queensland AUSTRALIA,Peterson's Beach,Queensland,AUSTRALIA,-21.4137717,149.2243901
1610,2020-04-28|Petrie Bight Brisbane River Queensland AUSTRALIA,0.9316332076562042,-0.5906462263604477,0.08272391715015338,0.10030077526966129,0.49372507073224814,0.24376444546956344,0.14252615124646525,2020-04-28,Petrie Bight Brisbane River Queensland AUSTRALIA,Petrie Bight,Queensland,AUSTRALIA,-27.466237800000002,153.0336145
1611,2020-04-28|Phillip Island Victoria AUSTRALIA,0.8255775940019823,-0.8144932568308716,0.11750394460487233,0.18743649438467735,0.5139443914518511,0.26413883750481354,0.14836296637661234,2020-04-28,Phillip Island Victoria AUSTRALIA,Phillip Island,Victoria,AUSTRALIA,-38.4898703,145.20382780000003
1612,2020-04-28|Pialba Beach near Maryborough Queensland AUSTRALIA,0.8731690481631432,-0.8078290864274486,-0.012707989207117264,0.03715724310489479,0.5458723073762379,0.29797657596025795,0.16458669336477577,2020-04-28,Pialba Beach near Maryborough Queensland AUSTRALIA,Pialba Beach near Maryborough,Queensland,AUSTRALIA,-25.2782552,152.8379759
1613,2020-04-28|Pialba Hervey Bay Queensland AUSTRALIA,0.8731690481631432,-0.8078290864274486,-0.012707989207117264,0.03715724310489479,0.5458723073762379,0.29797657596025795,0.16458669336477577,2020-04-28,Pialba Hervey Bay Queensland AUSTRALIA,Pialba,Queensland,AUSTRALIA,-25.281299800000003,152.8294091
1614,2020-04-28|Piccaninny Point 10 miles from Bicheno Tasmania AUSTRALIA,0.4203656828958338,-0.4408502132866523,0.030431361063313882,0.07757188691492287,0.2591225686604335,0.06714450558918106,0.07480224238460428,2020-04-28,Piccaninny Point 10 miles from Bicheno Tasmania AUSTRALIA,Piccaninny Point,Tasmania,AUSTRALIA,-41.8522419,148.25966830000002
1615,2020-04-28|Pimpana River Queensland AUSTRALIA,0.6248198803899102,-0.3828663416937008,0.045047424719056546,0.006396086853113379,0.324475747673155,0.10528451082805294,0.09783311896380813,2020-04-28,Pimpana River Queensland AUSTRALIA,Pimpana River,Queensland,AUSTRALIA,-27.8203377,153.38490019999998
1616,2020-04-28|Pincushion north of Maroochydore Beach Queensland AUSTRALIA,0.617106939972377,-0.41644412281279136,0.04313066869217364,0.004877710657728483,0.3248935699197165,0.10555583177517772,0.09795909711116339,2020-04-28,Pincushion north of Maroochydore Beach Queensland AUSTRALIA,Pincushion,Queensland,AUSTRALIA,-26.6476538,153.1031686
1617,2020-04-28|Pioneer River near Mackay Queensland AUSTRALIA,1.544044505011304,-0.802706606983531,0.25673761687433244,0.24450277716509639,0.7838395093152197,0.6144043763635244,0.23633650438680637,2020-04-28,Pioneer River near Mackay Queensland AUSTRALIA,Pioneer River near Mackay,Queensland,AUSTRALIA,-21.1455879,148.9558418
1618,2020-04-28|Point Casuarina Bunbury Western Australia AUSTRALIA,0.31752408167246726,-0.1909814132018653,0.026320895470652365,-0.005368413266367049,0.1854367899962167,0.03438680308410098,0.053530990310987916,2020-04-28,Point Casuarina Bunbury Western Australia AUSTRALIA,Point Casuarina,Western Australia,AUSTRALIA,-33.3153009,115.63711090000001
1619,2020-04-28|Point Cook Port Phillip Bay Victoria AUSTRALIA,0.3624653568334048,-0.4338292599096047,0.03248645855404082,0.1133956508450806,0.2869710490225197,0.08235238297708539,0.09074821374389988,2020-04-28,Point Cook Port Phillip Bay Victoria AUSTRALIA,Point Cook,Victoria,AUSTRALIA,-37.9178086,144.7477259
1620,2020-04-28|Point Henry Victoria AUSTRALIA,0.3733721203035227,-0.437648689765422,0.056529006712140444,0.178479126461362,0.29947395666755144,0.0896846507221185,0.09029479534085635,2020-04-28,Point Henry Victoria AUSTRALIA,Point Henry,Victoria,AUSTRALIA,-38.1468463,144.4301958
1621,2020-04-28|Point Lonsdale Victoria AUSTRALIA,1.0880068927838635,-0.9209155977771327,0.13438727671876716,0.22949433879906925,0.6343785647145264,0.4024361633692626,0.18312931755303014,2020-04-28,Point Lonsdale Victoria AUSTRALIA,Point Lonsdale,Victoria,AUSTRALIA,-38.283333,144.6
1622,2020-04-28|Point Lookout Stradbroke Island Queensland AUSTRALIA,0.6160977290307682,-0.3926216523020035,0.044503945470357326,-0.002884090826329482,0.31979079446087827,0.1022661522219197,0.09642055242149065,2020-04-28,Point Lookout Stradbroke Island Queensland AUSTRALIA,Point Lookout,Queensland,AUSTRALIA,-27.434650800000004,153.5304523
1623,2020-04-28|Point Lowly north of Whyalla South Australia AUSTRALIA,1.2393418290834064,-1.0564641768117917,0.043482895242058194,0.05531630903868143,0.6941227817227789,0.48180643610656854,0.2003759874391491,2020-04-28,Point Lowly north of Whyalla South Australia AUSTRALIA,Point Lowly,South Australia,AUSTRALIA,-32.999444,137.785278
1624,2020-04-28|Point Plomer New South Wales AUSTRALIA,0.6069347921555964,-0.3912991157458873,0.038623962991666295,0.01329618934864991,0.3256342587859872,0.10603767049509927,0.09818242320714643,2020-04-28,Point Plomer New South Wales AUSTRALIA,Point Plomer,New South Wales,AUSTRALIA,-31.315232,152.97704109999998
1625,2020-04-28|Point Sinclair Cactus Beach near Penong South Australia AUSTRALIA,0.6727519518089882,-0.5423690601283366,0.09224831958637325,0.1313407350946886,0.3916726865323989,0.15340749337550683,0.11809375835076852,2020-04-28,Point Sinclair Cactus Beach near Penong South Australia AUSTRALIA,Point Sinclair,South Australia,AUSTRALIA,-32.0102589,132.98821940000002
1626,2020-04-28|Point Sinclair Penong South Australia AUSTRALIA,0.6733031516326841,-0.544174128126364,0.09147398844804028,0.13165266259047714,0.39246926730489656,0.15403212577884234,0.11833393649054909,2020-04-28,Point Sinclair Penong South Australia AUSTRALIA,(Point Sinclair) Penong,South Australia,AUSTRALIA,-32.106519899999995,132.97958
1627,2020-04-28|Point Vernon Hervey Bay Queensland AUSTRALIA,0.8731690481631432,-0.8078290864274486,-0.012707989207117264,0.03715724310489479,0.5458723073762379,0.29797657596025795,0.16458669336477577,2020-04-28,Point Vernon Hervey Bay Queensland AUSTRALIA,Point Vernon,Queensland,AUSTRALIA,-25.257124100000002,152.8176466
1628,2020-04-28|Porpoise Pool Tweed Heads New South Wales AUSTRALIA,0.6234027697973533,-0.3782641629140345,0.0471987737952042,0.00942071912652537,0.32541333887180884,0.10589384111569869,0.09811581334677852,2020-04-28,Porpoise Pool Tweed Heads New South Wales AUSTRALIA,Porpoise Pool,New South Wales,AUSTRALIA,-28.170037,153.543026
1629,2020-04-28|Port Augusta South Australia AUSTRALIA,1.3142712471795124,-0.9961612202681849,0.17550253008622013,0.18834747034664123,0.725235297697714,0.5259662370266919,0.2011440809711922,2020-04-28,Port Augusta South Australia AUSTRALIA,Port Augusta,South Australia,AUSTRALIA,-32.495233899999995,137.78943940000002
1630,2020-04-28|Port Campbell Victoria AUSTRALIA,0.489061481560844,-0.4493672442008683,0.07242315576009284,0.1049752754167636,0.27274482955133084,0.07438974204698452,0.07873465038076974,2020-04-28,Port Campbell Victoria AUSTRALIA,Port Campbell,Victoria,AUSTRALIA,-38.6191008,142.9961352
1631,2020-04-28|Port Douglas Queensland AUSTRALIA,0.4651949426489651,-0.4488858541905403,-0.03861748825838826,-0.050694298295617814,0.3390391308644618,0.11494753225732965,0.10721358694555912,2020-04-28,Port Douglas Queensland AUSTRALIA,Port Douglas,Queensland,AUSTRALIA,-16.483611,145.465278
1632,2020-04-28|Port Germein South Australia AUSTRALIA,1.240380048682009,-1.0838436254366222,0.11318870401115638,0.14806714599887802,0.751157790872726,0.5642380267887941,0.2083336869966054,2020-04-28,Port Germein South Australia AUSTRALIA,Port Germein,South Australia,AUSTRALIA,-33.0219965,138.0016436
1633,2020-04-28|Port Hedland Western Australia AUSTRALIA,2.3143499634456384,-2.0284987246564046,0.4321073456081811,0.6512713779018368,1.5088328959959805,2.276576708039617,0.47713485599352484,2020-04-28,Port Hedland Western Australia AUSTRALIA,Port Hedland,Western Australia,AUSTRALIA,-20.3839142,118.64837959999998
1634,2020-04-28|Port Hughes South Australia AUSTRALIA,0.6222232375011,-0.331860998200045,0.006797767473953749,-0.21566391877186525,0.35811224180895673,0.1282443777334367,0.0993224654010425,2020-04-28,Port Hughes South Australia AUSTRALIA,Port Hughes,South Australia,AUSTRALIA,-34.076111,137.546111
1635,2020-04-28|Port Jackson New South Wales AUSTRALIA,0.5645309413956895,-0.428022798655657,0.040524592846594105,0.04948821789973501,0.3034212452701256,0.09206445208127373,0.08759016881727924,2020-04-28,Port Jackson New South Wales AUSTRALIA,Port Jackson,New South Wales,AUSTRALIA,-33.8462182,151.2488616
1636,2020-04-28|Port Jervis New South Wales AUSTRALIA,0.5465456515818905,-0.4366834447098632,0.033563075241538835,0.04091191925823064,0.2983378654724247,0.08900548197464257,0.08612272346998139,2020-04-28,Port Jervis New South Wales AUSTRALIA,Port Jervis,New South Wales,AUSTRALIA,-35.0480805,150.7446771
1637,2020-04-28|Port Kennedy Beach Western Australia AUSTRALIA,0.2898766770749198,-0.1863881023370928,-0.010936696672552223,-0.08197926380624854,0.1748884118851665,0.030585956611715644,0.0467408941565212,2020-04-28,Port Kennedy Beach Western Australia AUSTRALIA,Port Kennedy Beach,Western Australia,AUSTRALIA,-32.3522464,115.7422946
1638,2020-04-28|Port MacDonnel Victoria AUSTRALIA,0.43238832277875305,-0.38016070102632304,0.04707960347402709,0.05761021266009613,0.24571706029971002,0.060376873722331324,0.07408648123666099,2020-04-28,Port MacDonnel Victoria AUSTRALIA,Port MacDonnel,Victoria,AUSTRALIA,-38.05249570000001,140.70019240000002
1639,2020-04-28|Port Melbourne Victoria AUSTRALIA,0.36457521356207717,-0.4361759169839759,0.03173300743017375,0.11231244514227824,0.28866722952464563,0.08332876940143444,0.09128459311484849,2020-04-28,Port Melbourne Victoria AUSTRALIA,Port Melbourne,Victoria,AUSTRALIA,-37.83322329999999,144.9124697
1640,2020-04-28|Port Newby South Australia AUSTRALIA,1.3142712471795124,-0.9961612202681849,0.17550253008622013,0.18834747034664123,0.725235297697714,0.5259662370266919,0.2011440809711922,2020-04-28,Port Newby South Australia AUSTRALIA,Port Newby,South Australia,AUSTRALIA,-30.0002315,136.20915469999997
1641,2020-04-28|Port Phillip Bay Port Melbourne Victoria AUSTRALIA,1.0880042410189175,-0.9209111890850861,0.1343869345129929,0.22948802684025504,0.6343774211427989,0.40243471245578805,0.1831289874323078,2020-04-28,Port Phillip Bay Port Melbourne Victoria AUSTRALIA,Port Phillip Bay,Victoria,AUSTRALIA,-38.3,144.6333333
1642,2020-04-28|Port Phillip Bay South Australia AUSTRALIA,0.367439190754005,-0.4391903272130422,0.02018662982872346,0.059072610171598275,0.2691960852615587,0.07246653232014837,0.08116567362228286,2020-04-28,Port Phillip Bay South Australia AUSTRALIA,Port Phillip Bay,South Australia,AUSTRALIA,-38.173206,144.8731219
1643,2020-04-28|Port Phillip Bay Victoria AUSTRALIA,0.367439190754005,-0.4391903272130422,0.02018662982872346,0.059072610171598275,0.2691960852615587,0.07246653232014837,0.08116567362228286,2020-04-28,Port Phillip Bay Victoria AUSTRALIA,Port Phillip Bay,Victoria,AUSTRALIA,-38.173206,144.8731219
1644,2020-04-28|Port Phillip South Australia AUSTRALIA,0.3645749505839225,-0.43617602547371315,0.031731821739271346,0.11231135880537393,0.2886669940959906,0.0833286334804147,0.09128451866577085,2020-04-28,Port Phillip South Australia AUSTRALIA,Port Phillip,South Australia,AUSTRALIA,-37.84649829999999,144.9666905
1645,2020-04-28|Port Phillip Victoria AUSTRALIA,0.3645749505839225,-0.43617602547371315,0.031731821739271346,0.11231135880537393,0.2886669940959906,0.0833286334804147,0.09128451866577085,2020-04-28,Port Phillip Victoria AUSTRALIA,Port Phillip,Victoria,AUSTRALIA,-37.84649829999999,144.9666905
1646,2020-04-28|Port Pirie Spencer Gulf 230 km north of Adelaide South Australia AUSTRALIA,1.2261974416108807,-1.0644536051376023,0.11039291400173377,0.1454779989337769,0.7400569305251108,0.5476842604182486,0.20525486229005988,2020-04-28,Port Pirie Spencer Gulf 230 km north of Adelaide South Australia AUSTRALIA,Port Pirie,South Australia,AUSTRALIA,-33.1708294,138.00885669999997
1647,2020-04-28|Port River Adelaide South Australia AUSTRALIA,1.212096671122023,-0.783475370464819,0.15713906306881437,0.13450867883810053,0.6721935719657761,0.45184419819210897,0.20267398769993086,2020-04-28,Port River Adelaide South Australia AUSTRALIA,Port River,South Australia,AUSTRALIA,-34.7617799,138.51011
1648,2020-04-28|Port Wakefield South Australia AUSTRALIA,1.3765046195433197,-1.2318924749148272,0.06434552858837407,0.12185740901748682,0.8551585592239195,0.7312961614139297,0.24686301218387124,2020-04-28,Port Wakefield South Australia AUSTRALIA,Port Wakefield,South Australia,AUSTRALIA,-34.183333000000005,138.15
1649,2020-04-28|Portarlington Victoria AUSTRALIA,0.36365650055860477,-0.43756048256044444,0.03041097577390079,0.11154662230184968,0.2909705295398875,0.08466384906072254,0.09201296053313497,2020-04-28,Portarlington Victoria AUSTRALIA,Portarlington,Victoria,AUSTRALIA,-38.116667,144.65
1650,2020-04-28|Portland Victoria AUSTRALIA,0.43267594431840883,-0.3894054698415056,0.0500437617274318,0.05121022731120041,0.2612719509364727,0.0682630323461506,0.08262144536750164,2020-04-28,Portland Victoria AUSTRALIA,Portland,Victoria,AUSTRALIA,-38.360895,141.6041155
1651,2020-04-28|Portsea Beach near Melbourne Victoria AUSTRALIA,0.8688705798502625,-0.7712909982015584,0.1441720224377063,0.24450269722069834,0.529222507496164,0.28007646244052736,0.146779914377465,2020-04-28,Portsea Beach near Melbourne Victoria AUSTRALIA,Portsea Beach,Victoria,AUSTRALIA,-38.3339592,144.7019091
1652,2020-04-28|Portsea Beach near entrance to Port Phillip Bay Victoria AUSTRALIA,0.868873021495524,-0.7712940299482627,0.1441717132149779,0.24450125051428095,0.5292236227965001,0.2800776429258523,0.14678022370612265,2020-04-28,Portsea Beach near entrance to Port Phillip Bay Victoria AUSTRALIA,Portsea Beach,Victoria,AUSTRALIA,-38.3339592,144.7019091
1653,2020-04-28|Princess Royal Harbor near King George’s Sound Western Australia AUSTRALIA,0.3447463811853841,-0.19807276878708271,0.002477763374137007,-0.08920135965749097,0.2042309813148749,0.041710293728836785,0.058956406019502236,2020-04-28,Princess Royal Harbor near King George’s Sound Western Australia AUSTRALIA,Princess Royal Harbor,Western Australia,AUSTRALIA,-35.0458333,117.9733333
1654,2020-04-28|Pyramids Beach Mandurah Western Australia AUSTRALIA,0.29200825141794906,-0.1853729040858361,0.005289257508446956,-0.04952156042731235,0.17499330845244984,0.030622658003134254,0.04853441126833799,2020-04-28,Pyramids Beach Mandurah Western Australia AUSTRALIA,Pyramids Beach,Western Australia,AUSTRALIA,-32.603604100000005,115.6304031
1655,2020-04-28|Pyramids Beach Port Bouvard Western Australia AUSTRALIA,0.29201421872413524,-0.18534914242935827,0.005291179185192742,-0.049521940021744024,0.1749954160437655,0.030623395636330583,0.04853499580899617,2020-04-28,Pyramids Beach Port Bouvard Western Australia AUSTRALIA,Pyramids Beach,Western Australia,AUSTRALIA,-32.603604100000005,115.6304031
1656,2020-04-28|Pyramids Beach Western Australia AUSTRALIA,0.29201421872413524,-0.18534914242935827,0.005291179185192742,-0.049521940021744024,0.1749954160437655,0.030623395636330583,0.04853499580899617,2020-04-28,Pyramids Beach Western Australia AUSTRALIA,Pyramids Beach,Western Australia,AUSTRALIA,-32.603604100000005,115.6304031
1657,2020-04-28|Queenscliff New South Wales AUSTRALIA,0.5661004900612292,-0.4276420629215034,0.04092244517085971,0.049952085800409315,0.3038655996972738,0.09233430267938382,0.08771844289134405,2020-04-28,Queenscliff New South Wales AUSTRALIA,Queenscliff,New South Wales,AUSTRALIA,-33.7825,151.284722
1658,2020-04-28|Queenscliff Sydney New South Wales AUSTRALIA,0.5661122196829517,-0.4276408467564146,0.0409270956257326,0.04995300404719961,0.3038705416767215,0.09233730609890413,0.08771986951792628,2020-04-28,Queenscliff Sydney New South Wales AUSTRALIA,Queenscliff,New South Wales,AUSTRALIA,-33.7825,151.284722
1659,2020-04-28|Queenscliff Victoria AUSTRALIA,1.0880068927838635,-0.9209155977771327,0.13438727671876716,0.22949433879906925,0.6343785647145264,0.4024361633692626,0.18312931755303014,2020-04-28,Queenscliff Victoria AUSTRALIA,Queenscliff,Victoria,AUSTRALIA,-38.2677746,144.6286897
1660,2020-04-28|Quinn’s Rocks south of Yanchep Western Australia AUSTRALIA,0.2852032950023971,-0.19698200317057626,-0.012051355799084926,-0.07556816758181659,0.17355241176271533,0.030120439628655092,0.04638383310459975,2020-04-28,Quinn’s Rocks south of Yanchep Western Australia AUSTRALIA,Quinn’s Rocks,Western Australia,AUSTRALIA,-31.660517499999997,115.6959328
1661,2020-04-28|Ralph Bay Tasmania AUSTRALIA,0.3735094232418822,-0.39686872041091625,0.056097624045779976,0.10394833998176621,0.23053790569958493,0.05314772596435071,0.06393971076445656,2020-04-28,Ralph Bay Tasmania AUSTRALIA,Ralph Bay,Tasmania,AUSTRALIA,-42.97,147.43
1662,2020-04-28|Red Bluff near Quobba Station Western Australia AUSTRALIA,0.49941130089705915,-0.41912749255746096,0.06563785674375254,0.09529870694800324,0.2695739745530218,0.07267012775631324,0.08127961153065344,2020-04-28,Red Bluff near Quobba Station Western Australia AUSTRALIA,Red Bluff near Quobba Station,Western Australia,AUSTRALIA,-24.05,113.4
1663,2020-04-28|Red Bluffs Western Australia AUSTRALIA,4.554882205806006,-3.8610186272531934,0.7626247502503687,0.3551962827762597,3.067294382063854,9.408294826240478,1.0224314606879512,2020-04-28,Red Bluffs Western Australia AUSTRALIA,Red Bluffs,Western Australia,AUSTRALIA,-18.8,126.46666670000002
1664,2020-04-28|Redgate Beach Western Australia AUSTRALIA,0.31352236138392486,-0.22944597586570062,-0.005786804144756088,-0.057573365801411445,0.20151497995561363,0.04060828714651136,0.055890199461850996,2020-04-28,Redgate Beach Western Australia AUSTRALIA,Redgate Beach,Western Australia,AUSTRALIA,-34.039174700000004,114.99853700000001
1665,2020-04-28|Redhead Beach New South Wales AUSTRALIA,0.5834081144132148,-0.4236883966579961,0.04603321712983377,0.05608304876009527,0.3098154746276997,0.09598562831878685,0.08943602383770706,2020-04-28,Redhead Beach New South Wales AUSTRALIA,Redhead Beach,New South Wales,AUSTRALIA,-33.0204805,151.70915119999998
1666,2020-04-28|Redhead Beach Newcastle New South Wales AUSTRALIA,0.5833968404481886,-0.42368987580132056,0.04602832499150219,0.056081745718260925,0.30981050973259033,0.09598255194076745,0.08943459059594311,2020-04-28,Redhead Beach Newcastle New South Wales AUSTRALIA,Redhead Beach,New South Wales,AUSTRALIA,-33.0204805,151.70915119999998
1667,2020-04-28|Rib Reef off Townsville Queensland AUSTRALIA,0.5530627920051793,-0.4721607777841501,-0.052361563951578566,-0.02294889640316924,0.32445242006130853,0.10526937288363981,0.10815080668710285,2020-04-28,Rib Reef off Townsville Queensland AUSTRALIA,Rib Reef off Townsville,Queensland,AUSTRALIA,-18.481090899999998,146.8713315
1668,2020-04-28|Riecks Point Campbell’s Beach New South Wales AUSTRALIA,0.6084613828444683,-0.38346266424703834,0.0371519368012117,0.00011178585088381057,0.3271073395559744,0.1069992115913875,0.09862657377077692,2020-04-28,Riecks Point Campbell’s Beach New South Wales AUSTRALIA,Riecks Point,New South Wales,AUSTRALIA,-30.2379185,153.15217619999999
1669,2020-04-28|Roe Reef off Rottnest Island Western Australia AUSTRALIA,0.284860325237487,-0.19392102115774865,-0.010706739745442296,-0.07492379158347649,0.17356767965299946,0.030125739420126245,0.04638791361991847,2020-04-28,Roe Reef off Rottnest Island Western Australia AUSTRALIA,Roe Reef off Rottnest Island,Western Australia,AUSTRALIA,-31.9791667,115.53333329999998
1670,2020-04-28|Rosebud Victoria AUSTRALIA,0.3684634184975878,-0.4429318411656615,0.030288597236155068,0.10126611277312003,0.2624380871462835,0.06887374958500031,0.07575935012975864,2020-04-28,Rosebud Victoria AUSTRALIA,Rosebud,Victoria,AUSTRALIA,-38.356,144.918
1671,2020-04-28|Ross Creek Queensland AUSTRALIA,0.6176303470168625,-0.41459009307585126,0.04415527413683371,0.004920479336525569,0.32359055715666346,0.1047108486809599,0.09756622398097327,2020-04-28,Ross Creek Queensland AUSTRALIA,Ross Creek,Queensland,AUSTRALIA,-26.0970062,152.7500251
1672,2020-04-28|Ross River Townsville Queensland AUSTRALIA,0.588707085260865,-0.43576593891830084,-0.009591287377312643,-0.01809759060047603,0.3231831022833108,0.10444731760146493,0.11426248159471733,2020-04-28,Ross River Townsville Queensland AUSTRALIA,Ross River,Queensland,AUSTRALIA,-19.4006854,146.7329811
1673,2020-04-28|Rothesay Bay Queensland AUSTRALIA,0.6248198803899102,-0.3828663416937008,0.045047424719056546,0.006396086853113379,0.324475747673155,0.10528451082805294,0.09783311896380813,2020-04-28,Rothesay Bay Queensland AUSTRALIA,Rothesay Bay,Queensland,AUSTRALIA,-27.6733333,153.37444440000002
1674,2020-04-28|Rottnest Island Western Australia AUSTRALIA,0.2844246085761531,-0.19464672001430683,-0.010270934979858318,-0.0735942486751585,0.17367738356029125,0.030163833560348522,0.046417233222423915,2020-04-28,Rottnest Island Western Australia AUSTRALIA,Rottnest Island,Western Australia,AUSTRALIA,-32.0063677,115.5073002
1675,2020-04-28|Rubbish Dump Creek Mackay Queensland AUSTRALIA,1.695347045713001,-0.8714368237151814,0.2899776609874377,0.30487645847665856,0.8587967102852953,0.7375317895968454,0.2589369508370795,2020-04-28,Rubbish Dump Creek Mackay Queensland AUSTRALIA,Rubbish Dump Creek,Queensland,AUSTRALIA,-21.1424956,149.1821469
1676,2020-04-28|Rudder Reef Queensland AUSTRALIA,0.4574769332777439,-0.40931543187790864,-0.0561859351323575,-0.10596505811998462,0.3155770112819773,0.09958885004966521,0.1192768987630195,2020-04-28,Rudder Reef Queensland AUSTRALIA,Rudder Reef,Queensland,AUSTRALIA,-16.1906218,145.6990989
1677,2020-04-28|Russel Island Frankland Group Queensland AUSTRALIA,0.48514324683062254,-0.4153117003627515,0.010641559046621087,0.0030337659820036033,0.3377500124686572,0.1140750709225781,0.1125833374895524,2020-04-28,Russel Island Frankland Group Queensland AUSTRALIA,Russel Island,Queensland,AUSTRALIA,-17.2291545,146.09400219999998
1678,2020-04-28|Ryde Sydney Estuary New South Wales AUSTRALIA,0.5661010475920871,-0.4276424683502256,0.04092224767907187,0.04995177983953535,0.30386566934778764,0.09233434500817901,0.0877184629977155,2020-04-28,Ryde Sydney Estuary New South Wales AUSTRALIA,Ryde,New South Wales,AUSTRALIA,-33.815746600000004,151.1030164
1679,2020-04-28|Safety Cove Tasmania AUSTRALIA,0.36553141333959505,-0.371903780234532,0.05095362873435172,0.09215711261144817,0.21507050640104022,0.04625532272359988,0.05964982605145821,2020-04-28,Safety Cove Tasmania AUSTRALIA,Safety Cove,Tasmania,AUSTRALIA,-43.1625907,147.8547571
1680,2020-04-28|Sailor Bay Middle Harbour Sydney New South Wales AUSTRALIA,0.5661010475920871,-0.4276424683502256,0.04092224767907187,0.04995177983953535,0.30386566934778764,0.09233434500817901,0.0877184629977155,2020-04-28,Sailor Bay Middle Harbour Sydney New South Wales AUSTRALIA,Sailor Bay,New South Wales,AUSTRALIA,-33.8035561,151.2270015
1681,2020-04-28|Saltwater Beach New South Wales AUSTRALIA,0.6035365773067177,-0.4109918961891729,0.04937569896756668,0.05868164223870376,0.3149082125637761,0.09916718234011239,0.09090617064686002,2020-04-28,Saltwater Beach New South Wales AUSTRALIA,Saltwater Beach,New South Wales,AUSTRALIA,-32.010831800000005,152.5628989
1682,2020-04-28|Sams Creek area Westerm Australia AUSTRALIA,1.914573671827112,-1.6892844300420027,0.3624822888968574,0.5439667816867634,1.2237195771554783,1.4974896035135825,0.3869741081149464,2020-04-28,Sams Creek area Westerm Australia AUSTRALIA,Sam's Creek area,Western Australia,AUSTRALIA,-20.6223242,117.1836798
1683,2020-04-28|Samurai Beach New South Wales AUSTRALIA,0.585256962339604,-0.42083682453153953,0.04616712004573753,0.05601202890920176,0.31020302068242234,0.09622591404049934,0.0895478987472158,2020-04-28,Samurai Beach New South Wales AUSTRALIA,Samurai Beach,New South Wales,AUSTRALIA,-32.7673021,152.1244595
1684,2020-04-28|Sandbar Beach New South Wales AUSTRALIA,0.5975223115008164,-0.4150946687309307,0.048743111148564805,0.058380950321346714,0.3127879462466066,0.09783629931717007,0.09029410248237427,2020-04-28,Sandbar Beach New South Wales AUSTRALIA,Sandbar Beach,New South Wales,AUSTRALIA,-32.387195,152.5226878
1685,2020-04-28|Sandgate Jetty Brisbane Queensland AUSTRALIA,0.7093577784973824,-0.6311073846040318,-0.012603126708026621,0.027728944698721482,0.42749053182758173,0.18274815480222867,0.12340588681333531,2020-04-28,Sandgate Jetty Brisbane Queensland AUSTRALIA,Sandgate Jetty,Queensland,AUSTRALIA,-27.322671000000003,153.0844173
1686,2020-04-28|Sandon New South Wales AUSTRALIA,0.6156328221619694,-0.3782064506028677,0.04105309786259705,0.005241169879901531,0.3287770936825835,0.10809437733036631,0.09913002358260511,2020-04-28,Sandon New South Wales AUSTRALIA,Sandon,New South Wales,AUSTRALIA,-29.689362699999997,153.3130678
1687,2020-04-28|Sandringham Victoria AUSTRALIA,0.3683914774021649,-0.44036827696772685,0.02078173869155335,0.05084774263119079,0.2771954176872807,0.07683729958682599,0.0835775630976868,2020-04-28,Sandringham Victoria AUSTRALIA,Sandringham,Victoria,AUSTRALIA,-37.9525,145.012311
1688,2020-04-28|Scarborough Beach Perth Western Australia AUSTRALIA,0.2865150831103259,-0.19483797243731701,-0.01233403318467136,-0.07791124327183671,0.1740104130084168,0.030279623835359794,0.04650623908632336,2020-04-28,Scarborough Beach Perth Western Australia AUSTRALIA,Scarborough Beach,Western Australia,AUSTRALIA,-31.893518100000005,115.7548947
1689,2020-04-28|Scarborough Western Australia AUSTRALIA,0.2865150831103259,-0.19483797243731701,-0.01233403318467136,-0.07791124327183671,0.1740104130084168,0.030279623835359794,0.04650623908632336,2020-04-28,Scarborough Western Australia AUSTRALIA,Scarborough,Western Australia,AUSTRALIA,-31.8980316,115.7715973
1690,2020-04-28|Schnapper Rock Kirton Point South Australia AUSTRALIA,0.660266593982899,-0.44917180717279387,0.06677655669772038,0.01648219425019667,0.38377263426521047,0.14728143481085898,0.10643937776639267,2020-04-28,Schnapper Rock Kirton Point South Australia AUSTRALIA,Schnapper Rock,South Australia,AUSTRALIA,-34.7207199,135.87936000000002
1691,2020-04-28|Scotts Head New South Wales AUSTRALIA,0.6069148658136654,-0.3841226183935699,0.0388561211387191,0.006903320956128547,0.32555918437227843,0.10598878252914319,0.09815978741972572,2020-04-28,Scotts Head New South Wales AUSTRALIA,Scotts Head,New South Wales,AUSTRALIA,-30.7492859,152.9941554
1692,2020-04-28|Scotts Point Beach Queensland AUSTRALIA,0.7093618554984193,-0.6311086266190984,-0.012601926065311075,0.0277293476978061,0.4274927773157076,0.1827500746570972,0.12340653502992227,2020-04-28,Scotts Point Beach Queensland AUSTRALIA,Scotts Point Beach,Queensland,AUSTRALIA,-27.2521951,153.10984
1693,2020-04-28|Scott’s Point Redcliffe Peninsula Queensland AUSTRALIA,0.7093577784973824,-0.6311073846040318,-0.012603126708026621,0.027728944698721482,0.42749053182758173,0.18274815480222867,0.12340588681333531,2020-04-28,Scott’s Point Redcliffe Peninsula Queensland AUSTRALIA,Scott’s Point,Queensland,AUSTRALIA,-27.2521951,153.10984
1694,2020-04-28|SeaWorld Theme Park Queensland AUSTRALIA,0.6249669551073515,-0.38166601027316277,0.04633472661613222,0.007532576952720273,0.3253416316477335,0.1058471772832095,0.09809419280523163,2020-04-28,SeaWorld Theme Park Queensland AUSTRALIA,SeaWorld Theme Park,Queensland,AUSTRALIA,-27.9572417,153.42551609999998
1695,2020-04-28|Seaforth River near MacKay Queensland AUSTRALIA,1.6953467394525898,-0.8714354201311949,0.289971650552481,0.3048695340920113,0.8587956690234873,0.7375300011334991,0.2589366368848317,2020-04-28,Seaforth River near MacKay Queensland AUSTRALIA,Seaforth River,Queensland,AUSTRALIA,-21.1389425,149.182769
1696,2020-04-28|Seaholme Victoria AUSTRALIA,0.3624653568334048,-0.4338292599096047,0.03248645855404082,0.1133956508450806,0.2869710490225197,0.08235238297708539,0.09074821374389988,2020-04-28,Seaholme Victoria AUSTRALIA,Seaholme,Victoria,AUSTRALIA,-37.868,144.841
1697,2020-04-28|Seal Rocks New South Wales AUSTRALIA,0.5945469585068801,-0.4158684875662257,0.04826001859072332,0.05797577811231896,0.31183196809907016,0.0972391763285395,0.09001813536196449,2020-04-28,Seal Rocks New South Wales AUSTRALIA,Seal Rocks,New South Wales,AUSTRALIA,-32.4353409,152.525707
1698,2020-04-28|Seal Rocks Phillip Island Victoria AUSTRALIA,1.1319989590665263,-1.0418710149491262,0.2342405296092388,0.35289243971735657,0.6951003430944935,0.4831644869700826,0.20065818509970354,2020-04-28,Seal Rocks Phillip Island Victoria AUSTRALIA,Seal Rocks,Victoria,AUSTRALIA,-38.5258967,145.09982109999999
1699,2020-04-28|Seal Rocks north of Newcastle New South Wales AUSTRALIA,0.5945354276004896,-0.4158698806824667,0.04825507419501052,0.05797436415720977,0.311826965793334,0.09723605659587711,0.09001669132068281,2020-04-28,Seal Rocks north of Newcastle New South Wales AUSTRALIA,Seal Rocks,New South Wales,AUSTRALIA,-32.4353409,152.525707
1700,2020-04-28|Seaspray near Sale New South Wales AUSTRALIA,0.27608144279106384,-0.38700336031287946,0.022442536322610115,0.1196437154655893,0.23582355069092648,0.05561274706047597,0.07860785023030882,2020-04-28,Seaspray near Sale New South Wales AUSTRALIA,Seaspray,New South Wales,AUSTRALIA,-38.293634499999996,147.14676930000002
1701,2020-04-28|Second Valley South Australia AUSTRALIA,0.8878288306902204,-0.5532438059792792,0.1054204527082757,0.1474310006439904,0.4674281711970832,0.21848909522864973,0.14093489639115764,2020-04-28,Second Valley South Australia AUSTRALIA,Second Valley,South Australia,AUSTRALIA,-35.5367772,138.2322002
1702,2020-04-28|Semaphore South Australia AUSTRALIA,1.1968980283453399,-0.7730496464084713,0.15308557291437036,0.13095502774856452,0.6622168040713649,0.43853109559449244,0.19966587899754668,2020-04-28,Semaphore South Australia AUSTRALIA,Semaphore,South Australia,AUSTRALIA,-34.838889,138.48388899999998
1703,2020-04-28|Seven Mile Beach Byron Bay New South Wales AUSTRALIA,0.6208218675524478,-0.3800058457431757,0.044185720890570615,0.003679477494715095,0.3267927370769699,0.10679349300625755,0.09853171755432477,2020-04-28,Seven Mile Beach Byron Bay New South Wales AUSTRALIA,Seven Mile Beach,New South Wales,AUSTRALIA,-28.7186968,153.6118865
1704,2020-04-28|Seven Mile Beach Gerroa New South Wales AUSTRALIA,0.5517433902212731,-0.43595575738547604,0.03500968376368167,0.04266965081012029,0.3003252165196814,0.09019523567759352,0.08669642230103536,2020-04-28,Seven Mile Beach Gerroa New South Wales AUSTRALIA,Seven Mile Beach,New South Wales,AUSTRALIA,-34.7699,150.813133
1705,2020-04-28|Seven Shillings Beach Middle Harbor Sydney Estuary New South Wales AUSTRALIA,0.5645303826772281,-0.4280223910219448,0.040524788580224,0.04948852160195839,0.303421175305584,0.09206440962382194,0.08759014862025578,2020-04-28,Seven Shillings Beach Middle Harbor Sydney Estuary New South Wales AUSTRALIA,Seven Shillings Beach,New South Wales,AUSTRALIA,-33.871820299999996,151.24781399999998
1706,2020-04-28|Shark Bay Western Australia AUSTRALIA,0.47340430550335955,-0.3974215306238075,0.03250028382890252,-0.004671361706710852,0.25629960308554434,0.06568948654180758,0.0710847200619999,2020-04-28,Shark Bay Western Australia AUSTRALIA,Shark Bay,Western Australia,AUSTRALIA,-25.7834193,113.2987712
1707,2020-04-28|Sharks Bay Western Australia AUSTRALIA,0.47340287646220086,-0.3974202411365595,0.03250014787249016,-0.004669964425524154,0.25629846889022717,0.06568890515547475,0.0710844054928174,2020-04-28,Sharks Bay Western Australia AUSTRALIA,Sharks Bay,Western Australia,AUSTRALIA,-25.7834193,113.2987712
1708,2020-04-28|Sharpes Beach Ballina New South Wales AUSTRALIA,0.6212108192696859,-0.37720206635715403,0.04243114392811454,0.003957993631659709,0.32756699240770465,0.10730013451502925,0.09876516432014112,2020-04-28,Sharpes Beach Ballina New South Wales AUSTRALIA,Sharpes Beach,New South Wales,AUSTRALIA,-28.8338657,153.60514990000001
1709,2020-04-28|Shellharbour New South Wales AUSTRALIA,0.5530939227361327,-0.43486610894743555,0.03570180016435736,0.04350810438420942,0.3005803080687438,0.09034852159870094,0.08677006088829495,2020-04-28,Shellharbour New South Wales AUSTRALIA,Shellharbour,New South Wales,AUSTRALIA,-34.583333,150.866667
1710,2020-04-28|Shelly Beach Ballina New South Wales AUSTRALIA,0.6212373178450636,-0.37671372044903206,0.04241553998473262,0.004167513226321266,0.3278496015826516,0.1074853612579034,0.09885037419246938,2020-04-28,Shelly Beach Ballina New South Wales AUSTRALIA,Shelly Beach,New South Wales,AUSTRALIA,-28.863228499999998,153.59435119999998
1711,2020-04-28|Shelly Beach Crescent Head New South Wales AUSTRALIA,0.575059422908537,-0.42661609265887096,0.04385614370636839,0.05360225027067571,0.3067961057279591,0.09412385048984108,0.08856440711418305,2020-04-28,Shelly Beach Crescent Head New South Wales AUSTRALIA,Shelly Beach,New South Wales,AUSTRALIA,-33.3699595,151.4858695
1712,2020-04-28|Shelly Beach New South Wales AUSTRALIA,0.575059422908537,-0.42661609265887096,0.04385614370636839,0.05360225027067571,0.3067961057279591,0.09412385048984108,0.08856440711418305,2020-04-28,Shelly Beach New South Wales AUSTRALIA,Shelly Beach,New South Wales,AUSTRALIA,-33.3699595,151.4858695
1713,2020-04-28|Shelly Beach near Port Macquarie New South Wales AUSTRALIA,0.6079172266582896,-0.3966637275688113,0.0380570414198875,0.016388088354849853,0.3264133750278707,0.10654569139708536,0.09841733559281911,2020-04-28,Shelly Beach near Port Macquarie New South Wales AUSTRALIA,Shelly Beach,New South Wales,AUSTRALIA,-31.454032399999996,152.93144080000002
1714,2020-04-28|Shelly Point Tasmania AUSTRALIA,0.43397429680276867,-0.4467001763371501,0.03248963236000756,0.07739283180012602,0.26285553742740736,0.06909303355625114,0.0758798576458487,2020-04-28,Shelly Point Tasmania AUSTRALIA,Shelly Point,Tasmania,AUSTRALIA,-41.43509279999999,148.2769946
1715,2020-04-28|Ships Graveyard off Point Lonsdale Victoria AUSTRALIA,1.0880068927838635,-0.9209155977771327,0.13438727671876716,0.22949433879906925,0.6343785647145264,0.4024361633692626,0.18312931755303014,2020-04-28,Ships Graveyard off Point Lonsdale Victoria AUSTRALIA,Ship's Graveyard off Point Lonsdale,Victoria,AUSTRALIA,-38.283333,144.6
1716,2020-04-28|Shipwreck Cove Melbourne Aquarium Victoria AUSTRALIA,0.36457468782997565,-0.43617613418927387,0.031732210893491944,0.1123181468209559,0.2886668704221663,0.08332856207932776,0.09128447955667368,2020-04-28,Shipwreck Cove Melbourne Aquarium Victoria AUSTRALIA,Shipwreck Cove,Victoria,AUSTRALIA,-37.820629499999995,144.95821750000002
1717,2020-04-28|Shoalhaven New South Wales AUSTRALIA,0.535527337281024,-0.44020955752493834,0.029613863582882524,0.03615043502577678,0.2956112072679876,0.08738598586243715,0.08533560504582145,2020-04-28,Shoalhaven New South Wales AUSTRALIA,Shoalhaven,New South Wales,AUSTRALIA,-35.081067700000006,150.48922919999998
1718,2020-04-28|Sirius Cove Sydney Harbor New South Wales AUSTRALIA,0.5661004900612292,-0.4276420629215034,0.04092244517085971,0.049952085800409315,0.3038655996972738,0.09233430267938382,0.08771844289134405,2020-04-28,Sirius Cove Sydney Harbor New South Wales AUSTRALIA,Sirius Cove,New South Wales,AUSTRALIA,-33.8375951,151.2402351
1719,2020-04-28|Smelting Works Bay near Hobart Tasmania AUSTRALIA,0.37323726754696507,-0.39657015060581435,0.05623183244872464,0.10382654219687794,0.23043031607026787,0.053098130564243555,0.06390987077020958,2020-04-28,Smelting Works Bay near Hobart Tasmania AUSTRALIA,Smelting Works Bay near Hobart,Tasmania,AUSTRALIA,-42.8821377,147.3271949
1720,2020-04-28|Smiths New South Wales AUSTRALIA,0.5702307336741925,-0.4281255261034794,0.04241639723551268,0.05189477599816259,0.3053924775889076,0.09326456536789142,0.08815921457222128,2020-04-28,Smiths New South Wales AUSTRALIA,Smiths,New South Wales,AUSTRALIA,-31.2532183,146.921099
1721,2020-04-28|Smokey Cape New South Wales AUSTRALIA,0.6060586945866261,-0.38568138120065326,0.038351219969824456,0.007589319753335846,0.32526850074794067,0.10579959757881308,0.0980721430093049,2020-04-28,Smokey Cape New South Wales AUSTRALIA,Smokey Cape,New South Wales,AUSTRALIA,-30.9237156,153.0888272
1722,2020-04-28|Smoky Bay near Ceduna on the Eyre Peninsula South Australia AUSTRALIA,0.7066774928734663,-0.6008585206924745,0.0736131216600216,0.1365108181691857,0.4227468881346822,0.1787149314275575,0.12746298265755346,2020-04-28,Smoky Bay near Ceduna on the Eyre Peninsula South Australia AUSTRALIA,Smoky Bay,South Australia,AUSTRALIA,-32.37340089999999,133.93568009999998
1723,2020-04-28|Snapper Point Aldinga Beach Adelaide South Australia AUSTRALIA,1.02465552498209,-0.6299498558656103,0.13773680201708502,0.1604045547100695,0.5453858875546311,0.29744576634375275,0.16444003227033382,2020-04-28,Snapper Point Aldinga Beach Adelaide South Australia AUSTRALIA,Snapper Point,South Australia,AUSTRALIA,-35.2711799,138.44391000000002
1724,2020-04-28|Sorrento Back Beach Victoria AUSTRALIA,1.0739596759017298,-0.9290987369544114,0.12833360642347783,0.22511270282879203,0.6296420076680228,0.3964490578202185,0.1817619913101147,2020-04-28,Sorrento Back Beach Victoria AUSTRALIA,Sorrento Back Beach,Victoria,AUSTRALIA,-38.346817,144.72833219999998
1725,2020-04-28|South Broulee New South Wales AUSTRALIA,0.5272042018960926,-0.44468878451487576,0.026320466116541635,0.031955993184782455,0.29372834806999903,0.0862763424599305,0.08479207041341902,2020-04-28,South Broulee New South Wales AUSTRALIA,South Broulee,New South Wales,AUSTRALIA,-35.845428399999996,150.1694166
1726,2020-04-28|South Bruny Island Western Australia AUSTRALIA,0.302778530914665,-0.3926437120013572,0.0681826111871163,0.16582556169712143,0.2253332585633354,0.050775077414770955,0.06022284652781045,2020-04-28,South Bruny Island Western Australia AUSTRALIA,South Bruny Island,Western Australia,AUSTRALIA,-43.3937074,147.2679116
1727,2020-04-28|South Cape Bay Tasmania AUSTRALIA,0.2616363095914079,-0.37669531063370043,0.006417294692773398,0.0764191133011302,0.24004015471112794,0.05761927587374224,0.07590736187863614,2020-04-28,South Cape Bay Tasmania AUSTRALIA,South Cape Bay,Tasmania,AUSTRALIA,-43.63,146.79
1728,2020-04-28|South Coast New South Wales AUSTRALIA,0.5192904682163515,-0.44457399334804004,0.02259193763967993,0.02674230823838456,0.29033730326975904,0.08429574966995604,0.0838131600992927,2020-04-28,South Coast New South Wales AUSTRALIA,South Coast,New South Wales,AUSTRALIA,-36.6806101,149.65644939999999
1729,2020-04-28|South Cronulla New South Wales AUSTRALIA,0.5588325928842136,-0.4302321732400484,0.0378856058731879,0.04611700171949217,0.30198000381404094,0.09119192270352819,0.08717411824596039,2020-04-28,South Cronulla New South Wales AUSTRALIA,South Cronulla,New South Wales,AUSTRALIA,-34.05744,151.15219
1730,2020-04-28|South Golden Beach New South Wales AUSTRALIA,0.6186825878966346,-0.3792577632083241,0.045604990583818845,0.004919015410117535,0.3248145693296423,0.105504504448801,0.09793527753702767,2020-04-28,South Golden Beach New South Wales AUSTRALIA,South Golden Beach,New South Wales,AUSTRALIA,-28.4981216,153.54709450000001
1731,2020-04-28|South Head Sydney New South Wales AUSTRALIA,0.5661010475920871,-0.4276424683502256,0.04092224767907187,0.04995177983953535,0.30386566934778764,0.09233434500817901,0.0877184629977155,2020-04-28,South Head Sydney New South Wales AUSTRALIA,South Head,New South Wales,AUSTRALIA,-33.8332187,151.28042580000002
1732,2020-04-28|South Narrabeen Beach New South Wales AUSTRALIA,0.5689322201471368,-0.4279915995763686,0.041941604361686896,0.05127352037218408,0.30495572800972054,0.09299799604593866,0.08803313582866523,2020-04-28,South Narrabeen Beach New South Wales AUSTRALIA,South Narrabeen Beach,New South Wales,AUSTRALIA,-33.709542299999995,151.3033826
1733,2020-04-28|South Neptune Island South Australia AUSTRALIA,0.48907406884390064,-0.383916881904268,0.046236880767193934,0.008955525221033687,0.28522374061437106,0.08135258221005401,0.08233700171148957,2020-04-28,South Neptune Island South Australia AUSTRALIA,South Neptune Island,South Australia,AUSTRALIA,-35.3295695,136.11835280000003
1734,2020-04-28|South Passage south of Coral Bay Western Australia AUSTRALIA,0.5275617578360924,-0.41735017915354283,0.07589914180214465,0.09144244800137989,0.28024390805627303,0.0785366480026528,0.08449671752777405,2020-04-28,South Passage south of Coral Bay Western Australia AUSTRALIA,South Passage,Western Australia,AUSTRALIA,-23.143670800000002,113.77153590000002
1735,2020-04-28|South Perth Western Australia AUSTRALIA,0.2874665428483142,-0.1932428552000659,-0.013103435936540545,-0.08063389861694625,0.17451846825327477,0.03045669576146928,0.046642022562024224,2020-04-28,South Perth Western Australia AUSTRALIA,South Perth,Western Australia,AUSTRALIA,-31.9809515,115.86391680000001
1736,2020-04-28|South Point Gracetown Western Australia AUSTRALIA,0.30794091033444837,-0.22201253030999865,-0.002628165683093341,-0.05302565195514917,0.19633014025106835,0.038545523971004164,0.054452183661097185,2020-04-28,South Point Gracetown Western Australia AUSTRALIA,South Point,Western Australia,AUSTRALIA,-33.8638221,114.97694579999998
1737,2020-04-28|South Steyne Manly New South Wales AUSTRALIA,0.5661010475920871,-0.4276424683502256,0.04092224767907187,0.04995177983953535,0.30386566934778764,0.09233434500817901,0.0877184629977155,2020-04-28,South Steyne Manly New South Wales AUSTRALIA,South Steyne,New South Wales,AUSTRALIA,-33.7985672,151.2889614
1738,2020-04-28|South Stradbroke Island Queensland AUSTRALIA,0.6246287677965853,-0.3836353563176544,0.04571664937380857,0.0060404033675481705,0.32479624857528466,0.10549260308857811,0.09792975362174762,2020-04-28,South Stradbroke Island Queensland AUSTRALIA,South Stradbroke Island,Queensland,AUSTRALIA,-27.833508600000002,153.42132080000002
1739,2020-04-28|South Werribee Beach Victoria AUSTRALIA,0.3614856134842061,-0.43368738699066783,0.0316597692250173,0.11269670279853886,0.286915952798784,0.08232076397043406,0.09073079078815198,2020-04-28,South Werribee Beach Victoria AUSTRALIA,South Werribee Beach,Victoria,AUSTRALIA,-37.9736195,144.69639109999997
1740,2020-04-28|South West Rocks New South Wales AUSTRALIA,0.6064826254894248,-0.3845714022926691,0.03894556776171287,0.008367082608384226,0.3251765180195886,0.1057397678713438,0.09804440917320154,2020-04-28,South West Rocks New South Wales AUSTRALIA,South West Rocks,New South Wales,AUSTRALIA,-30.884166999999998,153.040278
1741,2020-04-28|South coast New South Wales AUSTRALIA,0.5192783968113065,-0.4445761560290795,0.02258699782195425,0.026741209434113285,0.2903325866808722,0.08429301088880617,0.08381179853736097,2020-04-28,South coast New South Wales AUSTRALIA,South coast,New South Wales,AUSTRALIA,-36.6806101,149.65644939999999
1742,2020-04-28|Southgates near Geraldton Western Australia AUSTRALIA,0.3213254723684942,-0.1841708125094481,0.052000782731466966,0.01539093461374936,0.1726403537987503,0.02980469175975768,0.04983697736935037,2020-04-28,Southgates near Geraldton Western Australia AUSTRALIA,Southgates,Western Australia,AUSTRALIA,-28.85,114.6338889
1743,2020-04-28|Southport Aquarium Queensland AUSTRALIA,0.6249669551073515,-0.38166601027316277,0.04633472661613222,0.007532576952720273,0.3253416316477335,0.1058471772832095,0.09809419280523163,2020-04-28,Southport Aquarium Queensland AUSTRALIA,Southport Aquarium,Queensland,AUSTRALIA,-27.9600602,153.42459219999998
1744,2020-04-28|Southport Bar Queensland AUSTRALIA,0.6249669551073515,-0.38166601027316277,0.04633472661613222,0.007532576952720273,0.3253416316477335,0.1058471772832095,0.09809419280523163,2020-04-28,Southport Bar Queensland AUSTRALIA,Southport Bar,Queensland,AUSTRALIA,-27.9674697,153.41637690000002
1745,2020-04-28|Southport Queensland AUSTRALIA,0.6251252065939077,-0.380880717864725,0.04666492468209755,0.008196522728287801,0.325597549889966,0.10601376449434889,0.09817135505854911,2020-04-28,Southport Queensland AUSTRALIA,Southport,Queensland,AUSTRALIA,-27.973794,153.4183144
1746,2020-04-28|Southport South Australia AUSTRALIA,1.0438979257791674,-0.6420736199272302,0.14211192970060627,0.16120126464929957,0.5571013488982582,0.31036191294425886,0.16797237677239965,2020-04-28,Southport South Australia AUSTRALIA,Southport,South Australia,AUSTRALIA,-35.1577032,138.46888719999998
1747,2020-04-28|St Crispin Reef Queensland AUSTRALIA,0.45635919123977775,-0.4092182482323484,-0.0545562607213736,-0.10191303666279039,0.3140290022519216,0.09861421425533738,0.11869180634576097,2020-04-28,St Crispin Reef Queensland AUSTRALIA,St. Crispin Reef,Queensland,AUSTRALIA,-16.1014387,145.83812460000001
1748,2020-04-28|St George’s River at Moorebank near Milperra Bridge New South Wales AUSTRALIA,0.5573037803981536,-0.43135325792724966,0.03703780839296519,0.04503053858181585,0.3016292377025105,0.09098019703699758,0.08707286079150303,2020-04-28,St George’s River at Moorebank near Milperra Bridge New South Wales AUSTRALIA,St. George’s River at Moorebank,New South Wales,AUSTRALIA,-34.0494645,150.8953368
1749,2020-04-28|St Helena Island Moreton Bay Queensland AUSTRALIA,0.7386353921182252,-0.5438128909244303,0.04475501228848862,0.11105143866387235,0.4229641512829847,0.17889867327053555,0.12752848996152535,2020-04-28,St Helena Island Moreton Bay Queensland AUSTRALIA,St. Helena Island,Queensland,AUSTRALIA,-27.3877599,153.23402119999997
1750,2020-04-28|Stevens Reef Queensland AUSTRALIA,1.295102752332718,-0.672457652855372,0.08193790450080157,0.0631944798975884,0.649456646355808,0.4217939354957331,0.1958185466877048,2020-04-28,Stevens Reef Queensland AUSTRALIA,Stevens Reef,Queensland,AUSTRALIA,-20.5833333,150.08333330000002
1751,2020-04-28|Stockton Beach New South Wales AUSTRALIA,0.5843270289854048,-0.42307365397692115,0.045976936795635914,0.05591085078554778,0.3102576662636569,0.09625981947537071,0.0895636735677337,2020-04-28,Stockton Beach New South Wales AUSTRALIA,Stockton Beach,New South Wales,AUSTRALIA,-32.8054122,151.9608991
1752,2020-04-28|Stockton Beach Newcastle New South Wales AUSTRALIA,0.584315755864898,-0.42307510393003406,0.04597205134975938,0.055909543792151066,0.31025269805727,0.09625673665181557,0.08956223937008627,2020-04-28,Stockton Beach Newcastle New South Wales AUSTRALIA,Stockton Beach,New South Wales,AUSTRALIA,-32.8054122,151.9608991
1753,2020-04-28|Stockton Bight New South Wales AUSTRALIA,0.584315755864898,-0.42307510393003406,0.04597205134975938,0.055909543792151066,0.31025269805727,0.09625673665181557,0.08956223937008627,2020-04-28,Stockton Bight New South Wales AUSTRALIA,Stockton Bight,New South Wales,AUSTRALIA,-32.8054122,151.9608991
1754,2020-04-28|Stradbroke Island Queensland AUSTRALIA,0.621355042395834,-0.3880353213435383,0.044270126428343624,0.0018148031511634392,0.3222497668788759,0.10384491225348987,0.09716196050152076,2020-04-28,Stradbroke Island Queensland AUSTRALIA,Stradbroke Island,Queensland,AUSTRALIA,-27.5323174,153.46260769999998
1755,2020-04-28|Strand Beach Kissing Point Townsville Queensland AUSTRALIA,0.588723815465737,-0.4357651541006123,-0.009587018856472701,-0.01810155952906481,0.32319041532348436,0.1044520445569663,0.11426506714486623,2020-04-28,Strand Beach Kissing Point Townsville Queensland AUSTRALIA,Strand Beach,Queensland,AUSTRALIA,-19.239290899999997,146.80543889999998
1756,2020-04-28|Stratham Beach Western Australia AUSTRALIA,0.3205023864616127,-0.1940854709081399,0.026281642236990768,-0.00578410603074514,0.18737527659482395,0.035109494278986776,0.0540905831907511,2020-04-28,Stratham Beach Western Australia AUSTRALIA,Stratham Beach,Western Australia,AUSTRALIA,-33.4665674,115.5602443
1757,2020-04-28|Streaky Bay South Australia AUSTRALIA,0.7110353125246508,-0.6170436188956296,0.06005220491774721,0.11406990599514288,0.42910213244443807,0.18412864006836405,0.12937916091450813,2020-04-28,Streaky Bay South Australia AUSTRALIA,Streaky Bay,South Australia,AUSTRALIA,-32.797222,134.21111100000002
1758,2020-04-28|Sugarloaf Bay Middle Harbor Sydney New South Wales AUSTRALIA,0.5661010475920871,-0.4276424683502256,0.04092224767907187,0.04995177983953535,0.30386566934778764,0.09233434500817901,0.0877184629977155,2020-04-28,Sugarloaf Bay Middle Harbor Sydney New South Wales AUSTRALIA,Sugarloaf Bay,New South Wales,AUSTRALIA,-33.7859956,151.2260866
1759,2020-04-28|Sugarloaf Bay Middle Harbour Sydney New South Wales AUSTRALIA,0.5661010475920871,-0.4276424683502256,0.04092224767907187,0.04995177983953535,0.30386566934778764,0.09233434500817901,0.0877184629977155,2020-04-28,Sugarloaf Bay Middle Harbour Sydney New South Wales AUSTRALIA,Sugarloaf Bay,New South Wales,AUSTRALIA,-33.7831723,151.2231308
1760,2020-04-28|Suicide Point Point Leo Victoria AUSTRALIA,1.0326433207325925,-0.9731914589220138,0.1827952404148715,0.27855264838134164,0.6361738230387264,0.4047171331197088,0.18364756399140103,2020-04-28,Suicide Point Point Leo Victoria AUSTRALIA,Suicide Point,Victoria,AUSTRALIA,-38.421,145.075
1761,2020-04-28|Sunshine Beach Queensland AUSTRALIA,0.6172040958706799,-0.41478989702527214,0.044134759156869034,0.005452640209588956,0.3241631286293975,0.10508173396279932,0.09773886077558418,2020-04-28,Sunshine Beach Queensland AUSTRALIA,Sunshine Beach,Queensland,AUSTRALIA,-26.406999999999996,153.105
1762,2020-04-28|Surf Beach Batemans Bay New South Wales AUSTRALIA,0.5295924948669413,-0.4433375010036314,0.027592350439797835,0.03356682583479763,0.2941868489960131,0.08654590212220303,0.08492442822994799,2020-04-28,Surf Beach Batemans Bay New South Wales AUSTRALIA,Surf Beach,New South Wales,AUSTRALIA,-35.7600051,150.2052861
1763,2020-04-28|Surf Beach Kiama New South Wales AUSTRALIA,0.5525266881651851,-0.43552648876271555,0.03542334129253736,0.043183300908757244,0.30053223497593856,0.09031962425963273,0.086756183381759,2020-04-28,Surf Beach Kiama New South Wales AUSTRALIA,Surf Beach,New South Wales,AUSTRALIA,-34.6816667,150.8511111
1764,2020-04-28|Surfers Paradise Beach near Victor Harbour South Australia AUSTRALIA,0.6251252065939077,-0.380880717864725,0.04666492468209755,0.008196522728287801,0.325597549889966,0.10601376449434889,0.09817135505854911,2020-04-28,Surfers Paradise Beach near Victor Harbour South Australia AUSTRALIA,Surfers Paradise Beach near Victor Harbour,South Australia,AUSTRALIA,-28.0,153.416667
1765,2020-04-28|Surfers Paradise Northcliffe Queensland AUSTRALIA,0.6251252065939077,-0.380880717864725,0.04666492468209755,0.008196522728287801,0.325597549889966,0.10601376449434889,0.09817135505854911,2020-04-28,Surfers Paradise Northcliffe Queensland AUSTRALIA,Surfer's Paradise,Queensland,AUSTRALIA,-28.006491999999998,153.43112019999998
1766,2020-04-28|Surfers Paradise Queensland AUSTRALIA,0.6251351437536317,-0.3808825223273033,0.04666908818136684,0.008194053752813853,0.3256019299911329,0.10601661681395062,0.09817267570874134,2020-04-28,Surfers Paradise Queensland AUSTRALIA,Surfer's Paradise,Queensland,AUSTRALIA,-28.0,153.416667
1767,2020-04-28|Surfers Paradise near Southport Queensland AUSTRALIA,0.6251252065939077,-0.380880717864725,0.04666492468209755,0.008196522728287801,0.325597549889966,0.10601376449434889,0.09817135505854911,2020-04-28,Surfers Paradise near Southport Queensland AUSTRALIA,Surfers Paradise,Queensland,AUSTRALIA,-28.0,153.416667
1768,2020-04-28|Surfers Point Phillip Island Victoria AUSTRALIA,1.1544965258334636,-1.066588734208128,0.23715578197127266,0.35401834692556355,0.7120444814377345,0.5070073435459321,0.20554953651653174,2020-04-28,Surfers Point Phillip Island Victoria AUSTRALIA,Surfers Point,Victoria,AUSTRALIA,-38.5092311,145.2817885
1769,2020-04-28|Surfers Point Prevelly Western Australia AUSTRALIA,0.3116578531243127,-0.22677038924602014,-0.00419409080258359,-0.05519551523560369,0.19962364174211888,0.03984959834238583,0.05536563662277409,2020-04-28,Surfers Point Prevelly Western Australia AUSTRALIA,Surfers Point,Western Australia,AUSTRALIA,-33.976738299999994,114.98598359999998
1770,2020-04-28|Swain Reef Queensland AUSTRALIA,0.7545269931607994,-0.5455579156494705,-0.015739816402773246,-0.0060802685072167606,0.37593260254212535,0.1413253216540956,0.10426494419878901,2020-04-28,Swain Reef Queensland AUSTRALIA,Swain Reef,Queensland,AUSTRALIA,-21.9813586,152.473207
1771,2020-04-28|Swan River 13 miles upstream Western Australia AUSTRALIA,0.2865150831103259,-0.19483797243731701,-0.01233403318467136,-0.07791124327183671,0.1740104130084168,0.030279623835359794,0.04650623908632336,2020-04-28,Swan River 13 miles upstream Western Australia AUSTRALIA,Swan River,Western Australia,AUSTRALIA,-31.8962877,115.95750179999999
1772,2020-04-28|Swan River Western Australia AUSTRALIA,0.2865150831103259,-0.19483797243731701,-0.01233403318467136,-0.07791124327183671,0.1740104130084168,0.030279623835359794,0.04650623908632336,2020-04-28,Swan River Western Australia AUSTRALIA,Swan River,Western Australia,AUSTRALIA,-31.8962877,115.95750179999999
1773,2020-04-28|Sweet Water Point Pitt Water Tasmania AUSTRALIA,1.2283274409734797,-1.0207772426320496,0.34848719448950605,0.5765392686305253,0.7934723135503773,0.6295983123709882,0.2392409041438031,2020-04-28,Sweet Water Point Pitt Water Tasmania AUSTRALIA,Sweet Water Point,Tasmania,AUSTRALIA,-41.4545196,145.9706647
1774,2020-04-28|Sydney Harbor New South Wales AUSTRALIA,0.5661010475920871,-0.4276424683502256,0.04092224767907187,0.04995177983953535,0.30386566934778764,0.09233434500817901,0.0877184629977155,2020-04-28,Sydney Harbor New South Wales AUSTRALIA,Sydney Harbor,New South Wales,AUSTRALIA,-33.8436313,151.23731
1775,2020-04-28|Sydney Harbour New South Wales AUSTRALIA,0.5645309413956895,-0.428022798655657,0.040524592846594105,0.04948821789973501,0.3034212452701256,0.09206445208127373,0.08759016881727924,2020-04-28,Sydney Harbour New South Wales AUSTRALIA,Sydney Harbour,New South Wales,AUSTRALIA,-33.8462182,151.2488616
1776,2020-04-28|Sydney New South Wales AUSTRALIA,0.5645309413956895,-0.428022798655657,0.040524592846594105,0.04948821789973501,0.3034212452701256,0.09206445208127373,0.08759016881727924,2020-04-28,Sydney New South Wales AUSTRALIA,Sydney,New South Wales,AUSTRALIA,-33.8688197,151.2092955
1777,2020-04-28|Sykes Reef Great Barrier Reef Queensland AUSTRALIA,0.7288591192096934,-0.5956168300205971,-0.0023334740756514416,-0.03220694016313806,0.40866765511953623,0.16700925234090022,0.12321793418053316,2020-04-28,Sykes Reef Great Barrier Reef Queensland AUSTRALIA,Sykes Reef,Queensland,AUSTRALIA,-23.439513899999998,152.0395475
1778,2020-04-28|Tabourie Beach New South Wales AUSTRALIA,0.5338682488485993,-0.44074073259402974,0.029008785212359774,0.03533540318036441,0.2952451158924955,0.08716967845837312,0.08522992356872727,2020-04-28,Tabourie Beach New South Wales AUSTRALIA,Tabourie Beach,New South Wales,AUSTRALIA,-35.417259200000004,150.4200146
1779,2020-04-28|Tallebudgera Queensland AUSTRALIA,0.6253049385251944,-0.3787750692008072,0.047175073644680536,0.009839650925797529,0.32597104401622645,0.10625712153702863,0.0982839677747498,2020-04-28,Tallebudgera Queensland AUSTRALIA,Tallebudgera,Queensland,AUSTRALIA,-28.148889,153.418056
1780,2020-04-28|Tallow Beach Byron Bay New South Wales AUSTRALIA,0.6199164267204953,-0.3801322223400244,0.04525958610107136,0.00429137189649079,0.32595568472746256,0.10624710840614895,0.09827933677494285,2020-04-28,Tallow Beach Byron Bay New South Wales AUSTRALIA,Tallow Beach,New South Wales,AUSTRALIA,-28.6524251,153.62793369999997
1781,2020-04-28|Taree Old Bar Beach New South Wales AUSTRALIA,0.6044696070972838,-0.41248261862548935,0.04926575042835993,0.05852518874760608,0.31550800156204545,0.09954529904967567,0.09107931481666391,2020-04-28,Taree Old Bar Beach New South Wales AUSTRALIA,Taree,New South Wales,AUSTRALIA,-31.966666999999998,152.583333
1782,2020-04-28|Target Beach New South Wales AUSTRALIA,0.5422228348188898,-0.43782454328129017,0.03213848807786167,0.039210761763092294,0.2971770366652974,0.0883141911211675,0.08578762105784236,2020-04-28,Target Beach New South Wales AUSTRALIA,Target Beach,New South Wales,AUSTRALIA,-35.0712278,150.78299619999999
1783,2020-04-28|Taronga Wharf Athol Bay Sydney Harbor New South Wales AUSTRALIA,0.5645309413956895,-0.428022798655657,0.040524592846594105,0.04948821789973501,0.3034212452701256,0.09206445208127373,0.08759016881727924,2020-04-28,Taronga Wharf Athol Bay Sydney Harbor New South Wales AUSTRALIA,Taronga Wharf,New South Wales,AUSTRALIA,-33.845791,151.239746
1784,2020-04-28|Taroona Tasmania AUSTRALIA,0.37323726754696507,-0.39657015060581435,0.05623183244872464,0.10382654219687794,0.23043031607026787,0.053098130564243555,0.06390987077020958,2020-04-28,Taroona Tasmania AUSTRALIA,Taroona,Tasmania,AUSTRALIA,-42.948056,147.34888899999999
1785,2020-04-28|Tasman Island Tasmania AUSTRALIA,0.36310827192480943,-0.3581704325688155,0.05076252226747014,0.087532813591368,0.21428568865167213,0.04591835636092137,0.06185895001326362,2020-04-28,Tasman Island Tasmania AUSTRALIA,Tasman Island,Tasmania,AUSTRALIA,-43.238162700000004,148.00239390000002
1786,2020-04-28|Tathra New South Wales AUSTRALIA,0.5192783968113065,-0.4445761560290795,0.02258699782195425,0.026741209434113285,0.2903325866808722,0.08429301088880617,0.08381179853736097,2020-04-28,Tathra New South Wales AUSTRALIA,Tathra,New South Wales,AUSTRALIA,-36.7360215,149.9674229
1787,2020-04-28|Tea Gardens north of Newcastle New South Wales AUSTRALIA,0.5861743016924922,-0.42033145995618804,0.046380731499063854,0.05622622128788031,0.3104056356752165,0.09635165865893525,0.08960638865753158,2020-04-28,Tea Gardens north of Newcastle New South Wales AUSTRALIA,Tea Gardens,New South Wales,AUSTRALIA,-32.659597,152.15239259999998
1788,2020-04-28|Tenth Island King Island Tasmania AUSTRALIA,1.1579565783743822,-1.2530495209945218,0.19276015384892073,0.3179562346132348,0.8370889192714748,0.7007178587670857,0.2523918055806894,2020-04-28,Tenth Island King Island Tasmania AUSTRALIA,Tenth Island (King Island),Tasmania,AUSTRALIA,-40.94228579999999,146.98485580000002
1789,2020-04-28|Terrigal Beach New South Wales AUSTRALIA,0.575059422908537,-0.42661609265887096,0.04385614370636839,0.05360225027067571,0.3067961057279591,0.09412385048984108,0.08856440711418305,2020-04-28,Terrigal Beach New South Wales AUSTRALIA,Terrigal Beach,New South Wales,AUSTRALIA,-33.4461804,151.4447377
1790,2020-04-28|Tewantin Queensland AUSTRALIA,0.6177042491907586,-0.41480827918420105,0.04440183781826937,0.005699378665889657,0.32420365902904175,0.10510801252781916,0.09775108115087719,2020-04-28,Tewantin Queensland AUSTRALIA,Tewantin,Queensland,AUSTRALIA,-26.392,153.039
1791,2020-04-28|The Australian Shark and Ray Centre New South Wales AUSTRALIA,0.5848402101741461,-0.42216255827408833,0.045833940800280776,0.055626013567970214,0.3102643729178397,0.09626398110210031,0.0895656096120326,2020-04-28,The Australian Shark and Ray Centre New South Wales AUSTRALIA,The Australian Shark and Ray Centre,New South Wales,AUSTRALIA,-32.7706261,151.9986267
1792,2020-04-28|The Domain Sydney New South Wales AUSTRALIA,0.5645309413956895,-0.428022798655657,0.040524592846594105,0.04948821789973501,0.3034212452701256,0.09206445208127373,0.08759016881727924,2020-04-28,The Domain Sydney New South Wales AUSTRALIA,The Domain,New South Wales,AUSTRALIA,-33.871516299999996,151.214894
1793,2020-04-28|The Entrance near Gosford New South Wales AUSTRALIA,0.5768720173250395,-0.42602840544442944,0.04442539707970327,0.05428470869876276,0.3074086116209881,0.0945000544987435,0.0887412223352933,2020-04-28,The Entrance near Gosford New South Wales AUSTRALIA,The Entrance,New South Wales,AUSTRALIA,-33.347221999999995,151.496111
1794,2020-04-28|The Farm New South Wales AUSTRALIA,0.5568255237846678,-0.43208010528480595,0.03672290972626153,0.04466417941948008,0.3015789413536848,0.09094985786800924,0.08705834148623615,2020-04-28,The Farm New South Wales AUSTRALIA,The Farm,New South Wales,AUSTRALIA,-34.071999999999996,150.718
1795,2020-04-28|The Narrows Queensland AUSTRALIA,1.7895230452540396,-1.2765782921255482,0.09431693411518698,-0.1501504077645261,1.0822794075292914,1.171328715961954,0.2892513385525213,2020-04-28,The Narrows Queensland AUSTRALIA,The Narrows,Queensland,AUSTRALIA,-23.6139232,150.9541241
1796,2020-04-28|The Natural Jetty Rottnest Island Western Australia AUSTRALIA,0.2844246085761531,-0.19464672001430683,-0.010270934979858318,-0.0735942486751585,0.17367738356029125,0.030163833560348522,0.046417233222423915,2020-04-28,The Natural Jetty Rottnest Island Western Australia AUSTRALIA,The Natural Jetty,Western Australia,AUSTRALIA,-32.0063677,115.5073002
1797,2020-04-28|Thirroul New South Wales AUSTRALIA,0.5558140163732217,-0.4325175016650527,0.03642183344626965,0.044346317997329715,0.3013279224011865,0.09079851681861548,0.08698587855633785,2020-04-28,Thirroul New South Wales AUSTRALIA,Thirroul,New South Wales,AUSTRALIA,-34.314731200000004,150.9103729
1798,2020-04-28|Thirteenth Beach Victoria AUSTRALIA,1.06447239760903,-0.8854718958841227,0.14434001943961092,0.2363033778303887,0.610457721180859,0.37265862934932736,0.1762239648263272,2020-04-28,Thirteenth Beach Victoria AUSTRALIA,Thirteenth Beach,Victoria,AUSTRALIA,-38.2852436,144.4587149
1799,2020-04-28|Thistle Island South Australia AUSTRALIA,0.5587723668571832,-0.34783301812801304,0.07552129873871213,-0.009625696758693016,0.3044149484661685,0.09266846084966003,0.09178456042160509,2020-04-28,Thistle Island South Australia AUSTRALIA,Thistle Island,South Australia,AUSTRALIA,-35.038095299999995,136.1804618
1800,2020-04-28|Three Mile Creek Townsville Queensland AUSTRALIA,0.6050964909323695,-0.44823370925194134,-0.009605632182443077,-0.012609025927303378,0.331251496960714,0.10972755423871391,0.11711508988955795,2020-04-28,Three Mile Creek Townsville Queensland AUSTRALIA,Three Mile Creek,Queensland,AUSTRALIA,-19.208941,146.76842230000003
1801,2020-04-28|Three Stripes near Cheynes Beach Western Australia AUSTRALIA,0.3510898946734292,-0.18919043849383332,0.044450267452646464,-0.019940173376872816,0.21693798937288242,0.04706209123314884,0.06262460328094492,2020-04-28,Three Stripes near Cheynes Beach Western Australia AUSTRALIA,Three Stripes near Cheynes Beach,Western Australia,AUSTRALIA,-34.88414,118.404629
1802,2020-04-28|Throsby Creek Newcastle New South Wales AUSTRALIA,0.5840354030753874,-0.42379123132700325,0.04605707633881347,0.05609115452773849,0.31015348122247244,0.09619518191441857,0.08953359793694701,2020-04-28,Throsby Creek Newcastle New South Wales AUSTRALIA,Throsby Creek,New South Wales,AUSTRALIA,-32.9119099,151.7504482
1803,2020-04-28|Tingalpa Creek Queensland AUSTRALIA,0.9672815825117558,-0.6339028992251491,0.061288626626808264,0.06746969143761411,0.5171443265591626,0.26743825449232983,0.14928670807441016,2020-04-28,Tingalpa Creek Queensland AUSTRALIA,Tingalpa Creek,Queensland,AUSTRALIA,-27.502492999999998,153.188227
1804,2020-04-28|Tomaree New South Wales AUSTRALIA,0.6035365773067177,-0.4109918961891729,0.04937569896756668,0.05868164223870376,0.3149082125637761,0.09916718234011239,0.09090617064686002,2020-04-28,Tomaree New South Wales AUSTRALIA,Tomaree,New South Wales,AUSTRALIA,-31.8894897,152.4444453
1805,2020-04-28|Torres Strait Queensland AUSTRALIA,0.9445331926975327,-1.5728475139979614,0.143921660705933,0.39298342467450276,0.8333510281062068,0.6944739360456719,0.23112998940750468,2020-04-28,Torres Strait Queensland AUSTRALIA,Torres Strait,Queensland,AUSTRALIA,-10.2199025,141.93685449999998
1806,2020-04-28|Townsville Queensland AUSTRALIA,0.5887086044686087,-0.4357667240625685,-0.009592014753424333,-0.018093621680696077,0.32318396218432116,0.10444787341315673,0.1142627856156351,2020-04-28,Townsville Queensland AUSTRALIA,Townsville,Queensland,AUSTRALIA,-19.2589635,146.8169483
1807,2020-04-28|Triabunna Tasmania AUSTRALIA,0.37164167554540534,-0.4236530654771229,0.02376736375053194,0.0738230988909613,0.24460060824192872,0.0598294575523215,0.07061011350621188,2020-04-28,Triabunna Tasmania AUSTRALIA,Triabunna,Tasmania,AUSTRALIA,-42.5102424,147.92009960000001
1808,2020-04-28|Trial Bay New South Wales AUSTRALIA,0.6064826254894248,-0.3845714022926691,0.03894556776171287,0.008367082608384226,0.3251765180195886,0.1057397678713438,0.09804440917320154,2020-04-28,Trial Bay New South Wales AUSTRALIA,Trial Bay,New South Wales,AUSTRALIA,-30.879986,153.05760880000003
1809,2020-04-28|Trial Bay north of Kempsey New South Wales AUSTRALIA,0.6064931108504577,-0.38457059222077833,0.03894992865021721,0.008364124754873092,0.3251812559915494,0.1057428492482416,0.09804583772549802,2020-04-28,Trial Bay north of Kempsey New South Wales AUSTRALIA,Trial Bay,New South Wales,AUSTRALIA,-30.879986,153.05760880000003
1810,2020-04-28|Trigg Beach Perth Western Australia AUSTRALIA,0.2865090084716658,-0.19486160885462483,-0.012335225655708206,-0.07790977118098188,0.17400782393098674,0.03027872278919728,0.046505547126274,2020-04-28,Trigg Beach Perth Western Australia AUSTRALIA,Trigg Beach,Western Australia,AUSTRALIA,-31.8779189,115.7517755
1811,2020-04-28|Trigg Beach Western Australia AUSTRALIA,0.2865150831103259,-0.19483797243731701,-0.01233403318467136,-0.07791124327183671,0.1740104130084168,0.030279623835359794,0.04650623908632336,2020-04-28,Trigg Beach Western Australia AUSTRALIA,Trigg Beach,Western Australia,AUSTRALIA,-31.8779189,115.7517755
1812,2020-04-28|Trinity Beach 17 km northwast of Cairns Queensland AUSTRALIA,0.4630875178467899,-0.4479598147358865,-0.036969564610767065,-0.04942277212920393,0.3380658606313986,0.1142885261244482,0.10690581187402685,2020-04-28,Trinity Beach 17 km northwast of Cairns Queensland AUSTRALIA,Trinity Beach,Queensland,AUSTRALIA,-16.783333,145.7
1813,2020-04-28|Trinity Beach Cairns Queensland AUSTRALIA,0.4630875178467899,-0.4479598147358865,-0.036969564610767065,-0.04942277212920393,0.3380658606313986,0.1142885261244482,0.10690581187402685,2020-04-28,Trinity Beach Cairns Queensland AUSTRALIA,Trinity Beach,Queensland,AUSTRALIA,-16.783333,145.7
1814,2020-04-28|Tully North Queensland Queensland AUSTRALIA,0.578205956538918,-0.47915749041469097,0.008150658108945486,0.03389132768920236,0.37188219400432915,0.1382963662174735,0.11759947543142932,2020-04-28,Tully North Queensland Queensland AUSTRALIA,Tully,Queensland,AUSTRALIA,-17.9397555,145.9276864
1815,2020-04-28|Turners Beach New South Wales AUSTRALIA,0.6222250869959358,-0.3792034639467666,0.04151440661134144,0.007306722078023624,0.33128341035861286,0.10974869797883309,0.09988570649353239,2020-04-28,Turners Beach New South Wales AUSTRALIA,Turners' Beach,New South Wales,AUSTRALIA,-29.4304387,153.3629052
1816,2020-04-28|Turquoise Bay Western Australia AUSTRALIA,0.5575515771615539,-0.4475205921072667,0.0726262879869093,0.06229110656259579,0.3005209223856596,0.09031282479152763,0.09061046738224997,2020-04-28,Turquoise Bay Western Australia AUSTRALIA,Turquoise Bay,Western Australia,AUSTRALIA,-22.0963889,113.88944440000002
1817,2020-04-28|Tweed Heads New South Wales AUSTRALIA,0.6234027697973533,-0.3782641629140345,0.0471987737952042,0.00942071912652537,0.32541333887180884,0.10589384111569869,0.09811581334677852,2020-04-28,Tweed Heads New South Wales AUSTRALIA,Tweed Heads,New South Wales,AUSTRALIA,-28.178665600000002,153.5370011
1818,2020-04-28|Two Rocks near Three Mile Reef Western Australia AUSTRALIA,0.28522898114403467,-0.19610606219257132,-0.012143430442911782,-0.0762721748043132,0.17350972838242112,0.030105625843341557,0.0463724254913733,2020-04-28,Two Rocks near Three Mile Reef Western Australia AUSTRALIA,Two Rocks near Three Mile Reef,Western Australia,AUSTRALIA,-31.775555600000004,115.675
1819,2020-04-28|Tyrendarra Beach Victoria AUSTRALIA,0.43529263224464165,-0.3943712068391061,0.050651929754224376,0.054813926460815225,0.2635480233390942,0.06945756060594374,0.08334120265867523,2020-04-28,Tyrendarra Beach Victoria AUSTRALIA,Tyrendarra Beach,Victoria,AUSTRALIA,-38.216667,141.783333
1820,2020-04-28|Tyrendarra Beach near Portland Victoria AUSTRALIA,0.43529263224464165,-0.3943712068391061,0.050651929754224376,0.054813926460815225,0.2635480233390942,0.06945756060594374,0.08334120265867523,2020-04-28,Tyrendarra Beach near Portland Victoria AUSTRALIA,Tyrendarra Beach near Portland,Victoria,AUSTRALIA,-38.2507144,141.806322
1821,2020-04-28|Umina Beach New South Wales AUSTRALIA,0.5702307336741925,-0.4281255261034794,0.04241639723551268,0.05189477599816259,0.3053924775889076,0.09326456536789142,0.08815921457222128,2020-04-28,Umina Beach New South Wales AUSTRALIA,Umina Beach,New South Wales,AUSTRALIA,-33.528746000000005,151.307503
1822,2020-04-28|Urunga Belliger Heads New South Wales AUSTRALIA,0.6068602120201679,-0.3822043569091059,0.03868886074028235,0.005039627082395166,0.32554036980807993,0.10597653237478144,0.09815411461517659,2020-04-28,Urunga Belliger Heads New South Wales AUSTRALIA,Urunga,New South Wales,AUSTRALIA,-30.502025699999997,153.02505980000004
1823,2020-04-28|Urunga area New South Wales AUSTRALIA,0.6068602120201679,-0.3822043569091059,0.03868886074028235,0.005039627082395166,0.32554036980807993,0.10597653237478144,0.09815411461517659,2020-04-28,Urunga area New South Wales AUSTRALIA,Urunga area,New South Wales,AUSTRALIA,-30.5,153.01666699999998
1824,2020-04-28|Waitpinga Beach near Victor Harbor Encounter Bay South Australia AUSTRALIA,0.46919280236839206,-0.3898413604897269,0.04911957383872303,0.02010588417705361,0.27579220699461593,0.07606134143896107,0.07961435247437125,2020-04-28,Waitpinga Beach near Victor Harbor Encounter Bay South Australia AUSTRALIA,Waitpinga Beach,South Australia,AUSTRALIA,-35.604007700000004,138.5809998
1825,2020-04-28|Waitpinga South Australia AUSTRALIA,0.4691973382937601,-0.38984483852871676,0.04911966888649851,0.020105012887024036,0.2757947868295016,0.07606276444233023,0.0796150972085541,2020-04-28,Waitpinga South Australia AUSTRALIA,Waitpinga,South Australia,AUSTRALIA,-35.599651200000004,138.4955961
1826,2020-04-28|Wallabi Point New South Wales AUSTRALIA,0.6044696070972838,-0.41248261862548935,0.04926575042835993,0.05852518874760608,0.31550800156204545,0.09954529904967567,0.09107931481666391,2020-04-28,Wallabi Point New South Wales AUSTRALIA,Wallabi Point,New South Wales,AUSTRALIA,-31.992048600000004,152.5590443
1827,2020-04-28|Wallamba River near entrance to Wallis Lake New South Wales AUSTRALIA,0.6029612855315715,-0.41116570847372463,0.049542033118258146,0.05894508537756472,0.31458450177677133,0.09896340875813946,0.09081272339185162,2020-04-28,Wallamba River near entrance to Wallis Lake New South Wales AUSTRALIA,Wallamba River,New South Wales,AUSTRALIA,-32.098844,152.46986
1828,2020-04-28|Wamberal New South Wales AUSTRALIA,0.5750718535761827,-0.4266152981299331,0.04385768363652645,0.053602881995924175,0.3067981007546305,0.09412507462664839,0.08856498302877593,2020-04-28,Wamberal New South Wales AUSTRALIA,Wamberal,New South Wales,AUSTRALIA,-33.418,151.44299999999998
1829,2020-04-28|Wanda Beach New South Wales AUSTRALIA,0.5588325928842136,-0.4302321732400484,0.0378856058731879,0.04611700171949217,0.30198000381404094,0.09119192270352819,0.08717411824596039,2020-04-28,Wanda Beach New South Wales AUSTRALIA,Wanda Beach,New South Wales,AUSTRALIA,-34.0423701,151.16316919999997
1830,2020-04-28|Warra Beach Coral Bay Western Australia AUSTRALIA,0.5275667597735643,-0.4173320251434751,0.07590439760422685,0.0914491941410315,0.280239769993083,0.07853432868577606,0.08449546985477767,2020-04-28,Warra Beach Coral Bay Western Australia AUSTRALIA,Warra Beach,Western Australia,AUSTRALIA,-23.1438889,113.7688889
1831,2020-04-28|Warrnambool Victoria AUSTRALIA,0.4410543141998597,-0.4054723875343713,0.051354917158909524,0.054260308502016484,0.2558404487411606,0.06545433521207841,0.07713879769732573,2020-04-28,Warrnambool Victoria AUSTRALIA,Warrnambool,Victoria,AUSTRALIA,-38.3686779,142.4982086
1832,2020-04-28|Wategos Beach Byon Bay New South Wales AUSTRALIA,0.6199164267204953,-0.3801322223400244,0.04525958610107136,0.00429137189649079,0.32595568472746256,0.10624710840614895,0.09827933677494285,2020-04-28,Wategos Beach Byon Bay New South Wales AUSTRALIA,Wategos Beach,New South Wales,AUSTRALIA,-28.6364053,153.633824
1833,2020-04-28|Watermans Bay Western Australia AUSTRALIA,0.2865150831103259,-0.19483797243731701,-0.01233403318467136,-0.07791124327183671,0.1740104130084168,0.030279623835359794,0.04650623908632336,2020-04-28,Watermans Bay Western Australia AUSTRALIA,Waterman's Bay,Western Australia,AUSTRALIA,-31.849601300000003,115.75490520000001
1834,2020-04-28|Watson Taylors Lake 25 miles south of Port Macquarie New South Wales AUSTRALIA,0.6055936436491616,-0.40297357739743417,0.03650232135951624,0.016010181056091206,0.32658365138081696,0.10665688134922699,0.09846867584494573,2020-04-28,Watson Taylors Lake 25 miles south of Port Macquarie New South Wales AUSTRALIA,Watson Taylor's Lake,New South Wales,AUSTRALIA,-31.7016938,152.75884399999998
1835,2020-04-28|Wattamolla National Park New South Wales AUSTRALIA,0.5578740923929376,-0.43083543256262796,0.03742347036592944,0.04553286728749036,0.3017490608931399,0.09105249574989185,0.08710745076718555,2020-04-28,Wattamolla National Park New South Wales AUSTRALIA,Wattamolla National Park,New South Wales,AUSTRALIA,-34.0750773,151.0566579
1836,2020-04-28|Waverly Sydney New South Wales AUSTRALIA,0.5645303826772281,-0.4280223910219448,0.040524788580224,0.04948852160195839,0.303421175305584,0.09206440962382194,0.08759014862025578,2020-04-28,Waverly Sydney New South Wales AUSTRALIA,Waverly,New South Wales,AUSTRALIA,-33.899693,151.25542019999997
1837,2020-04-28|Wedge Island Western Australia AUSTRALIA,0.28361357165291035,-0.2036558154614327,0.008455015050709561,-0.044492342318710555,0.1820355098835329,0.033136926858557805,0.04700136654648657,2020-04-28,Wedge Island Western Australia AUSTRALIA,Wedge Island,Western Australia,AUSTRALIA,-30.8277891,115.1879896
1838,2020-04-28|Weipa Queensland AUSTRALIA,0.6837480449922131,-0.7783497305936795,0.06644691821032363,0.14174331141757066,0.40371823275417573,0.16298841145815482,0.10789823626857022,2020-04-28,Weipa Queensland AUSTRALIA,Weipa,Queensland,AUSTRALIA,-12.6492936,141.84699009999997
1839,2020-04-28|Wellington Point Brisbane Queensland AUSTRALIA,0.967273404858533,-0.6339020725215723,0.061287771300402805,0.06746937131002523,0.5171425692881207,0.26743643696991876,0.1492862007939556,2020-04-28,Wellington Point Brisbane Queensland AUSTRALIA,Wellington Point,Queensland,AUSTRALIA,-27.487,153.239
1840,2020-04-28|Wellington Point Queensland AUSTRALIA,0.967273404858533,-0.6339020725215723,0.061287771300402805,0.06746937131002523,0.5171425692881207,0.26743643696991876,0.1492862007939556,2020-04-28,Wellington Point Queensland AUSTRALIA,Wellington Point,Queensland,AUSTRALIA,-27.487,153.239
1841,2020-04-28|West Balmain Sydney New South Wales AUSTRALIA,0.5645303826772281,-0.4280223910219448,0.040524788580224,0.04948852160195839,0.303421175305584,0.09206440962382194,0.08759014862025578,2020-04-28,West Balmain Sydney New South Wales AUSTRALIA,West Balmain,New South Wales,AUSTRALIA,-33.85507570000001,151.16879409999999
1842,2020-04-28|West Beach Adelaide South Australia AUSTRALIA,1.1123712939419208,-0.6994876371776985,0.14746787317548077,0.14901514841895722,0.6031106907658255,0.3637425053160312,0.18184471530202784,2020-04-28,West Beach Adelaide South Australia AUSTRALIA,West Beach,South Australia,AUSTRALIA,-34.945278,138.50375
1843,2020-04-28|West Beach Brighton South Australia AUSTRALIA,1.1123712939419208,-0.6994876371776985,0.14746787317548077,0.14901514841895722,0.6031106907658255,0.3637425053160312,0.18184471530202784,2020-04-28,West Beach Brighton South Australia AUSTRALIA,West Beach,South Australia,AUSTRALIA,-35.019,138.52
1844,2020-04-28|West Beach near Adelaide South Australia AUSTRALIA,1.1123664800951363,-0.6994844360203409,0.1474678620160976,0.14901299509414417,0.603108548732547,0.36373992155427903,0.18184406945469395,2020-04-28,West Beach near Adelaide South Australia AUSTRALIA,West Beach,South Australia,AUSTRALIA,-34.945278,138.50375
1845,2020-04-28|Western Port Bay Victoria AUSTRALIA,0.5649222706474883,-0.5634100513930993,0.04609705969863306,0.07879941409533718,0.3332223675091908,0.11103714620843022,0.09619301179071787,2020-04-28,Western Port Bay Victoria AUSTRALIA,Western Port Bay,Victoria,AUSTRALIA,-38.3563059,145.2480193
1846,2020-04-28|Westernport Bay Victoria AUSTRALIA,0.5649222706474883,-0.5634100513930993,0.04609705969863306,0.07879941409533718,0.3332223675091908,0.11103714620843022,0.09619301179071787,2020-04-28,Westernport Bay Victoria AUSTRALIA,Westernport Bay,Victoria,AUSTRALIA,-38.3563059,145.2480193
1847,2020-04-28|Whale Bay King Island Bass Strait Tasmania AUSTRALIA,0.43625025156999186,-0.3259907970526609,0.07367481219273662,0.0644058501251081,0.22676650665743067,0.051423048541614544,0.06546185183092934,2020-04-28,Whale Bay King Island Bass Strait Tasmania AUSTRALIA,Whale Bay,Tasmania,AUSTRALIA,-39.8753477,143.9370759
1848,2020-04-28|Whale Beach New South Wales AUSTRALIA,0.5702307336741925,-0.4281255261034794,0.04241639723551268,0.05189477599816259,0.3053924775889076,0.09326456536789142,0.08815921457222128,2020-04-28,Whale Beach New South Wales AUSTRALIA,Whale Beach,New South Wales,AUSTRALIA,-33.6131448,151.3304989
1849,2020-04-28|Wharton Beach Western Australia AUSTRALIA,0.41256810835501545,-0.23992292141498653,0.05854945205788408,-0.051427052756342746,0.23777759145791388,0.0565381829995266,0.07169264131093778,2020-04-28,Wharton Beach Western Australia AUSTRALIA,Wharton Beach,Western Australia,AUSTRALIA,-33.9385415,122.54341470000001
1850,2020-04-28|White Bay near Bald Rock Jetty Sydney Harbor New South Wales AUSTRALIA,0.5645309413956895,-0.428022798655657,0.040524592846594105,0.04948821789973501,0.3034212452701256,0.09206445208127373,0.08759016881727924,2020-04-28,White Bay near Bald Rock Jetty Sydney Harbor New South Wales AUSTRALIA,White Bay,New South Wales,AUSTRALIA,-33.863594899999995,151.1851115
1851,2020-04-28|White Cliffs Queensland AUSTRALIA,1.2403768892126175,-1.0838415621647652,0.11318842395728287,0.14806483076103627,0.7511559291056985,0.5642352298306451,0.20833317063533763,2020-04-28,White Cliffs Queensland AUSTRALIA,White Cliffs,Queensland,AUSTRALIA,-31.020400199999997,143.0403618
1852,2020-04-28|Whitehaven Beach Whitsundays Island Queensland AUSTRALIA,1.1034291802302474,-0.624788243917425,0.09760588119554821,-0.06864607057546307,0.6028610700368643,0.363441469765993,0.18176945182040427,2020-04-28,Whitehaven Beach Whitsundays Island Queensland AUSTRALIA,Whitehaven Beach,Queensland,AUSTRALIA,-20.282432399999998,149.03885400000001
1853,2020-04-28|Whitsunday Passage Queensland AUSTRALIA,1.219159009582495,-0.703688760292568,0.11670694234046364,0.017250840902342343,0.634002138820363,0.40195871202879485,0.18302065275736756,2020-04-28,Whitsunday Passage Queensland AUSTRALIA,Whitsunday Passage,Queensland,AUSTRALIA,-20.3518817,148.9572514
1854,2020-04-28|Wilsons Promontory Waratah Bay Victoria AUSTRALIA,0.7559841438397067,-0.633232487354583,0.12185198905413425,0.13757197904391746,0.4157020512410256,0.1728081954059963,0.12533888441341604,2020-04-28,Wilsons Promontory Waratah Bay Victoria AUSTRALIA,Wilson's Promontory,Victoria,AUSTRALIA,-38.9333333,146.3666667
1855,2020-04-28|Windang Beach New South Wales AUSTRALIA,0.5542836202392497,-0.4338770423259863,0.03598846825618043,0.04382329680603942,0.30091412820281466,0.09054931255205996,0.0868664264604283,2020-04-28,Windang Beach New South Wales AUSTRALIA,Windang Beach,New South Wales,AUSTRALIA,-34.53432479999999,150.8745658
1856,2020-04-28|Windang Lake Illawara New South Wales AUSTRALIA,0.5551508694573974,-0.43334890063014964,0.036335035228441774,0.04424258137952049,0.30110867514531064,0.09066643424776422,0.08692258732523835,2020-04-28,Windang Lake Illawara New South Wales AUSTRALIA,Windang,New South Wales,AUSTRALIA,-34.527370899999994,150.8740205
1857,2020-04-28|Windang near the entrance to Lake Illawarra New South Wales AUSTRALIA,0.5542960237921788,-0.4338761732420084,0.03598997502425265,0.043823890774854705,0.30091608104477374,0.09055048783134483,0.08686699019734369,2020-04-28,Windang near the entrance to Lake Illawarra New South Wales AUSTRALIA,Windang,New South Wales,AUSTRALIA,-34.541667,150.85833300000002
1858,2020-04-28|Winki Pop Bells Beach Victoria AUSTRALIA,1.0486444022454606,-0.86298230118834,0.14721178328985626,0.2359539928212887,0.596598289116845,0.3559295185771465,0.17222309140984032,2020-04-28,Winki Pop Bells Beach Victoria AUSTRALIA,Winki Pop,Victoria,AUSTRALIA,-38.3680831,144.28495519999998
1859,2020-04-28|Winkipop Beach Victoria AUSTRALIA,1.048650245963794,-0.862990794965997,0.1472105632942661,0.23595881524264659,0.5966021634254047,0.35593414140387336,0.17222420982638528,2020-04-28,Winkipop Beach Victoria AUSTRALIA,Winkipop Beach,Victoria,AUSTRALIA,-38.3680831,144.28495519999998
1860,2020-04-28|Winkipop Victoria AUSTRALIA,1.048650245963794,-0.862990794965997,0.1472105632942661,0.23595881524264659,0.5966021634254047,0.35593414140387336,0.17222420982638528,2020-04-28,Winkipop Victoria AUSTRALIA,Winkipop,Victoria,AUSTRALIA,-38.3680831,144.28495519999998
1861,2020-04-28|Wiseman’s Beach Peake Bay Port Lincoln South Australia AUSTRALIA,0.6869424401407613,-0.46068998145570106,0.05206798912912298,-0.0033374901971196204,0.3974318892423146,0.15795210658671544,0.11022777347443773,2020-04-28,Wiseman’s Beach Peake Bay Port Lincoln South Australia AUSTRALIA,Wiseman’s Beach,South Australia,AUSTRALIA,-34.5047222,136.05333330000002
1862,2020-04-28|Wollongong New South Wales AUSTRALIA,0.555555000366525,-0.4328087451191493,0.03641734168697745,0.04433493876911076,0.3012039545353809,0.0907238222277518,0.08695009211599099,2020-04-28,Wollongong New South Wales AUSTRALIA,Wollongong,New South Wales,AUSTRALIA,-34.427812100000004,150.89306069999998
1863,2020-04-28|Wombarra Beach near Austinmeer New South Wales AUSTRALIA,0.5568367103847313,-0.4320784178651554,0.036727750291908653,0.0446653769900126,0.301583773927482,0.09095277269634257,0.08705973653012748,2020-04-28,Wombarra Beach near Austinmeer New South Wales AUSTRALIA,Wombarra Beach near Austinmeer,New South Wales,AUSTRALIA,-34.2794078,150.9559166
1864,2020-04-28|Woodman Point Western Australia AUSTRALIA,0.2883453404277787,-0.19134769114781516,-0.013139029932699458,-0.08220957938003787,0.17492381635417467,0.030598341527909027,0.04675035639887758,2020-04-28,Woodman Point Western Australia AUSTRALIA,Woodman Point,Western Australia,AUSTRALIA,-32.129142,115.76663
1865,2020-04-28|Woodman’s Point Western Australia AUSTRALIA,0.2883453404277787,-0.19134769114781516,-0.013139029932699458,-0.08220957938003787,0.17492381635417467,0.030598341527909027,0.04675035639887758,2020-04-28,Woodman’s Point Western Australia AUSTRALIA,Woodman’s Point,Western Australia,AUSTRALIA,-32.1348873,115.7561545
1866,2020-04-28|Woolgoolga Coffs Harbour New South Wales AUSTRALIA,0.6097158923413499,-0.3816696774990129,0.03833506210439285,0.0012721045318136747,0.32725789140580064,0.10709772748737079,0.0986719668614467,2020-04-28,Woolgoolga Coffs Harbour New South Wales AUSTRALIA,Woolgoolga,New South Wales,AUSTRALIA,-30.1130375,153.18379240000002
1867,2020-04-28|Woolloomooloo Sydney Harbor Estuary New South Wales AUSTRALIA,0.5645309413956895,-0.428022798655657,0.040524592846594105,0.04948821789973501,0.3034212452701256,0.09206445208127373,0.08759016881727924,2020-04-28,Woolloomooloo Sydney Harbor Estuary New South Wales AUSTRALIA,Woolloomooloo,New South Wales,AUSTRALIA,-33.852306299999995,151.2107871
1868,2020-04-28|Woorim Beach Bribie Island Queensland AUSTRALIA,0.6627621543187407,-0.5028418495136949,0.012584429067229069,-0.01735199532395623,0.3695199134883923,0.13654496646446895,0.11141444596414406,2020-04-28,Woorim Beach Bribie Island Queensland AUSTRALIA,Woorim Beach,Queensland,AUSTRALIA,-27.060907899999997,153.2006374
1869,2020-04-28|Woy Woy New South Wales AUSTRALIA,0.5719084732046803,-0.4274262491655132,0.04294190003030682,0.05249861776053917,0.3058811713986758,0.09356329101622611,0.08830028832353178,2020-04-28,Woy Woy New South Wales AUSTRALIA,Woy Woy,New South Wales,AUSTRALIA,-33.49,151.32
1870,2020-04-28|Woy Woy on the Brisbane Waters New South Wales AUSTRALIA,0.5719084732046803,-0.4274262491655132,0.04294190003030682,0.05249861776053917,0.3058811713986758,0.09356329101622611,0.08830028832353178,2020-04-28,Woy Woy on the Brisbane Waters New South Wales AUSTRALIA,Woy Woy on the Brisbane Waters,New South Wales,AUSTRALIA,-33.49,151.32
1871,2020-04-28|Wreck Point Abrolhos Islands Western Australia AUSTRALIA,0.3060900569560042,-0.2244980897377495,0.014988359579906041,-0.040308160670027696,0.17718637770515608,0.03139501244427423,0.04574932600179244,2020-04-28,Wreck Point Abrolhos Islands Western Australia AUSTRALIA,Wreck Point,Western Australia,AUSTRALIA,-28.3001002,113.59516979999998
1872,2020-04-28|Wreck of paddle steamer Koputai 6 km off Bondi Beach New South Wales AUSTRALIA,0.5645421372416947,-0.42802116824296393,0.04052944347608267,0.049489433072153824,0.3034261210984305,0.0920674109648394,0.08759157634767141,2020-04-28,Wreck of paddle steamer Koputai 6 km off Bondi Beach New South Wales AUSTRALIA,Wreck of paddle steamer,New South Wales,AUSTRALIA,-33.8914755,151.2766845
1873,2020-04-28|Wrights Bay South Australia AUSTRALIA,0.43314743161152097,-0.3972813292339377,0.02466468049885907,0.037587409128158986,0.2495888161962264,0.06229457717023368,0.07525385956289653,2020-04-28,Wrights Bay South Australia AUSTRALIA,Wrights Bay,South Australia,AUSTRALIA,-37.033055600000004,139.7411111
1874,2020-04-28|Wurtulla Queensland AUSTRALIA,0.618780091365257,-0.41982125772667483,0.04165446215143708,0.003512054677533367,0.3265779223122575,0.10665313934179092,0.09846694846578119,2020-04-28,Wurtulla Queensland AUSTRALIA,Wurtulla,Queensland,AUSTRALIA,-26.756999999999998,153.126
1875,2020-04-28|Wyargine Point Edwards Beach Balmoral Beach Sydney New South Wales AUSTRALIA,0.5661133391166149,-0.42764165752678496,0.04092375989990835,0.04995239180100727,0.30386763654496163,0.09233554053942089,0.08771903087862448,2020-04-28,Wyargine Point Edwards Beach Balmoral Beach Sydney New South Wales AUSTRALIA,Wyargine Point,New South Wales,AUSTRALIA,-33.8200713,151.2505994
1876,2020-04-28|Wynnum-Manley Queensland AUSTRALIA,0.9316417739409216,-0.5906470004543188,0.08272485761034483,0.10030117202223979,0.49372683238418463,0.24376618501612077,0.14252665979157514,2020-04-28,Wynnum-Manley Queensland AUSTRALIA,Wynnum-Manley,Queensland,AUSTRALIA,-27.45,153.183333
1877,2020-04-28|Wynyard Tasmania AUSTRALIA,1.2213196018712515,-1.0490371331684394,0.31858909456979495,0.5433456608064975,0.7955215681616902,0.6328545654104347,0.23985877765704225,2020-04-28,Wynyard Tasmania AUSTRALIA,Wynyard,Tasmania,AUSTRALIA,-41.0,145.7166671
1878,2020-04-28|Yallingup Western Australia AUSTRALIA,0.3108398631538719,-0.21744262619864788,-0.01191524265410648,-0.07762598481728002,0.19461843563443715,0.03787633548879556,0.0520139648067129,2020-04-28,Yallingup Western Australia AUSTRALIA,Yallingup,Western Australia,AUSTRALIA,-33.6726029,115.0308297
1879,2020-04-28|Yandaran Beach Queensland AUSTRALIA,0.7505762988276553,-0.6392757533966386,0.01386483191262533,0.029370776904305333,0.43776829625902586,0.19164108120953025,0.13199210761857566,2020-04-28,Yandaran Beach Queensland AUSTRALIA,Yandaran Beach,Queensland,AUSTRALIA,-24.608613199999997,152.13039619999998
1880,2020-04-28|Yeppoon Queensland AUSTRALIA,1.5361494595132519,-1.0359755047566848,0.08613606734037475,0.031219449093856516,0.8450753762665429,0.7141523915720391,0.24395224798650644,2020-04-28,Yeppoon Queensland AUSTRALIA,Yeppoon,Queensland,AUSTRALIA,-23.133333,150.73333300000002
1881,2020-04-28|Yeppoon near Ross Creek Queensland AUSTRALIA,1.5361492417245648,-1.035976882996814,0.08613767669266993,0.031219375026513008,0.8450788558089396,0.7141582725353465,0.2439532524438761,2020-04-28,Yeppoon near Ross Creek Queensland AUSTRALIA,Yeppoon,Queensland,AUSTRALIA,-23.153185999999998,150.74771280000002
1882,2020-04-28|Yorkey’s Knob Beach near Cairns Queensland AUSTRALIA,0.4652698751967049,-0.40917029919146,0.009141127383866961,0.009455120984102132,0.3260142179136007,0.10628527028181671,0.10867140597120023,2020-04-28,Yorkey’s Knob Beach near Cairns Queensland AUSTRALIA,Yorkey’s Knob Beach near Cairns,Queensland,AUSTRALIA,-16.8182895,145.7326612
1883,2020-04-28|near Schouten Island Tasmania AUSTRALIA,0.37947745543139066,-0.4317101124115426,0.02330361282985703,0.07349435467456605,0.24909772018407073,0.0620496742009016,0.07190831790139766,2020-04-28,near Schouten Island Tasmania AUSTRALIA,near Schouten Island,Tasmania,AUSTRALIA,-42.317857000000004,148.281927
1884,2020-04-29|1 km off Blacks Beach Queensland AUSTRALIA,1.5171978849960732,-0.8766081184191161,0.23051495853358261,0.3483799221761406,0.7942995386596913,0.6309117571149984,0.23949032189878086,2020-04-29,1 km off Blacks Beach Queensland AUSTRALIA,1 km off Black's Beach,Queensland,AUSTRALIA,-21.062778,149.1875
1885,2020-04-29|10 miles off Nambucca Heads onboard trawler New South Wales AUSTRALIA,0.6353471603268039,-0.3674719859845117,0.046408148644884566,0.038125403617359804,0.3164040320447954,0.1001115114942039,0.09539940513165207,2020-04-29,10 miles off Nambucca Heads onboard trawler New South Wales AUSTRALIA,10 miles off Nambucca Heads onboard trawler,New South Wales,AUSTRALIA,-30.6419702,152.9978834
1886,2020-04-29|15 km north of Lancelin north of Perth Western Australia AUSTRALIA,0.27002260124864536,-0.21863683295642883,-0.006870324035460761,-0.04125682737918132,0.18202333741706142,0.033132495364445395,0.0486477832151281,2020-04-29,15 km north of Lancelin north of Perth Western Australia AUSTRALIA,15 km north of Lancelin,Western Australia,AUSTRALIA,-31.045409799999998,115.35327749999999
1887,2020-04-29|15 miles off shore New South Wales AUSTRALIA,0.5978188533164167,-0.41113345921275296,0.04912185737358018,0.05616791919774508,0.2966564063141751,0.08800502340724096,0.085637328021158,2020-04-29,15 miles off shore New South Wales AUSTRALIA,1.5 miles off shore,New South Wales,AUSTRALIA,-31.2532183,146.921099
1888,2020-04-29|15 miles up the Cataract River New South Wales AUSTRALIA,0.5870748637354316,-0.4162813423416355,0.04416636630277637,0.04977161716681559,0.29406493947053997,0.08647418862581234,0.08488923598127364,2020-04-29,15 miles up the Cataract River New South Wales AUSTRALIA,15 miles up the Cataract River,New South Wales,AUSTRALIA,-34.229766399999995,150.7616844
1889,2020-04-29|150 yards from the pier at Lorne Victoria AUSTRALIA,0.9710246574325937,-0.9383716281380702,0.14483139545646906,0.2212344400466528,0.5846163594758876,0.3417762877668403,0.16876420625803137,2020-04-29,150 yards from the pier at Lorne Victoria AUSTRALIA,150 yards from the pier at Lorne,Victoria,AUSTRALIA,-38.5366556,143.97154840000002
1890,2020-04-29|18 km west of Bunbury Western Australia AUSTRALIA,0.3004354129290096,-0.2296109074210127,-0.0003778667605067335,-0.04618423045661664,0.20046837579564977,0.04018756969414586,0.05357742707931196,2020-04-29,18 km west of Bunbury Western Australia AUSTRALIA,18 km west of Bunbury,Western Australia,AUSTRALIA,-33.3209971,115.63834820000001
1891,2020-04-29|18 miles south of Port Augusta South Australia AUSTRALIA,1.1855755177817835,-0.9959480182954189,0.09288437063500578,0.03294308150668103,0.66825644791873,0.44656668018495826,0.19290902004679095,2020-04-29,18 miles south of Port Augusta South Australia AUSTRALIA,18 miles south of Port Augusta,South Australia,AUSTRALIA,-32.495233899999995,137.78943940000002
1892,2020-04-29|20 k off The Spit off the Gold Coast Queensland AUSTRALIA,0.6517278545079311,-0.32915267986693586,0.04706455398365987,0.03381254419296417,0.31752724727557957,0.10082355276240706,0.09573806726613603,2020-04-29,20 k off The Spit off the Gold Coast Queensland AUSTRALIA,20 k off The Spit,Queensland,AUSTRALIA,-27.9352516,153.43347680000002
1893,2020-04-29|20 miles off Sydney New South Wales AUSTRALIA,0.5932942933952103,-0.41129687880778265,0.04746378220515241,0.05398019013690235,0.2950990213778262,0.0870834324181507,0.08518774971504155,2020-04-29,20 miles off Sydney New South Wales AUSTRALIA,20 miles off Sydney,New South Wales,AUSTRALIA,-33.8688197,151.2092955
1894,2020-04-29|200 km east of Coolangatta Queensland AUSTRALIA,0.6489120518168414,-0.3325490142762142,0.04875714637766559,0.036720422908938496,0.3168863652235788,0.10041696846461137,0.09554483405692153,2020-04-29,200 km east of Coolangatta Queensland AUSTRALIA,200 km east of Coolangatta,Queensland,AUSTRALIA,-28.166666999999997,153.533333
1895,2020-04-29|200 miles offshore Queensland AUSTRALIA,1.3992509061448468,-1.128880148702683,0.13677606014925306,0.11796632289640793,0.9780622472164042,0.9566057594300027,0.28234225085730064,2020-04-29,200 miles offshore Queensland AUSTRALIA,200 miles offshore,Queensland,AUSTRALIA,-20.9175738,142.7027956
1896,2020-04-29|26 nautical miles out to sea off Lake Macquarie New South Wales AUSTRALIA,0.6345365739283791,-0.38090818119784153,0.04616155043161963,0.04930449407347928,0.31760093536069217,0.10087035414198656,0.09576028505975769,2020-04-29,26 nautical miles out to sea off Lake Macquarie New South Wales AUSTRALIA,26 nautical miles out to sea off Lake Macquarie,New South Wales,AUSTRALIA,-31.433333,152.9
1897,2020-04-29|3 km off Port Victoria Yorke Peninsula South Australia AUSTRALIA,0.5550116314760183,-0.4081482445581775,0.01667730147625844,-0.12323494720775383,0.32658107232041667,0.10665519679795321,0.0984678982289767,2020-04-29,3 km off Port Victoria Yorke Peninsula South Australia AUSTRALIA,3 km off Port Victoria,South Australia,AUSTRALIA,-34.496666999999995,137.48333300000002
1898,2020-04-29|3 km west of Rottnest Island Western Australia AUSTRALIA,0.27165138707880304,-0.2106829393174491,0.0097063887671681,-0.011992609769530933,0.18094297756171385,0.03274036112889888,0.05018455257952995,2020-04-29,3 km west of Rottnest Island Western Australia AUSTRALIA,3 km west of Rottnest Island,Western Australia,AUSTRALIA,-32.0063677,115.5073002
1899,2020-04-29|3 miles out to sea off Glenelg South Australia AUSTRALIA,0.9640506938817516,-0.6910023468598555,0.1166179065827248,0.11747803205922586,0.551175042489518,0.30379392746332196,0.1528684521116923,2020-04-29,3 miles out to sea off Glenelg South Australia AUSTRALIA,3 miles out to sea off Glenelg,South Australia,AUSTRALIA,-34.982,138.516
1900,2020-04-29|5 miles south of Sussex Inlet at mouth of Berara Lake New South Wales AUSTRALIA,0.5695395187501009,-0.4253832047008424,0.038524552679578654,0.04313447658732483,0.2901683108042055,0.08419764859496602,0.08376437617655354,2020-04-29,5 miles south of Sussex Inlet at mouth of Berara Lake New South Wales AUSTRALIA,5 miles south of Sussex Inlet at mouth of Berara Lake,New South Wales,AUSTRALIA,-35.206926200000005,150.5515985
1901,2020-04-29|5 nm off Cervantes Western Australia AUSTRALIA,1.3047139680514064,-1.4600859168029376,0.06304618213157455,0.12727674149305743,0.8365492076343867,0.6998145767937202,0.24149095510904064,2020-04-29,5 nm off Cervantes Western Australia AUSTRALIA,5 nm off Cervantes,Western Australia,AUSTRALIA,34.5199402,-105.87009009999998
1902,2020-04-29|50 km east of Townsville Queensland AUSTRALIA,0.5495169140889525,-0.37131408236008584,0.039770194848782275,-0.19282092946162968,0.38342397325247973,0.1470139432647183,0.11560667771870364,2020-04-29,50 km east of Townsville Queensland AUSTRALIA,50 km east of Townsville,Queensland,AUSTRALIA,-19.2589635,146.8169483
1903,2020-04-29|55 miles south of Adelaide South Australia AUSTRALIA,0.9640575185873421,-0.6910050262537363,0.1166181259107213,0.11747401933061864,0.5511780714045849,0.3037972663972776,0.1528692921815833,2020-04-29,55 miles south of Adelaide South Australia AUSTRALIA,55 miles south of Adelaide,South Australia,AUSTRALIA,-34.9284989,138.6007456
1904,2020-04-29|6 km off Collendina south of Melbourne Victoria AUSTRALIA,0.4330597331525503,-0.4647537621160778,0.05982028724802332,0.09394147162057123,0.29514419133243625,0.08711009367727772,0.08520078915776824,2020-04-29,6 km off Collendina south of Melbourne Victoria AUSTRALIA,6 km off Collendina,Victoria,AUSTRALIA,-37.835,144.96
1905,2020-04-29|7 Mile Beach Gerroa New South Wales AUSTRALIA,0.5833109059833549,-0.42030176382072315,0.04296702837736058,0.04846407374118156,0.2935890557966925,0.0861945336835934,0.08475186019767424,2020-04-29,7 Mile Beach Gerroa New South Wales AUSTRALIA,7 Mile Beach,New South Wales,AUSTRALIA,-34.7699,150.813133
1906,2020-04-29|7 km off Trigg surf beach Perth Western Australia AUSTRALIA,0.2741411567741611,-0.2122568593504686,0.007653424631720094,-0.015669335352510215,0.1819722550572475,0.033113901610619945,0.05047002279390132,2020-04-29,7 km off Trigg surf beach Perth Western Australia AUSTRALIA,7 km off Trigg surf beach,Western Australia,AUSTRALIA,-31.8744999,115.7531233
1907,2020-04-29|A pearl farm in Roebuck Bay Western Australia AUSTRALIA,2.791519012323778,-2.4545011920070827,0.756215952764288,1.2321484189257002,1.8838735721916446,3.5489796360021075,0.5438274570120339,2020-04-29,A pearl farm in Roebuck Bay Western Australia AUSTRALIA,A pearl farm in Roebuck Bay,Western Australia,AUSTRALIA,-18.0858333,122.28305559999998
1908,2020-04-29|Adelaide South Australia AUSTRALIA,0.9640575185873421,-0.6910050262537363,0.1166181259107213,0.11747401933061864,0.5511780714045849,0.3037972663972776,0.1528692921815833,2020-04-29,Adelaide South Australia AUSTRALIA,Adelaide,South Australia,AUSTRALIA,-34.9284989,138.6007456
1909,2020-04-29|African Reef off Geraldton Western Australia AUSTRALIA,0.3067902892930166,-0.2495981527743179,0.02413722260831965,-0.006777546028241004,0.18842739186790247,0.035504882006140076,0.05035933876093467,2020-04-29,African Reef off Geraldton Western Australia AUSTRALIA,African Reef off Geraldton,Western Australia,AUSTRALIA,-28.802443,114.61852209999999
1910,2020-04-29|Albany Western Australia AUSTRALIA,0.310414547630439,-0.2247839140786196,0.05295674055258137,0.060980925377422474,0.20445560984729744,0.041802096398030314,0.06465454075162108,2020-04-29,Albany Western Australia AUSTRALIA,Albany,Western Australia,AUSTRALIA,-35.0269344,117.8837206
1911,2020-04-29|Albany incident took place 200 metres from swimmers Western Australia AUSTRALIA,0.310414547630439,-0.2247839140786196,0.05295674055258137,0.060980925377422474,0.20445560984729744,0.041802096398030314,0.06465454075162108,2020-04-29,Albany incident took place 200 metres from swimmers Western Australia AUSTRALIA,Albany (incident took place 200 metres from swimmers),Western Australia,AUSTRALIA,-35.0269344,117.8837206
1912,2020-04-29|Albert Park in Port Phillip Bay Victoria AUSTRALIA,0.4330595248716297,-0.46475301895603816,0.05981920159887368,0.09393061077700302,0.2951440890140455,0.08711003327993082,0.08520075962099302,2020-04-29,Albert Park in Port Phillip Bay Victoria AUSTRALIA,Albert Park in Port Phillip Bay,Victoria,AUSTRALIA,-37.8438609,144.95145359999998
1913,2020-04-29|Aldinga Beach South Australia AUSTRALIA,0.8942153000003144,-0.621385297261829,0.1085741412089754,0.07711918843177966,0.502352616726943,0.25235815153240687,0.1393275475363463,2020-04-29,Aldinga Beach South Australia AUSTRALIA,Aldinga Beach,South Australia,AUSTRALIA,-35.281,138.454
1914,2020-04-29|Alexandra Headland near Mooloolaba Queensland AUSTRALIA,0.6494418434368167,-0.364887688901892,0.039796437623991494,-0.006749714707537058,0.31644096717125453,0.10013488570427898,0.09541054149129291,2020-04-29,Alexandra Headland near Mooloolaba Queensland AUSTRALIA,Alexandra Headland near Mooloolaba,Queensland,AUSTRALIA,-26.673000000000002,153.101
1915,2020-04-29|Alma Bay Magnetic Island Townsville Queensland AUSTRALIA,0.5507294115452472,-0.3746071306673423,0.042664293214418544,-0.18769258512650497,0.38515752618679355,0.14834631997833056,0.11612936359482533,2020-04-29,Alma Bay Magnetic Island Townsville Queensland AUSTRALIA,Alma Bay,Queensland,AUSTRALIA,-19.148322,146.868517
1916,2020-04-29|Altona Melbourne Victoria AUSTRALIA,0.4307349361001926,-0.4619073941064178,0.06065373583679424,0.0962993663659156,0.29321985289354785,0.08597788213091383,0.08464528049991617,2020-04-29,Altona Melbourne Victoria AUSTRALIA,Altona,Victoria,AUSTRALIA,-37.863151200000004,144.81202180000002
1917,2020-04-29|Amity Point North Stradbroke Island Queensland AUSTRALIA,0.8716549046599212,-0.575643657403208,0.005515854866371077,0.031215419364520394,0.43365113032804364,0.1880533028347899,0.12518429841464074,2020-04-29,Amity Point North Stradbroke Island Queensland AUSTRALIA,Amity Point,Queensland,AUSTRALIA,-27.397250800000002,153.45375990000002
1918,2020-04-29|Anglesea Victoria AUSTRALIA,1.0245892602925941,-1.006074723067919,0.13642234944721693,0.21092225605426668,0.6250500926663887,0.3906876183422611,0.18043641962897003,2020-04-29,Anglesea Victoria AUSTRALIA,Anglesea,Victoria,AUSTRALIA,-38.4096639,144.18251709999998
1919,2020-04-29|Angourie New South Wales AUSTRALIA,0.6482458660111793,-0.3653520324538764,0.04718965836865538,0.03750711227082404,0.321506273168457,0.10336628368667049,0.09693778871320723,2020-04-29,Angourie New South Wales AUSTRALIA,Angourie,New South Wales,AUSTRALIA,-29.479166999999997,153.359444
1920,2020-04-29|Angourie near Yamba New South Wales AUSTRALIA,0.6482584555183699,-0.3653512295315274,0.04719180051686322,0.03750545489144556,0.32150838657908365,0.1033676426406855,0.09693842593048692,2020-04-29,Angourie near Yamba New South Wales AUSTRALIA,Angourie,New South Wales,AUSTRALIA,-29.479166999999997,153.359444
1921,2020-04-29|Arakoons Little Bay New South Wales AUSTRALIA,0.5915682431995769,-0.4121369567691272,0.046313044508642986,0.0524070122058628,0.2946553190578754,0.08682175704909834,0.08505966388810972,2020-04-29,Arakoons Little Bay New South Wales AUSTRALIA,Arakoon's Little Bay,New South Wales,AUSTRALIA,-33.980540000000005,151.24301
1922,2020-04-29|Archies Beach Queensland AUSTRALIA,1.3992849139512822,-1.1287588765446765,0.13679240534087184,0.11797121147810918,0.9780672304072062,0.956615507196423,0.28234368938057613,2020-04-29,Archies Beach Queensland AUSTRALIA,Archie's Beach,Queensland,AUSTRALIA,-20.9175738,142.7027956
1923,2020-04-29|Ardrossan South Australia AUSTRALIA,1.1245769214943235,-0.8254929397959663,0.1633665896751864,0.24605010572729633,0.6619713738149815,0.438206099750494,0.18359782547532738,2020-04-29,Ardrossan South Australia AUSTRALIA,Ardrossan,South Australia,AUSTRALIA,-34.419107399999994,137.91780119999999
1924,2020-04-29|Arlington Reef near Cairns Queensland AUSTRALIA,0.48051061029002406,-0.29117122014575236,0.07067198476179849,-0.035210219698682724,0.3316201601750148,0.10997193063450245,0.125340639079785,2020-04-29,Arlington Reef near Cairns Queensland AUSTRALIA,Arlington Reef near Cairns,Queensland,AUSTRALIA,-16.688272899999998,146.0357725
1925,2020-04-29|Arrawarra Headland New South Wales AUSTRALIA,0.6389592715448255,-0.3652611936550654,0.04583602347781346,0.033295039189411915,0.31775470656616955,0.10096805354495253,0.09580664882267852,2020-04-29,Arrawarra Headland New South Wales AUSTRALIA,Arrawarra Headland,New South Wales,AUSTRALIA,-30.068610999999997,153.195278
1926,2020-04-29|At Flat Top near Mackay Queensland AUSTRALIA,1.5730461710506558,-0.9117739263780194,0.23851084590467886,0.339499185017702,0.8252470815764988,0.6810327456505285,0.24882135717500556,2020-04-29,At Flat Top near Mackay Queensland AUSTRALIA,At Flat Top,Queensland,AUSTRALIA,-21.162427899999997,149.24560830000001
1927,2020-04-29|Auckland Creek Gladstone Queensland AUSTRALIA,1.0060579928289677,-0.5567556273083923,0.05582457983414031,0.11351926221604734,0.46517424088351905,0.2163870743815582,0.14025531083173035,2020-04-29,Auckland Creek Gladstone Queensland AUSTRALIA,Auckland Creek,Queensland,AUSTRALIA,-23.875737899999997,151.24061310000002
1928,2020-04-29|Austinmer New South Wales AUSTRALIA,0.5879850961946183,-0.4158545302851397,0.04440027392422342,0.05001182861710918,0.2942400760150649,0.08657722233335119,0.08493979354683684,2020-04-29,Austinmer New South Wales AUSTRALIA,Austinmer,New South Wales,AUSTRALIA,-34.306311,150.93451000000002
1929,2020-04-29|Avalon Beach New South Wales AUSTRALIA,0.597817799059196,-0.41113240019660213,0.04912523347337704,0.05616880535445366,0.29665898278468694,0.0880065520668452,0.08563807178412979,2020-04-29,Avalon Beach New South Wales AUSTRALIA,Avalon Beach,New South Wales,AUSTRALIA,-33.6302836,151.3297698
1930,2020-04-29|Avalon Beach near Mandurah 50 miles south of Perth Western Australia AUSTRALIA,0.2769476782351428,-0.20919167086656987,-0.004025139855427636,-0.0451975900985126,0.18568150077821946,0.034477619731251914,0.04962546849814973,2020-04-29,Avalon Beach near Mandurah 50 miles south of Perth Western Australia AUSTRALIA,Avalon Beach,Western Australia,AUSTRALIA,-32.5933864,115.6364088
1931,2020-04-29|Avalon New South Wales AUSTRALIA,0.5978072724469142,-0.41113504756406777,0.04911986098282902,0.05616659063954329,0.2966548096974313,0.08800407611661919,0.08563686711760458,2020-04-29,Avalon New South Wales AUSTRALIA,Avalon,New South Wales,AUSTRALIA,-33.6302836,151.3297698
1932,2020-04-29|Avalon Point Manurah Western Australia AUSTRALIA,0.27701904555017776,-0.20865912283415358,-0.0036073643319028286,-0.044907550841358175,0.18559431814744046,0.03444525092861334,0.04960216795997454,2020-04-29,Avalon Point Manurah Western Australia AUSTRALIA,Avalon Point,Western Australia,AUSTRALIA,-32.5947053,115.6329821
1933,2020-04-29|Avoca Beach New South Wales AUSTRALIA,0.6019904443515283,-0.4094067249852828,0.05025079590405381,0.05745372789253254,0.2977236430915924,0.0886393676557299,0.08594541274152347,2020-04-29,Avoca Beach New South Wales AUSTRALIA,Avoca Beach,New South Wales,AUSTRALIA,-33.465,151.435
1934,2020-04-29|Backbeach Halls Head Western Australia AUSTRALIA,0.2773738451107431,-0.20860293430485943,-0.004647646375705162,-0.04651026219343821,0.18576887229356054,0.03451007391322121,0.04964881951784755,2020-04-29,Backbeach Halls Head Western Australia AUSTRALIA,Backbeach,Western Australia,AUSTRALIA,-32.5293276,115.6941929
1935,2020-04-29|Badger Head Tasmania AUSTRALIA,1.242438888564415,-1.2510143341177062,0.23549865613084456,0.4268144522069537,0.865504011288164,0.7490971935559023,0.2498494869509612,2020-04-29,Badger Head Tasmania AUSTRALIA,Badger Head,Tasmania,AUSTRALIA,-41.1291591,146.731436
1936,2020-04-29|Bald Island Western Australia AUSTRALIA,0.3130672964749467,-0.22781664553718536,0.04548210103952157,0.04769106283572881,0.2078170106040521,0.043187909896404704,0.06571750900361692,2020-04-29,Bald Island Western Australia AUSTRALIA,Bald Island,Western Australia,AUSTRALIA,-34.9233188,118.46887759999998
1937,2020-04-29|Balmain Sydney Estuary New South Wales AUSTRALIA,0.5932942933952103,-0.41129687880778265,0.04746378220515241,0.05398019013690235,0.2950990213778262,0.0870834324181507,0.08518774971504155,2020-04-29,Balmain Sydney Estuary New South Wales AUSTRALIA,Balmain,New South Wales,AUSTRALIA,-33.85895,151.17906000000002
1938,2020-04-29|Bantry Bay near Ironstone Point Middle Harbor Sydney New South Wales AUSTRALIA,0.5946756841448135,-0.41094652391698056,0.04781392844406135,0.05439086667427194,0.2955030798570618,0.08732207020500905,0.08530439135091906,2020-04-29,Bantry Bay near Ironstone Point Middle Harbor Sydney New South Wales AUSTRALIA,Bantry Bay,New South Wales,AUSTRALIA,-33.7806576,151.2151164
1939,2020-04-29|Bar Beach Newcastle New South Wales AUSTRALIA,0.6108608418944925,-0.4054841996851246,0.05200962226380926,0.059204749042445784,0.30014297029808784,0.09008580261935883,0.08664381234848743,2020-04-29,Bar Beach Newcastle New South Wales AUSTRALIA,Bar Beach,New South Wales,AUSTRALIA,-32.94,151.767778
1940,2020-04-29|Bargara Queensland AUSTRALIA,0.8769953332834173,-0.5929038636903057,-0.00783680749566013,-0.04612010893293448,0.442247448954074,0.19558280610638626,0.13334262297022872,2020-04-29,Bargara Queensland AUSTRALIA,Bargara,Queensland,AUSTRALIA,-24.8312314,152.4592208
1941,2020-04-29|Barren Joey Island Tasmania AUSTRALIA,1.2270882782799581,-1.195356025371798,0.18173368059884007,0.344043892181978,0.8382422449772193,0.7026500612644485,0.25273954636496454,2020-04-29,Barren Joey Island Tasmania AUSTRALIA,Barren Joey Island,Tasmania,AUSTRALIA,-40.94228579999999,146.98485580000002
1942,2020-04-29|Barrier Reef Queensland AUSTRALIA,0.5077983481702314,-0.3466269760663972,0.08585204145071068,0.006934121433350052,0.36812220719729105,0.1355139594318053,0.13913711604631765,2020-04-29,Barrier Reef Queensland AUSTRALIA,Barrier Reef,Queensland,AUSTRALIA,-18.2870668,147.6991918
1943,2020-04-29|Barrier Reef off Mackay Queensland AUSTRALIA,1.5496836708323372,-0.9010212589633935,0.2296779197447492,0.33404765796522007,0.8127038469751986,0.6604875428882869,0.24503942964501318,2020-04-29,Barrier Reef off Mackay Queensland AUSTRALIA,Barrier Reef off Mackay,Queensland,AUSTRALIA,-21.1424956,149.1821469
1944,2020-04-29|Barrow Passage Western Australia AUSTRALIA,0.8161012609634647,-0.7320348957372553,0.08593830712915852,0.1303160931046261,0.48377075361822686,0.23403414205634718,0.1396525874137757,2020-04-29,Barrow Passage Western Australia AUSTRALIA,Barrow Passage,Western Australia,AUSTRALIA,-20.780434200000002,115.4022706
1945,2020-04-29|Barrow Point 100 miles north of Cooktown Queensland Queensland AUSTRALIA,0.45473646630859166,-0.2853178412912106,0.10357353254623863,0.12120546719867537,0.32735539695275384,0.10716155591409503,0.11573761052165316,2020-04-29,Barrow Point 100 miles north of Cooktown Queensland Queensland AUSTRALIA,Barrow Point,Queensland,AUSTRALIA,-15.4758164,145.2470981
1946,2020-04-29|Bass Point New South Wales AUSTRALIA,0.5842372214716857,-0.4190138023542037,0.04359581989478142,0.04927063009392087,0.29365325921902313,0.08623223664995479,0.08477039412925698,2020-04-29,Bass Point New South Wales AUSTRALIA,Bass Point,New South Wales,AUSTRALIA,-34.5959607,150.9018394
1947,2020-04-29|Batemans Bay New South Wales AUSTRALIA,0.5646251630190663,-0.42905000885227046,0.03694054963717873,0.04123169856240615,0.2894615743173888,0.08378800300630118,0.08356035892609864,2020-04-29,Batemans Bay New South Wales AUSTRALIA,Bateman's Bay,New South Wales,AUSTRALIA,-35.7143871,150.1794707
1948,2020-04-29|Bathurst Reef Rottnest Island Western Australia AUSTRALIA,0.27201226178498195,-0.21076597390399002,0.009176921752545556,-0.013014484794749282,0.1810251451810236,0.03277010318781067,0.0502073417768072,2020-04-29,Bathurst Reef Rottnest Island Western Australia AUSTRALIA,Bathurst Reef,Western Australia,AUSTRALIA,-31.989356899999997,115.5407453
1949,2020-04-29|Batt Reef Queensland AUSTRALIA,0.4842816098809575,-0.30375923154880263,0.06515448317721133,-0.04607899877334664,0.3351412411903071,0.1123196515465796,0.12667148261015274,2020-04-29,Batt Reef Queensland AUSTRALIA,Batt Reef,Queensland,AUSTRALIA,-16.415952800000003,145.7710071
1950,2020-04-29|Beechford Tasmania AUSTRALIA,1.237044798287891,-1.2183578120161296,0.1758487844832885,0.34200297105348304,0.8501893418960059,0.7228219170735637,0.25634173162074875,2020-04-29,Beechford Tasmania AUSTRALIA,Beechford,Tasmania,AUSTRALIA,-41.042725299999994,146.9720846
1951,2020-04-29|Beecroft Head New South Wales AUSTRALIA,0.5785913379686545,-0.4211734620128008,0.04155254462414896,0.04669899578934153,0.29211296629151606,0.0853299850756284,0.08432574986109344,2020-04-29,Beecroft Head New South Wales AUSTRALIA,Beecroft Head,New South Wales,AUSTRALIA,-35.0135426,150.84937340000002
1952,2020-04-29|Belfast now Port Fairy South Australia AUSTRALIA,0.3876259695407653,-0.4223417293110122,0.042916143344924274,0.05233153869868201,0.2646242256182658,0.07002598078406685,0.07978720607401281,2020-04-29,Belfast now Port Fairy South Australia AUSTRALIA,Belfast (now Port Fairy),South Australia,AUSTRALIA,-38.3860016,142.2356621
1953,2020-04-29|Bellambi New South Wales AUSTRALIA,0.5870748637354316,-0.4162813423416355,0.04416636630277637,0.04977161716681559,0.29406493947053997,0.08647418862581234,0.08488923598127364,2020-04-29,Bellambi New South Wales AUSTRALIA,Bellambi,New South Wales,AUSTRALIA,-34.366667,150.916667
1954,2020-04-29|Bellambi Reef New South Wales AUSTRALIA,0.5870748637354316,-0.4162813423416355,0.04416636630277637,0.04977161716681559,0.29406493947053997,0.08647418862581234,0.08488923598127364,2020-04-29,Bellambi Reef New South Wales AUSTRALIA,Bellambi Reef,New South Wales,AUSTRALIA,-34.373611100000005,150.93472219999998
1955,2020-04-29|Bellingen New South Wales AUSTRALIA,0.6349955733089382,-0.366461870247049,0.046124032157761057,0.03687590997879493,0.31615979042020326,0.09995701307854686,0.09532576351101943,2020-04-29,Bellingen New South Wales AUSTRALIA,Bellingen,New South Wales,AUSTRALIA,-30.4522423,152.8979566
1956,2020-04-29|Bellinger Head New South Wales AUSTRALIA,0.6349844304097245,-0.36646335339737635,0.04611922237315609,0.036878728918421345,0.31615565152700953,0.09995439599246787,0.09532451558776753,2020-04-29,Bellinger Head New South Wales AUSTRALIA,Bellinger Head,New South Wales,AUSTRALIA,-30.502025699999997,153.02505980000004
1957,2020-04-29|Bells Beach Victoria AUSTRALIA,1.0523190623705139,-1.0422578526478181,0.1300917823415225,0.20227361303668606,0.6469285909961988,0.4185166018483271,0.18675219807906035,2020-04-29,Bells Beach Victoria AUSTRALIA,Bells Beach,Victoria,AUSTRALIA,-38.366944000000004,144.284722
1958,2020-04-29|Bellynahinch on the Manning River New South Wales AUSTRALIA,0.6298248779768929,-0.3938385034696323,0.05395867695669468,0.05993190618503376,0.30463371037764686,0.09280169749845203,0.08794017734538445,2020-04-29,Bellynahinch on the Manning River New South Wales AUSTRALIA,"""Bellynahinch"" on the Manning River",New South Wales,AUSTRALIA,-31.8518472,152.10067469999998
1959,2020-04-29|Belongil Bay New South Wales AUSTRALIA,0.6469176745335787,-0.33647344694570586,0.048497572336330966,0.033310185364447,0.3166702747310475,0.1002800628982371,0.09547968032196792,2020-04-29,Belongil Bay New South Wales AUSTRALIA,Belongil Bay,New South Wales,AUSTRALIA,-28.633732799999997,153.6003455
1960,2020-04-29|Belongil Beach Byron Bay New South Wales AUSTRALIA,0.6469176745335787,-0.33647344694570586,0.048497572336330966,0.033310185364447,0.3166702747310475,0.1002800628982371,0.09547968032196792,2020-04-29,Belongil Beach Byron Bay New South Wales AUSTRALIA,Belongil Beach,New South Wales,AUSTRALIA,-28.633732799999997,153.6003455
1961,2020-04-29|Bermagui New South Wales AUSTRALIA,0.558704742756628,-0.43181777936294763,0.034068694814217516,0.03740945054315952,0.2880653083114093,0.08298162185254729,0.08315729164889235,2020-04-29,Bermagui New South Wales AUSTRALIA,Bermagui,New South Wales,AUSTRALIA,-36.4433701,150.061362
1962,2020-04-29|Bernier Island Shark Bay Western Australia AUSTRALIA,0.4328332670223081,-0.3256504076331516,0.05543603164009869,0.021837873244598172,0.23190330389728384,0.05377914235847598,0.06694471746553021,2020-04-29,Bernier Island Shark Bay Western Australia AUSTRALIA,Bernier Island,Western Australia,AUSTRALIA,-24.8504267,113.1381998
1963,2020-04-29|Berrys Bay Sydney Harbour New South Wales AUSTRALIA,0.5933063300537578,-0.4112958127174332,0.04746546026778679,0.05398105962746635,0.2951008137265867,0.08708449026209363,0.08518826712156123,2020-04-29,Berrys Bay Sydney Harbour New South Wales AUSTRALIA,Berry's Bay,New South Wales,AUSTRALIA,-33.8462182,151.2488616
1964,2020-04-29|Between Bay Rock & Magnetic Island Cleveland Bay Queensland AUSTRALIA,0.5512199858842649,-0.37371589463847316,0.04243255610409131,-0.18818436149145057,0.38557349989118206,0.14866692381833538,0.1162547843857445,2020-04-29,Between Bay Rock & Magnetic Island Cleveland Bay Queensland AUSTRALIA,Between Bay Rock & Magnetic Island,Queensland,AUSTRALIA,-19.2180556,146.9222222
1965,2020-04-29|Between Carnac and Garden Islands Western Australia AUSTRALIA,0.27440358818796023,-0.20182780258626765,0.026522900754981916,0.018670119004042744,0.1777688051314637,0.031601748077868315,0.05131743374808435,2020-04-29,Between Carnac and Garden Islands Western Australia AUSTRALIA,Between Carnac and Garden Islands,Western Australia,AUSTRALIA,-32.204325399999995,115.67762739999999
1966,2020-04-29|Between De Grey River and Port Walcott Western Australia AUSTRALIA,2.142442200755921,-1.639541543201812,0.47029018466223316,0.7992836379110903,1.3785107814463782,1.900291974563904,0.41563663922884114,2020-04-29,Between De Grey River and Port Walcott Western Australia AUSTRALIA,Between De Grey River and Port Walcott,Western Australia,AUSTRALIA,-20.342612,118.6718706
1967,2020-04-29|Between Dee Why and Long Reef New South Wales AUSTRALIA,0.5946641822134628,-0.41094811691620636,0.04781195141000552,0.0543895540647273,0.2955014938651354,0.08732113287652667,0.08530393351448624,2020-04-29,Between Dee Why and Long Reef New South Wales AUSTRALIA,Between Dee Why and Long Reef,New South Wales,AUSTRALIA,-33.746083399999996,151.30407160000001
1968,2020-04-29|Between Port Arthur Penal Colony & Forestier Peninsula Tasmania AUSTRALIA,0.33176534083581627,-0.4472462159132946,0.0012910971854234133,0.07439885209627203,0.2402571424748146,0.05772349451016336,0.06663534203764625,2020-04-29,Between Port Arthur Penal Colony & Forestier Peninsula Tasmania AUSTRALIA,Between Port Arthur Penal Colony & Forestier Peninsula,Tasmania,AUSTRALIA,-43.177459999999996,147.8420491
1969,2020-04-29|Between Queensland AUSTRALIA,1.3992849139512822,-1.1287588765446765,0.13679240534087184,0.11797121147810918,0.9780672304072062,0.956615507196423,0.28234368938057613,2020-04-29,Between Queensland AUSTRALIA,Between,Queensland,AUSTRALIA,-20.9175738,142.7027956
1970,2020-04-29|Between Smith’s Rock & Moreton Island Queensland AUSTRALIA,0.8110204270082022,-0.5089651096642549,0.009297773368369944,-0.04914865882316821,0.4038944213451441,0.16313070359372878,0.12177875004723218,2020-04-29,Between Smith’s Rock & Moreton Island Queensland AUSTRALIA,Between Smith’s Rock & Moreton Island,Queensland,AUSTRALIA,-27.178901,153.3730896
1971,2020-04-29|Between Wynnum & St Helena Island Queensland AUSTRALIA,0.8627372512865943,-0.573815648632422,-0.006593439720399635,0.010167927555260733,0.43192069840917086,0.18655548971426592,0.12468476574755298,2020-04-29,Between Wynnum & St Helena Island Queensland AUSTRALIA,Between Wynnum & St. Helena Island,Queensland,AUSTRALIA,-27.391666700000002,153.2327778
1972,2020-04-29|Bherwerre Beach New South Wales AUSTRALIA,0.5709903660599299,-0.42538353615735575,0.03903187666515105,0.0437503186479247,0.2905821388669655,0.08443797942850043,0.08388383804826988,2020-04-29,Bherwerre Beach New South Wales AUSTRALIA,Bherwerre Beach,New South Wales,AUSTRALIA,-35.163734600000005,150.6497392
1973,2020-04-29|Bilgola Beach Sydney New South Wales AUSTRALIA,0.5978067468753732,-0.4111345181341405,0.04912016090173721,0.05616703340566754,0.2966546044263266,0.0880039543273403,0.0856368078609408,2020-04-29,Bilgola Beach Sydney New South Wales AUSTRALIA,Bilgola Beach,New South Wales,AUSTRALIA,-33.6444858,151.3275826
1974,2020-04-29|Binalong Bay Tasmania AUSTRALIA,0.47484422553376204,-0.4512287840199025,0.04371371742952893,0.08958185215381362,0.27062322797925265,0.07323693152191056,0.0781221967613935,2020-04-29,Binalong Bay Tasmania AUSTRALIA,Binalong Bay,Tasmania,AUSTRALIA,-41.249126399999994,148.2928957
1975,2020-04-29|Binningup Western Australia AUSTRALIA,0.29461898720299695,-0.22410322596289395,-0.022889893324728367,-0.08801259500481061,0.18516844516822512,0.03428735308601799,0.05135648643476753,2020-04-29,Binningup Western Australia AUSTRALIA,Binningup,Western Australia,AUSTRALIA,-33.135769399999994,115.72061599999999
1976,2020-04-29|Birubi Point New South Wales AUSTRALIA,0.6120497886121181,-0.4039067974474302,0.051696596249940864,0.05855587345157508,0.3001988266487827,0.09011933552130591,0.08665993668804226,2020-04-29,Birubi Point New South Wales AUSTRALIA,Birubi Point,New South Wales,AUSTRALIA,-32.7884091,152.08031430000003
1977,2020-04-29|Black Head south of Taree New South Wales AUSTRALIA,0.6298254513722936,-0.3938389330493863,0.05395833123135509,0.05993139144978595,0.30463390271161167,0.09280181468130767,0.08794023286741763,2020-04-29,Black Head south of Taree New South Wales AUSTRALIA,Black Head,New South Wales,AUSTRALIA,-31.8894897,152.4444453
1978,2020-04-29|Black Point Eyre Peninsula South Australia AUSTRALIA,1.0901458114612532,-0.7793170899099855,0.15154704220632376,0.13919828061462552,0.6591195550049008,0.43443858778985844,0.19027142625511292,2020-04-29,Black Point Eyre Peninsula South Australia AUSTRALIA,Black Point,South Australia,AUSTRALIA,-34.6106775,137.8773175
1979,2020-04-29|Black Point South Australia AUSTRALIA,1.0901433700313994,-0.7793160945494743,0.15154671692554728,0.139198374213155,0.6591184100974247,0.43443707852935687,0.19027109574879314,2020-04-29,Black Point South Australia AUSTRALIA,Black Point,South Australia,AUSTRALIA,-34.6106775,137.8773175
1980,2020-04-29|Black’s Beach 9 miles north of Mackay Queensland AUSTRALIA,1.5171984229120585,-0.8766087770157611,0.23052562211706942,0.3483881868889978,0.794297343512836,0.6309082699115482,0.23948966003710098,2020-04-29,Black’s Beach 9 miles north of Mackay Queensland AUSTRALIA,Black’s Beach,Queensland,AUSTRALIA,-21.062778,149.1875
1981,2020-04-29|Blairgowrie Victoria AUSTRALIA,1.0891028517527086,-1.1023057933170077,0.10758424784213462,0.17038637442166787,0.6813893175297734,0.4642914020436903,0.19670015294937504,2020-04-29,Blairgowrie Victoria AUSTRALIA,Blairgowrie,Victoria,AUSTRALIA,-38.36,144.769
1982,2020-04-29|Blue Bay New South Wales AUSTRALIA,0.603641358647572,-0.4086053993014497,0.05068707906861495,0.05793635952314197,0.2981281239451537,0.08888037828705693,0.08606217630636631,2020-04-29,Blue Bay New South Wales AUSTRALIA,Blue Bay,New South Wales,AUSTRALIA,-33.353,151.501
1983,2020-04-29|Boarding School Bay Victoria AUSTRALIA,0.4307349361001926,-0.4619073941064178,0.06065373583679424,0.0962993663659156,0.29321985289354785,0.08597788213091383,0.08464528049991617,2020-04-29,Boarding School Bay Victoria AUSTRALIA,Boarding School Bay,Victoria,AUSTRALIA,-37.471307700000004,144.7851531
1984,2020-04-29|Boat Harbour north of Cronulla New South Wales AUSTRALIA,0.6123405007753862,-0.4025817888941888,0.051916020421951536,0.05877430829195129,0.3000267176940058,0.09001603133023865,0.08661025311235705,2020-04-29,Boat Harbour north of Cronulla New South Wales AUSTRALIA,Boat Harbour,New South Wales,AUSTRALIA,-32.7844827,152.110421
1985,2020-04-29|Bombo Beach New South Wales AUSTRALIA,0.5842266075876947,-0.41901666883101746,0.04359043427296095,0.049268510131645404,0.29364913117282776,0.08622981223855661,0.08476920246496591,2020-04-29,Bombo Beach New South Wales AUSTRALIA,Bombo Beach,New South Wales,AUSTRALIA,-34.656041200000004,150.8556659
1986,2020-04-29|Bondi Beach New South Wales AUSTRALIA,0.5933047578645227,-0.4112942134321142,0.047470807545478944,0.05399246601201727,0.295103205183202,0.08708590170939902,0.08518895747562152,2020-04-29,Bondi Beach New South Wales AUSTRALIA,Bondi Beach,New South Wales,AUSTRALIA,-33.8914755,151.2766845
1987,2020-04-29|Bondi Beach Sydney New South Wales AUSTRALIA,0.59329481592638,-0.4112974118236251,0.04746348832914805,0.05397975552060515,0.29509922508333036,0.08708355264478207,0.08518780851975538,2020-04-29,Bondi Beach Sydney New South Wales AUSTRALIA,Bondi Beach,New South Wales,AUSTRALIA,-33.8914755,151.2766845
1988,2020-04-29|Bondi New South Wales AUSTRALIA,0.59329481592638,-0.4112974118236251,0.04746348832914805,0.05397975552060515,0.29509922508333036,0.08708355264478207,0.08518780851975538,2020-04-29,Bondi New South Wales AUSTRALIA,Bondi,New South Wales,AUSTRALIA,-33.89195,151.26099
1989,2020-04-29|Bondi Sydney New South Wales AUSTRALIA,0.59329481592638,-0.4112974118236251,0.04746348832914805,0.05397975552060515,0.29509922508333036,0.08708355264478207,0.08518780851975538,2020-04-29,Bondi Sydney New South Wales AUSTRALIA,Bondi,New South Wales,AUSTRALIA,-33.89195,151.26099
1990,2020-04-29|Boot Reef Torres Strait Queensland AUSTRALIA,1.003613446502758,-1.771407096226822,0.04602162504002841,0.35582398850185537,0.964622577501531,0.9304967170256973,0.26753816651169277,2020-04-29,Boot Reef Torres Strait Queensland AUSTRALIA,Boot Reef,Queensland,AUSTRALIA,-10.2199025,141.93685449999998
1991,2020-04-29|Booti Booti National Park New South Wales AUSTRALIA,0.6251847497514414,-0.3978501250025582,0.05378421601184418,0.0602409760723194,0.30347061365673617,0.09209441335319601,0.08760442024292878,2020-04-29,Booti Booti National Park New South Wales AUSTRALIA,Booti Booti National Park,New South Wales,AUSTRALIA,-32.312709600000005,152.5179343
1992,2020-04-29|Botany Bay New South Wales AUSTRALIA,0.5900636232415595,-0.41304190197843627,0.045777359479893844,0.0517845489142954,0.29434928464580057,0.08664150137149451,0.08497131936301337,2020-04-29,Botany Bay New South Wales AUSTRALIA,Botany Bay,New South Wales,AUSTRALIA,-33.9930374,151.175278
1993,2020-04-29|Botany Bay Sydney New South Wales AUSTRALIA,0.5900740438645086,-0.4130392186597884,0.04578268126944904,0.05178669441826068,0.2943534219662673,0.0866439370232514,0.08497251370455597,2020-04-29,Botany Bay Sydney New South Wales AUSTRALIA,Botany Bay,New South Wales,AUSTRALIA,-33.9930374,151.175278
1994,2020-04-29|Botany Bay? New South Wales AUSTRALIA,0.5900740438645086,-0.4130392186597884,0.04578268126944904,0.05178669441826068,0.2943534219662673,0.0866439370232514,0.08497251370455597,2020-04-29,Botany Bay? New South Wales AUSTRALIA,Botany Bay?,New South Wales,AUSTRALIA,-33.9930374,151.175278
1995,2020-04-29|Bowen Queensland AUSTRALIA,0.7305071296157191,-0.3664214065946449,0.09024745745575011,-0.1282788783990209,0.43883395384129265,0.19257523904398177,0.13877148087556815,2020-04-29,Bowen Queensland AUSTRALIA,Bowen,Queensland,AUSTRALIA,-20.012102399999996,148.24627900000002
1996,2020-04-29|Boyup Brook Western Australia AUSTRALIA,0.3036439974012465,-0.23283638171463306,-0.00068811884927942,-0.04681268862013031,0.20281226369591987,0.04113281430546334,0.054203857470441645,2020-04-29,Boyup Brook Western Australia AUSTRALIA,Boyup Brook,Western Australia,AUSTRALIA,-33.829471500000004,116.3841139
1997,2020-04-29|Bradleys Head Sydney New South Wales AUSTRALIA,0.5946636602352761,-0.4109475859361902,0.04781224736925662,0.05438999151514525,0.29550128968150235,0.08732101220343118,0.08530387457174848,2020-04-29,Bradleys Head Sydney New South Wales AUSTRALIA,Bradleys Head,New South Wales,AUSTRALIA,-33.843012,151.2441915
1998,2020-04-29|Bramble Reef Queensland AUSTRALIA,0.5380023374776344,-0.35254894998266423,0.08065225364483154,-0.06907153492817954,0.38431625416242354,0.14769898321343655,0.14525789047338064,2020-04-29,Bramble Reef Queensland AUSTRALIA,Bramble Reef,Queensland,AUSTRALIA,-18.4082815,146.70503100000002
1999,2020-04-29|Bribie Island Queensland AUSTRALIA,0.692755082183399,-0.4028182636337445,0.023245590988071496,-0.04674330091647222,0.3393600184791547,0.11516522214217222,0.10232089546758465,2020-04-29,Bribie Island Queensland AUSTRALIA,Bribie Island,Queensland,AUSTRALIA,-26.986100300000004,153.1325243
2000,2020-04-29|Bribie Passage Caloundra Queensland AUSTRALIA,0.654501326771067,-0.36860675026812006,0.03869966232515743,-0.010118828767818357,0.31892683537292,0.1017143263209856,0.09616005895522017,2020-04-29,Bribie Passage Caloundra Queensland AUSTRALIA,Bribie Passage,Queensland,AUSTRALIA,-26.804309999999997,153.128613
2001,2020-04-29|Brible Island Queensland AUSTRALIA,0.692755082183399,-0.4028182636337445,0.023245590988071496,-0.04674330091647222,0.3393600184791547,0.11516522214217222,0.10232089546758465,2020-04-29,Brible Island Queensland AUSTRALIA,Brible Island,Queensland,AUSTRALIA,-26.986100300000004,153.1325243
2002,2020-04-29|Bridport Tasmania AUSTRALIA,1.1923980599457003,-1.099572910650559,0.21608863800849323,0.36859693314095,0.7932351985815504,0.6292220802687118,0.2391694112907326,2020-04-29,Bridport Tasmania AUSTRALIA,Bridport,Tasmania,AUSTRALIA,-41.014520700000006,147.4070438
2003,2020-04-29|Brighton Beach Adelaide South Australia AUSTRALIA,0.964046144978364,-0.6910005608639617,0.11661776096809359,0.11748070859710916,0.5511730237662831,0.3037917021276676,0.15286789221860506,2020-04-29,Brighton Beach Adelaide South Australia AUSTRALIA,Brighton Beach,South Australia,AUSTRALIA,-35.0244116,138.51712980000002
2004,2020-04-29|Brighton Victoria AUSTRALIA,0.4330595248716297,-0.46475301895603816,0.05981920159887368,0.09393061077700302,0.2951440890140455,0.08711003327993082,0.08520075962099302,2020-04-29,Brighton Victoria AUSTRALIA,Brighton,Victoria,AUSTRALIA,-37.9043383,144.9931825
2005,2020-04-29|Brisbane Queensland AUSTRALIA,0.8666614111674893,-0.5441191777213173,0.012182403577166469,0.05502722178903314,0.429075638797146,0.18410590380917888,0.12937117277929033,2020-04-29,Brisbane Queensland AUSTRALIA,Brisbane,Queensland,AUSTRALIA,-27.469770699999998,153.0251235
2006,2020-04-29|Brisbane River Queensland AUSTRALIA,0.6494316630883875,-0.3648869301985435,0.03979340110283124,-0.006748630334543862,0.31643821832681807,0.10013314601785099,0.09540971268351084,2020-04-29,Brisbane River Queensland AUSTRALIA,Brisbane River,Queensland,AUSTRALIA,-26.895106800000004,152.318608
2007,2020-04-29|Broken Head Beach New South Wales AUSTRALIA,0.6485303315940002,-0.3396645410998383,0.04770990679043019,0.032920837828957425,0.31772103867632234,0.10094665841756112,0.09579649757194159,2020-04-29,Broken Head Beach New South Wales AUSTRALIA,Broken Head Beach,New South Wales,AUSTRALIA,-28.701846399999997,153.6139946
2008,2020-04-29|Broken Head New South Wales AUSTRALIA,0.6497633626041889,-0.34335089018396203,0.04684136847437619,0.03306371422685435,0.31865081807200457,0.10153834385795776,0.09607683660769444,2020-04-29,Broken Head New South Wales AUSTRALIA,Broken Head,New South Wales,AUSTRALIA,-28.7264578,153.5983166
2009,2020-04-29|Bronte Beach New South Wales AUSTRALIA,0.59329481592638,-0.4112974118236251,0.04746348832914805,0.05397975552060515,0.29509922508333036,0.08708355264478207,0.08518780851975538,2020-04-29,Bronte Beach New South Wales AUSTRALIA,Bronte Beach,New South Wales,AUSTRALIA,-33.90532,151.26068999999998
2010,2020-04-29|Bronte New South Wales AUSTRALIA,0.59329481592638,-0.4112974118236251,0.04746348832914805,0.05397975552060515,0.29509922508333036,0.08708355264478207,0.08518780851975538,2020-04-29,Bronte New South Wales AUSTRALIA,Bronte,New South Wales,AUSTRALIA,-33.90532,151.26068999999998
2011,2020-04-29|Broome Head New South Wales AUSTRALIA,0.6431737598696435,-0.3637412923131547,0.047241615111389516,0.03608790902911802,0.3193272389011426,0.1019698855042274,0.09628078516138826,2020-04-29,Broome Head New South Wales AUSTRALIA,Broome Head,New South Wales,AUSTRALIA,-29.6430001,153.30745190000002
2012,2020-04-29|Broome Western Australia AUSTRALIA,2.722598243658713,-2.3687414916162006,0.766592989406258,1.2395676403547349,1.8228082309869547,3.3226298469537907,0.5261994114206919,2020-04-29,Broome Western Australia AUSTRALIA,Broome,Western Australia,AUSTRALIA,-17.964429100000004,122.23036570000001
2013,2020-04-29|Broomfield Island Queensland AUSTRALIA,0.9894519651978375,-0.5530156191701249,0.050560039440613866,0.10148539289405939,0.45868468412064156,0.21039163944685274,0.13829863584644142,2020-04-29,Broomfield Island Queensland AUSTRALIA,Broomfield Island,Queensland,AUSTRALIA,-26.9601877,149.0840869
2014,2020-04-29|Broomfield Reef Queensland AUSTRALIA,0.8811519140485227,-0.5523269586579261,-0.019843761577120405,-0.0471271966242284,0.4100867639214869,0.16817115394359736,0.1183818517705865,2020-04-29,Broomfield Reef Queensland AUSTRALIA,Broomfield Reef,Queensland,AUSTRALIA,-23.2670335,151.93534019999998
2015,2020-04-29|Broughton Island New South Wales AUSTRALIA,0.6151836107298992,-0.402007699959199,0.05214509644431853,0.05886831876213623,0.3008720230720625,0.09052397426747573,0.0868542717561413,2020-04-29,Broughton Island New South Wales AUSTRALIA,Broughton Island,New South Wales,AUSTRALIA,-32.6157855,152.31398269999997
2016,2020-04-29|Browns Inlet Broadwater Queensland AUSTRALIA,1.3992849139512822,-1.1287588765446765,0.13679240534087184,0.11797121147810918,0.9780672304072062,0.956615507196423,0.28234368938057613,2020-04-29,Browns Inlet Broadwater Queensland AUSTRALIA,Brown's Inlet,Queensland,AUSTRALIA,-20.9175738,142.7027956
2017,2020-04-29|Brunswick Heads New South Wales AUSTRALIA,0.6453239245317134,-0.3341434495055827,0.048548260096406004,0.03354184152586338,0.3157736790229705,0.099713016363702,0.09520934654448299,2020-04-29,Brunswick Heads New South Wales AUSTRALIA,Brunswick Heads,New South Wales,AUSTRALIA,-28.5557919,153.54363940000002
2018,2020-04-29|Buddina Beach south of Noosa Queensland AUSTRALIA,0.6485161620686545,-0.362964880983766,0.040941404869554825,-0.003620315357149723,0.31560952625885763,0.09960937306534054,0.09515985262385916,2020-04-29,Buddina Beach south of Noosa Queensland AUSTRALIA,Buddina Beach,Queensland,AUSTRALIA,-26.3864103,153.0923901
2019,2020-04-29|Bullcock Beach Queensland AUSTRALIA,0.654501326771067,-0.36860675026812006,0.03869966232515743,-0.010118828767818357,0.31892683537292,0.1017143263209856,0.09616005895522017,2020-04-29,Bullcock Beach Queensland AUSTRALIA,Bullcock Beach,Queensland,AUSTRALIA,-26.806945199999998,153.131696
2020,2020-04-29|Bunbury Western Australia AUSTRALIA,0.3004354129290096,-0.2296109074210127,-0.0003778667605067335,-0.04618423045661664,0.20046837579564977,0.04018756969414586,0.05357742707931196,2020-04-29,Bunbury Western Australia AUSTRALIA,Bunbury,Western Australia,AUSTRALIA,-33.3209971,115.63834820000001
2021,2020-04-29|Bundegi Sanctuary Zone Ningaloo Western Australia AUSTRALIA,0.5040492858703357,-0.44105106559177865,0.0540982422622457,0.03645382355221937,0.2808704315060843,0.078888199294414,0.07789944173514488,2020-04-29,Bundegi Sanctuary Zone Ningaloo Western Australia AUSTRALIA,Bundegi Sanctuary Zone,Western Australia,AUSTRALIA,-22.6799051,113.69804909999999
2022,2020-04-29|Bunker Bay Western Australia AUSTRALIA,0.2978929978499685,-0.23372809607629155,0.012715088332564222,-0.005267144375930588,0.20169732342482288,0.04068181027673761,0.05594077244092638,2020-04-29,Bunker Bay Western Australia AUSTRALIA,Bunker Bay,Western Australia,AUSTRALIA,-33.5426804,115.0391851
2023,2020-04-29|Burleigh Heads Brisbane Queensland AUSTRALIA,0.6509698688400267,-0.3328445183280158,0.04841526629654132,0.036735993622188524,0.31778608398216196,0.10098799517271768,0.09581610946956376,2020-04-29,Burleigh Heads Brisbane Queensland AUSTRALIA,Burleigh Heads,Queensland,AUSTRALIA,-28.104,153.436
2024,2020-04-29|Burleigh Lake on the Gold Coast Queensland AUSTRALIA,0.6512907012084473,-0.3315103260204515,0.04801196949830508,0.03561786424033128,0.31771653065850336,0.10094379385367572,0.09579513835342761,2020-04-29,Burleigh Lake on the Gold Coast Queensland AUSTRALIA,Burleigh Lake on the Gold Coast,Queensland,AUSTRALIA,-28.087777799999998,153.4408333
2025,2020-04-29|Burnett River Queensland AUSTRALIA,0.8516589101985215,-0.56436062234689,-0.0027683874434090354,-0.048444814523327516,0.42459025915954335,0.1802768881731682,0.12801877993381502,2020-04-29,Burnett River Queensland AUSTRALIA,Burnett River,Queensland,AUSTRALIA,-25.3273915,151.813121
2026,2020-04-29|Burns Beach Perth Western Australia AUSTRALIA,0.273097039219878,-0.21216125592887428,0.007904844655562468,-0.014918184302599342,0.18128514288505038,0.03286430303085313,0.05027945216552807,2020-04-29,Burns Beach Perth Western Australia AUSTRALIA,Burns Beach,Western Australia,AUSTRALIA,-31.724687199999998,115.7248959
2027,2020-04-29|Bushrangers Pass at Bass Point New South Wales AUSTRALIA,0.5842372214716857,-0.4190138023542037,0.04359581989478142,0.04927063009392087,0.29365325921902313,0.08623223664995479,0.08477039412925698,2020-04-29,Bushrangers Pass at Bass Point New South Wales AUSTRALIA,Bushrangers Pass at Bass Point,New South Wales,AUSTRALIA,-34.5973075,150.8997956
2028,2020-04-29|Bushy Ilet Queensland AUSTRALIA,1.323476429308088,-0.8157175552144936,0.04109578957243662,-0.035089205113879314,0.7311765912049293,0.5346192075260603,0.22045803713798404,2020-04-29,Bushy Ilet Queensland AUSTRALIA,Bushy Ilet,Queensland,AUSTRALIA,-20.9539613,150.0725668
2029,2020-04-29|Busselton Western Australia AUSTRALIA,0.30452116411798696,-0.23428532921517164,-0.0015875496150837079,-0.04721864124825842,0.20416505257956946,0.04168336869481836,0.05456540550753116,2020-04-29,Busselton Western Australia AUSTRALIA,Busselton,Western Australia,AUSTRALIA,-33.653158399999995,115.3454892
2030,2020-04-29|Byron Bay New South Wales AUSTRALIA,0.6469176745335787,-0.33647344694570586,0.048497572336330966,0.033310185364447,0.3166702747310475,0.1002800628982371,0.09547968032196792,2020-04-29,Byron Bay New South Wales AUSTRALIA,Byron Bay,New South Wales,AUSTRALIA,-28.647367100000004,153.601977
2031,2020-04-29|Cabbage Tree Creek Sandgate Queensland AUSTRALIA,0.8257272539223167,-0.5428244991907657,-0.005710472017383145,0.007463303841288252,0.4086318288707051,0.16697997156621722,0.11796184819897534,2020-04-29,Cabbage Tree Creek Sandgate Queensland AUSTRALIA,Cabbage Tree Creek,Queensland,AUSTRALIA,-27.357138199999998,153.00638469999998
2032,2020-04-29|Cabramatta Creek George’s River New South Wales AUSTRALIA,0.5885796194322114,-0.4144641995974928,0.0449323845082751,0.05071132429400209,0.2941459216135463,0.08652182320188252,0.08491261351230577,2020-04-29,Cabramatta Creek George’s River New South Wales AUSTRALIA,Cabramatta Creek,New South Wales,AUSTRALIA,-33.9224412,150.9010938
2033,2020-04-29|Cactus Beach South Australia AUSTRALIA,0.5476943775748624,-0.496326910213126,0.02588426794272005,0.043150417861359536,0.32583485393547285,0.10616835203915091,0.09824290492038364,2020-04-29,Cactus Beach South Australia AUSTRALIA,Cactus Beach,South Australia,AUSTRALIA,-32.083500300000004,132.982204
2034,2020-04-29|Cactus Beach near Ceduna South Australia AUSTRALIA,0.5476943775748624,-0.496326910213126,0.02588426794272005,0.043150417861359536,0.32583485393547285,0.10616835203915091,0.09824290492038364,2020-04-29,Cactus Beach near Ceduna South Australia AUSTRALIA,Cactus Beach,South Australia,AUSTRALIA,-32.083500300000004,132.982204
2035,2020-04-29|Cactus Beach near Penong South Australia AUSTRALIA,0.5476943775748624,-0.496326910213126,0.02588426794272005,0.043150417861359536,0.32583485393547285,0.10616835203915091,0.09824290492038364,2020-04-29,Cactus Beach near Penong South Australia AUSTRALIA,Cactus Beach near Penong,South Australia,AUSTRALIA,-32.083500300000004,132.982204
2036,2020-04-29|Cairns Aquarium Queensland AUSTRALIA,0.48578829336573903,-0.30414410734200387,0.06613754240550339,-0.039836112668554684,0.33557986633177717,0.11261384668725344,0.12683726733059705,2020-04-29,Cairns Aquarium Queensland AUSTRALIA,Cairns Aquarium,Queensland,AUSTRALIA,-16.9184171,145.7738313
2037,2020-04-29|Calliope River Queensland AUSTRALIA,1.006056882153815,-0.5567527559592691,0.055822455360769734,0.11351242904366035,0.465172462083581,0.2163854194809006,0.14025477450336926,2020-04-29,Calliope River Queensland AUSTRALIA,Calliope River,Queensland,AUSTRALIA,-23.9815319,151.0075239
2038,2020-04-29|Caloundra Heads Queensland AUSTRALIA,0.654501326771067,-0.36860675026812006,0.03869966232515743,-0.010118828767818357,0.31892683537292,0.1017143263209856,0.09616005895522017,2020-04-29,Caloundra Heads Queensland AUSTRALIA,Caloundra Heads,Queensland,AUSTRALIA,-26.799,153.13299999999998
2039,2020-04-29|Caloundra Queensland AUSTRALIA,0.654501326771067,-0.36860675026812006,0.03869966232515743,-0.010118828767818357,0.31892683537292,0.1017143263209856,0.09616005895522017,2020-04-29,Caloundra Queensland AUSTRALIA,Caloundra,Queensland,AUSTRALIA,-26.799,153.13299999999998
2040,2020-04-29|Canadian Bay near Mount Eliza Victoria AUSTRALIA,0.442702870083745,-0.4760948788440522,0.07495753642479067,0.09354960113143344,0.306883617492675,0.09417755468539046,0.09252889213910455,2020-04-29,Canadian Bay near Mount Eliza Victoria AUSTRALIA,Canadian Bay near Mount Eliza,Victoria,AUSTRALIA,-38.191611,145.09546559999998
2041,2020-04-29|Cape Douglas South Australia AUSTRALIA,0.38494449089547567,-0.3927129273994139,0.037282862754398405,0.043127167256451895,0.253873175688067,0.06445158933394414,0.0765456425539359,2020-04-29,Cape Douglas South Australia AUSTRALIA,Cape Douglas,South Australia,AUSTRALIA,-38.0146455,140.5819172
2042,2020-04-29|Cape Elizabeth South Australia AUSTRALIA,0.5840001317824317,-0.3407077084852782,0.07580354764163089,-0.02093497510230829,0.3574706494635235,0.1277852652278733,0.1130421448964382,2020-04-29,Cape Elizabeth South Australia AUSTRALIA,Cape Elizabeth,South Australia,AUSTRALIA,-34.1333333,137.45
2043,2020-04-29|Cape Howe New South Wales AUSTRALIA,0.5451934975726554,-0.4471907462678128,0.02967682584847618,0.03281457861166902,0.2876154187035956,0.0827226290760446,0.08302741970580392,2020-04-29,Cape Howe New South Wales AUSTRALIA,Cape Howe,New South Wales,AUSTRALIA,-37.5021775,149.9781828
2044,2020-04-29|Cape Jervis South Australia AUSTRALIA,0.5595560891815405,-0.28878462559747425,0.02827333389641312,-0.0763076515761142,0.2871769074906655,0.08247057619590226,0.08290083242238999,2020-04-29,Cape Jervis South Australia AUSTRALIA,Cape Jervis,South Australia,AUSTRALIA,-35.6061701,138.11540459999998
2045,2020-04-29|Cape Levêque Western Australia AUSTRALIA,2.3985390531031587,-2.0344496557000085,0.706465689852135,1.1143137449903804,1.5467286032507934,2.3923693721141506,0.4465020877250698,2020-04-29,Cape Levêque Western Australia AUSTRALIA,Cape Levêque,Western Australia,AUSTRALIA,-16.4,122.93333329999999
2046,2020-04-29|Cape Moreton Queensland AUSTRALIA,0.6449887141644977,-0.3507696141528151,0.04545121523147289,0.012194991765139471,0.3115941455707163,0.09709091155394475,0.09394916979358608,2020-04-29,Cape Moreton Queensland AUSTRALIA,Cape Moreton,Queensland,AUSTRALIA,-27.0333333,153.4666667
2047,2020-04-29|Cape Nelson Victoria AUSTRALIA,0.3829681271908525,-0.4035599738163488,0.03797329242178674,0.038592181727948274,0.25663962992477374,0.06586389964792481,0.07737975989055819,2020-04-29,Cape Nelson Victoria AUSTRALIA,Cape Nelson,Victoria,AUSTRALIA,-38.384739399999994,141.565049
2048,2020-04-29|Cape Pillar Storm Bay Tasmania AUSTRALIA,0.346161297554395,-0.4639092907843039,0.005314796120845997,0.0954803314840173,0.25317363460615877,0.0640968892596928,0.07021773239754536,2020-04-29,Cape Pillar Storm Bay Tasmania AUSTRALIA,Cape Pillar,Tasmania,AUSTRALIA,-43.17,147.44
2049,2020-04-29|Carnac Island Western Australia AUSTRALIA,0.27393741165519847,-0.2014056420001563,0.026511233432942562,0.018502504193600347,0.17740349001311376,0.03147199826883296,0.05121197635712516,2020-04-29,Carnac Island Western Australia AUSTRALIA,Carnac Island,Western Australia,AUSTRALIA,-32.12095789999999,115.66209009999999
2050,2020-04-29|Carnarvon Western Australia AUSTRALIA,0.5178947347999808,-0.4471317057693318,0.0811647330868527,0.09558195570284193,0.2921444048542968,0.08534835328767128,0.08102627934939062,2020-04-29,Carnarvon Western Australia AUSTRALIA,Carnarvon,Western Australia,AUSTRALIA,-24.8877473,113.6621827
2051,2020-04-29|Carrara Nerang River Queensland AUSTRALIA,0.6515086119760994,-0.33029675273343023,0.04756579052804694,0.03469197345428568,0.3176168627169333,0.10088047148214725,0.09576508733835352,2020-04-29,Carrara Nerang River Queensland AUSTRALIA,Carrara,Queensland,AUSTRALIA,-28.0211196,153.3618544
2052,2020-04-29|Carrickalinga Head South Australia AUSTRALIA,0.8541322961862057,-0.5842984263606024,0.10185714309301533,0.052834929892181956,0.47558694633147225,0.22618294352089466,0.13190408622611258,2020-04-29,Carrickalinga Head South Australia AUSTRALIA,Carrickalinga Head,South Australia,AUSTRALIA,-35.428351899999996,138.3308642
2053,2020-04-29|Carrum Victoria AUSTRALIA,0.4409584897672356,-0.4734351772090037,0.058927942359199896,0.09183196864303242,0.2983162837571038,0.08899260515464885,0.08611649336540633,2020-04-29,Carrum Victoria AUSTRALIA,Carrum,Victoria,AUSTRALIA,-38.076,145.122
2054,2020-04-29|Castle Rock north of Dunsborough Western Australia AUSTRALIA,0.2978929978499685,-0.23372809607629155,0.012715088332564222,-0.005267144375930588,0.20169732342482288,0.04068181027673761,0.05594077244092638,2020-04-29,Castle Rock north of Dunsborough Western Australia AUSTRALIA,Castle Rock,Western Australia,AUSTRALIA,-33.583762899999996,115.09000060000001
2055,2020-04-29|Cathedral Rock Victoria AUSTRALIA,0.3342086635717058,-0.23365076472762916,0.05108204533488543,0.05316658726820567,0.21655227538204797,0.046894887973142334,0.07218409179401598,2020-04-29,Cathedral Rock Victoria AUSTRALIA,Cathedral Rock,Victoria,AUSTRALIA,-31.434438800000002,120.85630420000001
2056,2020-04-29|Catseye Beach Hamilton Island Whitsundays Queensland AUSTRALIA,1.1629694881701458,-0.6714304820063004,0.1491915876329702,0.17420204424899793,0.6142382983480487,0.3772886871575064,0.18519981522607767,2020-04-29,Catseye Beach Hamilton Island Whitsundays Queensland AUSTRALIA,Catseye Beach,Queensland,AUSTRALIA,-20.3464395,148.9574515
2057,2020-04-29|Cave at Shell Harbour New South Wales AUSTRALIA,0.5842266075876947,-0.41901666883101746,0.04359043427296095,0.049268510131645404,0.29364913117282776,0.08622981223855661,0.08476920246496591,2020-04-29,Cave at Shell Harbour New South Wales AUSTRALIA,Cave at Shell Harbour,New South Wales,AUSTRALIA,-34.64434779999999,150.8558397
2058,2020-04-29|Caves Beach New South Wales AUSTRALIA,0.6086247257729488,-0.40659969450315525,0.05187954669261107,0.05920729575268675,0.2995124613350072,0.08970771449495417,0.0864618000887069,2020-04-29,Caves Beach New South Wales AUSTRALIA,Caves Beach,New South Wales,AUSTRALIA,-33.1063425,151.6450391
2059,2020-04-29|Ceduna South Australia AUSTRALIA,0.5848010404059795,-0.5585677895370825,0.014324500327224808,0.03542945474219402,0.3561822188850341,0.12686577304986635,0.10739297973071794,2020-04-29,Ceduna South Australia AUSTRALIA,Ceduna,South Australia,AUSTRALIA,-32.130585100000005,133.6817145
2060,2020-04-29|Cellito Beach New South Wales AUSTRALIA,0.6230021192818443,-0.3982021574476853,0.05356814945253883,0.06010801248908609,0.30274232416602515,0.09165291484144665,0.08739418117617379,2020-04-29,Cellito Beach New South Wales AUSTRALIA,Cellito Beach,New South Wales,AUSTRALIA,-32.3789104,152.529459
2061,2020-04-29|Charles Street Wharf Parramatta River New South Wales AUSTRALIA,0.5946641822134628,-0.41094811691620636,0.04781195141000552,0.0543895540647273,0.2955014938651354,0.08732113287652667,0.08530393351448624,2020-04-29,Charles Street Wharf Parramatta River New South Wales AUSTRALIA,Charles Street Wharf,New South Wales,AUSTRALIA,-33.834442700000004,151.0923358
2062,2020-04-29|Cheviot Beach Portsea Port Phillip Bay Victoria AUSTRALIA,0.8838355903537364,-0.8993864967555725,0.06282588055391536,0.09606240979689322,0.5555002339313699,0.3085805098978068,0.16035910479758828,2020-04-29,Cheviot Beach Portsea Port Phillip Bay Victoria AUSTRALIA,Cheviot Beach,Victoria,AUSTRALIA,-38.3136027,144.66766669999998
2063,2020-04-29|Cheynes Beach Western Australia AUSTRALIA,0.3146431489477669,-0.22962808553887237,0.04549146604388081,0.04787692615129627,0.20920069795475632,0.04376493202475719,0.06615506936339587,2020-04-29,Cheynes Beach Western Australia AUSTRALIA,Cheynes Beach,Western Australia,AUSTRALIA,-34.88414,118.404629
2064,2020-04-29|Chimney Point George’s Bay Tasmania AUSTRALIA,0.47484422553376204,-0.4512287840199025,0.04371371742952893,0.08958185215381362,0.27062322797925265,0.07323693152191056,0.0781221967613935,2020-04-29,Chimney Point George’s Bay Tasmania AUSTRALIA,Chimney Point,Tasmania,AUSTRALIA,-41.31,148.29
2065,2020-04-29|Chowder Bay Sydney New South Wales AUSTRALIA,0.5946641822134628,-0.41094811691620636,0.04781195141000552,0.0543895540647273,0.2955014938651354,0.08732113287652667,0.08530393351448624,2020-04-29,Chowder Bay Sydney New South Wales AUSTRALIA,Chowder Bay,New South Wales,AUSTRALIA,-33.833420600000004,151.25995830000002
2066,2020-04-29|Cid Harbor Whitsundays Queensland AUSTRALIA,0.9548406222677455,-0.529848953826065,0.07870329614064918,-0.015103605131615652,0.5259003576822041,0.2765711862102702,0.15181435653737052,2020-04-29,Cid Harbor Whitsundays Queensland AUSTRALIA,Cid Harbor,Queensland,AUSTRALIA,-20.25,148.93333330000002
2067,2020-04-29|City Beach Perth Western Australia AUSTRALIA,0.2745401619143321,-0.2123795264042079,0.007399692896133309,-0.01618056844816475,0.18231774802596026,0.033239761245257536,0.05056584530267102,2020-04-29,City Beach Perth Western Australia AUSTRALIA,City Beach,Western Australia,AUSTRALIA,-31.9339651,115.76420859999999
2068,2020-04-29|Clairview Queensland AUSTRALIA,2.414145112455588,-1.9657273963324287,0.1500749068539021,0.18339605323664082,1.499111785042078,2.247336144052046,0.4327562963196921,2020-04-29,Clairview Queensland AUSTRALIA,Clairview,Queensland,AUSTRALIA,-22.0422664,149.4835735
2069,2020-04-29|Clarence Head New South Wales AUSTRALIA,0.6498866260759891,-0.3655743734064314,0.04714395959125372,0.037680617063178067,0.3221569673726595,0.10378511162674879,0.09713398039762529,2020-04-29,Clarence Head New South Wales AUSTRALIA,Clarence Head,New South Wales,AUSTRALIA,-29.431929999999998,153.36539969999998
2070,2020-04-29|Clarence Heads New South Wales AUSTRALIA,0.5879845738013586,-0.4158539791270199,0.04440056287819758,0.0500122565831977,0.29423986664128643,0.08657709912108204,0.08493973310583315,2020-04-29,Clarence Heads New South Wales AUSTRALIA,Clarence Heads,New South Wales,AUSTRALIA,-33.482099100000006,150.22437649999998
2071,2020-04-29|Clarence River New South Wales AUSTRALIA,0.6498993523051566,-0.3655735772118753,0.047146123485256666,0.037678962481230184,0.32215910029873385,0.10378648590528965,0.09713462349903386,2020-04-29,Clarence River New South Wales AUSTRALIA,Clarence River,New South Wales,AUSTRALIA,-29.4612304,153.14638190000002
2072,2020-04-29|Clark Island Sydney Harbour New South Wales AUSTRALIA,0.59329481592638,-0.4112974118236251,0.04746348832914805,0.05397975552060515,0.29509922508333036,0.08708355264478207,0.08518780851975538,2020-04-29,Clark Island Sydney Harbour New South Wales AUSTRALIA,Clark Island,New South Wales,AUSTRALIA,-33.8626215,151.241028
2073,2020-04-29|Clarkes Beach Byron Bay New South Wales AUSTRALIA,0.6469176745335787,-0.33647344694570586,0.048497572336330966,0.033310185364447,0.3166702747310475,0.1002800628982371,0.09547968032196792,2020-04-29,Clarkes Beach Byron Bay New South Wales AUSTRALIA,Clarkes Beach,New South Wales,AUSTRALIA,-28.6396907,153.6272755
2074,2020-04-29|Clarks Beach Byron Bay New South Wales AUSTRALIA,0.6469176745335787,-0.33647344694570586,0.048497572336330966,0.033310185364447,0.3166702747310475,0.1002800628982371,0.09547968032196792,2020-04-29,Clarks Beach Byron Bay New South Wales AUSTRALIA,Clarks Beach,New South Wales,AUSTRALIA,-28.6396907,153.6272755
2075,2020-04-29|Clarks Island Sydney Harbor New South Wales AUSTRALIA,0.5932942933952103,-0.41129687880778265,0.04746378220515241,0.05398019013690235,0.2950990213778262,0.0870834324181507,0.08518774971504155,2020-04-29,Clarks Island Sydney Harbor New South Wales AUSTRALIA,Clark's Island,New South Wales,AUSTRALIA,-33.8626215,151.241028
2076,2020-04-29|Cleveland Queensland AUSTRALIA,0.895395071676748,-0.5848753118366258,0.06591083573204402,0.0432605630320296,0.5013572489946728,0.2513590911195064,0.1447293713336223,2020-04-29,Cleveland Queensland AUSTRALIA,Cleveland,Queensland,AUSTRALIA,-27.533333000000002,153.26666699999998
2077,2020-04-29|Clifton Beach Tasmania AUSTRALIA,0.35086765825745325,-0.410597265905555,0.040312521549350694,0.104481720482398,0.22452754836771333,0.05041261997601585,0.06481552024529301,2020-04-29,Clifton Beach Tasmania AUSTRALIA,Clifton Beach,Tasmania,AUSTRALIA,-42.989444,147.52166699999998
2078,2020-04-29|Clifton Beach southwest of Hobart Tasmania AUSTRALIA,0.35086765825745325,-0.410597265905555,0.040312521549350694,0.104481720482398,0.22452754836771333,0.05041261997601585,0.06481552024529301,2020-04-29,Clifton Beach southwest of Hobart Tasmania AUSTRALIA,Clifton Beach,Tasmania,AUSTRALIA,-42.989444,147.52166699999998
2079,2020-04-29|Coalcliff New South Wales AUSTRALIA,0.5879845738013586,-0.4158539791270199,0.04440056287819758,0.0500122565831977,0.29423986664128643,0.08657709912108204,0.08493973310583315,2020-04-29,Coalcliff New South Wales AUSTRALIA,Coalcliff,New South Wales,AUSTRALIA,-34.245726399999995,150.97291940000002
2080,2020-04-29|Cobblestones Margaret River Area Western Australia AUSTRALIA,0.2974290479120482,-0.24984204698125184,0.024168346564640102,0.02425278716824098,0.20532562772706098,0.04215861340151163,0.05927240321987377,2020-04-29,Cobblestones Margaret River Area Western Australia AUSTRALIA,Cobblestones,Western Australia,AUSTRALIA,-33.9610465,115.0767388
2081,2020-04-29|Cockatoo Island Sydney New South Wales AUSTRALIA,0.59329481592638,-0.4112974118236251,0.04746348832914805,0.05397975552060515,0.29509922508333036,0.08708355264478207,0.08518780851975538,2020-04-29,Cockatoo Island Sydney New South Wales AUSTRALIA,Cockatoo Island,New South Wales,AUSTRALIA,-33.84705579999999,151.1716362
2082,2020-04-29|Cockle Bay Sydney Harbour New South Wales AUSTRALIA,0.5932942933952103,-0.41129687880778265,0.04746378220515241,0.05398019013690235,0.2950990213778262,0.0870834324181507,0.08518774971504155,2020-04-29,Cockle Bay Sydney Harbour New South Wales AUSTRALIA,Cockle Bay,New South Wales,AUSTRALIA,-33.8661517,151.2005002
2083,2020-04-29|Coffee Head New South Wales AUSTRALIA,0.59329481592638,-0.4112974118236251,0.04746348832914805,0.05397975552060515,0.29509922508333036,0.08708355264478207,0.08518780851975538,2020-04-29,Coffee Head New South Wales AUSTRALIA,Coffee Head,New South Wales,AUSTRALIA,-33.8594282,151.2777455
2084,2020-04-29|Coffin Bay South Australia AUSTRALIA,0.48450452745767864,-0.37569226604080685,0.07614736877931849,0.041943767047632655,0.2678653953760752,0.07175187003998108,0.0807644555256947,2020-04-29,Coffin Bay South Australia AUSTRALIA,Coffin Bay,South Australia,AUSTRALIA,-34.6235585,135.4654638
2085,2020-04-29|Coff’s Harbor New South Wales AUSTRALIA,0.6346581471641531,-0.36573922739820025,0.04559493030701987,0.03625317762667001,0.3158894451291299,0.0997861415439896,0.09524425133880765,2020-04-29,Coff’s Harbor New South Wales AUSTRALIA,Coff’s Harbor,New South Wales,AUSTRALIA,-30.298612,153.10939219999997
2086,2020-04-29|Coledale Beach New South Wales AUSTRALIA,0.5879850961946183,-0.4158545302851397,0.04440027392422342,0.05001182861710918,0.2942400760150649,0.08657722233335119,0.08493979354683684,2020-04-29,Coledale Beach New South Wales AUSTRALIA,Coledale Beach,New South Wales,AUSTRALIA,-34.28763370000001,150.9490069
2087,2020-04-29|Collaroy New South Wales AUSTRALIA,0.5961541089741438,-0.4107407836238586,0.04828391956525895,0.05497213807035903,0.2959741140859148,0.08760067620894212,0.08544036722033196,2020-04-29,Collaroy New South Wales AUSTRALIA,Collaroy,New South Wales,AUSTRALIA,-33.73,151.3
2088,2020-04-29|Colledges Crossing Brisbane River Queensland AUSTRALIA,0.8666614111674893,-0.5441191777213173,0.012182403577166469,0.05502722178903314,0.429075638797146,0.18410590380917888,0.12937117277929033,2020-04-29,Colledges Crossing Brisbane River Queensland AUSTRALIA,Colledge's Crossing,Queensland,AUSTRALIA,-27.5568063,152.80267419999998
2089,2020-04-29|College’s Crossing 54 miles above mouth of the Brisbane River Queensland AUSTRALIA,0.6494316630883875,-0.3648869301985435,0.03979340110283124,-0.006748630334543862,0.31643821832681807,0.10013314601785099,0.09540971268351084,2020-04-29,College’s Crossing 54 miles above mouth of the Brisbane River Queensland AUSTRALIA,College’s Crossing,Queensland,AUSTRALIA,-26.895106800000004,152.318608
2090,2020-04-29|Collendina Beach east of Ocean Grove Victoria AUSTRALIA,1.0863633443167573,-1.0841160603241755,0.12342932436185587,0.19048226041595157,0.6738264296216792,0.45404205725669977,0.19451693526458044,2020-04-29,Collendina Beach east of Ocean Grove Victoria AUSTRALIA,Collendina Beach east of Ocean Grove,Victoria,AUSTRALIA,-38.271434,144.55914099999998
2091,2020-04-29|Collie River Western Australia AUSTRALIA,0.3004354129290096,-0.2296109074210127,-0.0003778667605067335,-0.04618423045661664,0.20046837579564977,0.04018756969414586,0.05357742707931196,2020-04-29,Collie River Western Australia AUSTRALIA,Collie River,Western Australia,AUSTRALIA,-33.3057308,115.788155
2092,2020-04-29|Condon 88 km NE of Port Hedland Western Australia AUSTRALIA,2.067221214125679,-1.8869288900283852,0.3434410431928708,0.5619154183008799,1.404162371965344,1.9716719668433413,0.4053467617200674,2020-04-29,Condon 88 km NE of Port Hedland Western Australia AUSTRALIA,Condon,Western Australia,AUSTRALIA,-20.3068645,118.61767090000001
2093,2020-04-29|Cone Bay Western Australia AUSTRALIA,2.516397632994798,-2.417931637647773,0.5677207313652471,0.8233305812318726,1.793030492401523,3.214958346681648,0.5406190346329128,2020-04-29,Cone Bay Western Australia AUSTRALIA,Cone Bay,Western Australia,AUSTRALIA,-16.4683333,123.53527779999999
2094,2020-04-29|Conspicuous Beach near Walpole Western Australia AUSTRALIA,0.28751691987620287,-0.2196986756027836,0.04496585437595838,0.053638500729707835,0.19506259932748773,0.03804941765639602,0.058813586600064395,2020-04-29,Conspicuous Beach near Walpole Western Australia AUSTRALIA,Conspicuous Beach,Western Australia,AUSTRALIA,-35.0169764,116.861579
2095,2020-04-29|Coogee Bay near Sydney New South Wales AUSTRALIA,0.5923595489693808,-0.4116908203273216,0.04689847832961171,0.05321378401722153,0.2948444349222647,0.0869332408046296,0.08511425693571631,2020-04-29,Coogee Bay near Sydney New South Wales AUSTRALIA,Coogee Bay,New South Wales,AUSTRALIA,-33.9197737,151.249673
2096,2020-04-29|Coogee New South Wales AUSTRALIA,0.5923595489693808,-0.4116908203273216,0.04689847832961171,0.05321378401722153,0.2948444349222647,0.0869332408046296,0.08511425693571631,2020-04-29,Coogee New South Wales AUSTRALIA,Coogee,New South Wales,AUSTRALIA,-33.919000000000004,151.2555
2097,2020-04-29|Cook Island New South Wales AUSTRALIA,0.6489237349793168,-0.33254819058658874,0.0487618927228274,0.036718262041971345,0.31689020800151035,0.10041940392724051,0.09554599269806258,2020-04-29,Cook Island New South Wales AUSTRALIA,Cook Island,New South Wales,AUSTRALIA,-28.195873100000004,153.57802900000002
2098,2020-04-29|Cooks Hill Newcastle New South Wales AUSTRALIA,0.6108608418944925,-0.4054841996851246,0.05200962226380926,0.059204749042445784,0.30014297029808784,0.09008580261935883,0.08664381234848743,2020-04-29,Cooks Hill Newcastle New South Wales AUSTRALIA,Cooks Hill,New South Wales,AUSTRALIA,-32.9338,151.7696
2099,2020-04-29|Cooktown Queensland AUSTRALIA,0.45473646630859166,-0.2853178412912106,0.10357353254623863,0.12120546719867537,0.32735539695275384,0.10716155591409503,0.11573761052165316,2020-04-29,Cooktown Queensland AUSTRALIA,Cooktown,Queensland,AUSTRALIA,-15.4758164,145.2470981
2100,2020-04-29|Coolum Beach Queensland AUSTRALIA,0.6481276338947473,-0.36305196422395264,0.04083663225405199,-0.004051579064974434,0.31553203350502573,0.09956046416781669,0.09513648767945627,2020-04-29,Coolum Beach Queensland AUSTRALIA,Coolum Beach,Queensland,AUSTRALIA,-26.527691700000002,153.0736329
2101,2020-04-29|Coopers Point Queensland AUSTRALIA,1.1855755177817835,-0.9959480182954189,0.09288437063500578,0.03294308150668103,0.66825644791873,0.44656668018495826,0.19290902004679095,2020-04-29,Coopers Point Queensland AUSTRALIA,Cooper's Point,Queensland,AUSTRALIA,-27.4137404,140.0047273
2102,2020-04-29|Cooranbong New South Wales AUSTRALIA,0.6073591467309636,-0.4074751313837461,0.051622683882128345,0.05898544514058592,0.29924329906003205,0.08954655203233176,0.08638409963275061,2020-04-29,Cooranbong New South Wales AUSTRALIA,Cooranbong,New South Wales,AUSTRALIA,-33.074,151.451
2103,2020-04-29|Coral Bay Western Australia AUSTRALIA,0.4967975827160385,-0.43712884703097077,0.05294518970740207,0.02853290176383418,0.2776122520404107,0.07706856248294851,0.0769957853406718,2020-04-29,Coral Bay Western Australia AUSTRALIA,Coral Bay,Western Australia,AUSTRALIA,-23.143670800000002,113.77153590000002
2104,2020-04-29|Corio Bay Port Phillip South Australia AUSTRALIA,0.43287646479648445,-0.4713673319032896,0.0698058966877423,0.10634652127791937,0.3134461426646171,0.09824848435132752,0.09450756792752223,2020-04-29,Corio Bay Port Phillip South Australia AUSTRALIA,Corio Bay,South Australia,AUSTRALIA,-38.1166667,144.43333330000002
2105,2020-04-29|Cottesloe Beach Perth Western Australia AUSTRALIA,0.27520403529242016,-0.20235144370418615,0.0250927327294368,0.015745840942068597,0.1781418810456461,0.031734529782481126,0.051425131487825036,2020-04-29,Cottesloe Beach Perth Western Australia AUSTRALIA,Cottesloe Beach,Western Australia,AUSTRALIA,-32.0135412,115.76343659999999
2106,2020-04-29|Cottesloe Beach Western Australia AUSTRALIA,0.27520403529242016,-0.20235144370418615,0.0250927327294368,0.015745840942068597,0.1781418810456461,0.031734529782481126,0.051425131487825036,2020-04-29,Cottesloe Beach Western Australia AUSTRALIA,Cottesloe Beach,Western Australia,AUSTRALIA,-31.9938622,115.7510477
2107,2020-04-29|Cottesloe Perth Western Australia AUSTRALIA,0.27520403529242016,-0.20235144370418615,0.0250927327294368,0.015745840942068597,0.1781418810456461,0.031734529782481126,0.051425131487825036,2020-04-29,Cottesloe Perth Western Australia AUSTRALIA,Cottesloe,Western Australia,AUSTRALIA,-31.9896506,115.7630503
2108,2020-04-29|Cowaramup Bay Western Australia AUSTRALIA,0.2939627228270903,-0.2442794681001819,0.025261462520893455,0.025297780506781255,0.20166810922442746,0.04067002627815561,0.058216568573843025,2020-04-29,Cowaramup Bay Western Australia AUSTRALIA,Cowaramup Bay,Western Australia,AUSTRALIA,-33.8606025,114.9857991
2109,2020-04-29|Cowell South Australia AUSTRALIA,0.7386374608535912,-0.39671805493980894,0.06666300407833357,-0.12311096362908544,0.4339397313847318,0.1883036904742532,0.1252676103635244,2020-04-29,Cowell South Australia AUSTRALIA,Cowell,South Australia,AUSTRALIA,-33.683333000000005,136.916667
2110,2020-04-29|Cowes Victoria AUSTRALIA,0.583312625866334,-0.65195513403818,0.06264674101779767,0.15475434416058123,0.4060181344915971,0.16485072553603664,0.11720733962229665,2020-04-29,Cowes Victoria AUSTRALIA,Cowes,Victoria,AUSTRALIA,-38.451111,145.241944
2111,2020-04-29|Crescent Head New South Wales AUSTRALIA,0.6333503534357386,-0.3734099623552782,0.04619461160401022,0.04346699726457133,0.31621464406364946,0.09999170112030054,0.09534230250680989,2020-04-29,Crescent Head New South Wales AUSTRALIA,Crescent Head,New South Wales,AUSTRALIA,-31.1861501,152.9132368
2112,2020-04-29|Cronulla New South Wales AUSTRALIA,0.5892812432899299,-0.4137815375449233,0.045288304461396284,0.05115483867916472,0.29423695272302214,0.08657538434772998,0.08493889193008601,2020-04-29,Cronulla New South Wales AUSTRALIA,Cronulla,New South Wales,AUSTRALIA,-34.05744,151.15219
2113,2020-04-29|Cronulla near Sydney New South Wales AUSTRALIA,0.5892812432899299,-0.4137815375449233,0.045288304461396284,0.05115483867916472,0.29423695272302214,0.08657538434772998,0.08493889193008601,2020-04-29,Cronulla near Sydney New South Wales AUSTRALIA,Cronulla,New South Wales,AUSTRALIA,-34.05744,151.15219
2114,2020-04-29|Crookhaven New South Wales AUSTRALIA,0.580266088360534,-0.42131228801107046,0.04222337085910612,0.047575420935297,0.2927426093503247,0.0856982353292368,0.08450751215584172,2020-04-29,Crookhaven New South Wales AUSTRALIA,Crookhaven,New South Wales,AUSTRALIA,-34.9211517,150.7225905
2115,2020-04-29|Crowdy Head New South Wales AUSTRALIA,0.632235729679748,-0.3906140001259935,0.044924627150832404,0.051448272013000985,0.3181742709700548,0.10123486670732584,0.09593315225023093,2020-04-29,Crowdy Head New South Wales AUSTRALIA,Crowdy Head,New South Wales,AUSTRALIA,-31.844324100000005,152.72650990000002
2116,2020-04-29|Cudgen Creek New South Wales AUSTRALIA,0.646878186947251,-0.33213002829618815,0.048660277886978506,0.03530193527405236,0.3159737298563665,0.09983939795934407,0.09526966414024413,2020-04-29,Cudgen Creek New South Wales AUSTRALIA,Cudgen Creek,New South Wales,AUSTRALIA,-28.2765787,153.5730286
2117,2020-04-29|Cull Island  Esperance Western Australia AUSTRALIA,0.3416438367366252,-0.2414475577844161,0.027387395465996268,-0.004966653252868852,0.21907640129035383,0.04799446960233214,0.06927804096705689,2020-04-29,Cull Island  Esperance Western Australia AUSTRALIA,Cull Island / Esperance,Western Australia,AUSTRALIA,-33.9221794,121.90321809999999
2118,2020-04-29|Curl Curl New South Wales AUSTRALIA,0.5946641822134628,-0.41094811691620636,0.04781195141000552,0.0543895540647273,0.2955014938651354,0.08732113287652667,0.08530393351448624,2020-04-29,Curl Curl New South Wales AUSTRALIA,Curl Curl,New South Wales,AUSTRALIA,-33.77213,151.28992
2119,2020-04-29|Currumbin Queensland AUSTRALIA,0.6509692790312505,-0.3328443587664682,0.04841559585741229,0.03673556454033677,0.31778588742684033,0.10098787024766445,0.09581605020590446,2020-04-29,Currumbin Queensland AUSTRALIA,Currumbin,Queensland,AUSTRALIA,-28.136,153.483
2120,2020-04-29|Currumbin Rock Queensland AUSTRALIA,0.6509698688400267,-0.3328445183280158,0.04841526629654132,0.036735993622188524,0.31778608398216196,0.10098799517271768,0.09581610946956376,2020-04-29,Currumbin Rock Queensland AUSTRALIA,Currumbin Rock,Queensland,AUSTRALIA,-28.133333299999997,153.5
2121,2020-04-29|Dampiers Creek Broome Western Australia AUSTRALIA,2.722598243658713,-2.3687414916162006,0.766592989406258,1.2395676403547349,1.8228082309869547,3.3226298469537907,0.5261994114206919,2020-04-29,Dampiers Creek Broome Western Australia AUSTRALIA,Dampier's Creek,Western Australia,AUSTRALIA,-17.9420122,122.250175
2122,2020-04-29|Dangerous Reef South Australia AUSTRALIA,0.55567654697392,-0.4041338757254745,0.028196539325126595,-0.06566696095651325,0.32171470002009095,0.10350034820901712,0.09287103432942961,2020-04-29,Dangerous Reef South Australia AUSTRALIA,Dangerous Reef,South Australia,AUSTRALIA,-34.8166667,136.22916669999998
2123,2020-04-29|Dangerous Reef South Neptune Island South Australia AUSTRALIA,0.5556843338758691,-0.4041399243514308,0.028197000399435446,-0.06567234481422748,0.3217191633396955,0.1035032200599937,0.0928723227788172,2020-04-29,Dangerous Reef South Neptune Island South Australia AUSTRALIA,Dangerous Reef,South Australia,AUSTRALIA,-34.8166667,136.22916669999998
2124,2020-04-29|Darling Harbor Sydney New South Wales AUSTRALIA,0.59329481592638,-0.4112974118236251,0.04746348832914805,0.05397975552060515,0.29509922508333036,0.08708355264478207,0.08518780851975538,2020-04-29,Darling Harbor Sydney New South Wales AUSTRALIA,Darling Harbor,New South Wales,AUSTRALIA,-33.87488,151.2009
2125,2020-04-29|Dee Why north of Queenscliff New South Wales AUSTRALIA,0.5946641822134628,-0.41094811691620636,0.04781195141000552,0.0543895540647273,0.2955014938651354,0.08732113287652667,0.08530393351448624,2020-04-29,Dee Why north of Queenscliff New South Wales AUSTRALIA,Dee Why,New South Wales,AUSTRALIA,-33.7544,151.2854
2126,2020-04-29|Denmark Western Australia AUSTRALIA,0.30071868814335434,-0.22795762161867802,0.03955127895692031,0.04165820188332242,0.2043383609803338,0.04175416576812921,0.06161033396799688,2020-04-29,Denmark Western Australia AUSTRALIA,Denmark,Western Australia,AUSTRALIA,-34.9617565,117.35065
2127,2020-04-29|Dent Island Whitsundays Queensland AUSTRALIA,1.1629694881701458,-0.6714304820063004,0.1491915876329702,0.17420204424899793,0.6142382983480487,0.3772886871575064,0.18519981522607767,2020-04-29,Dent Island Whitsundays Queensland AUSTRALIA,Dent Island,Queensland,AUSTRALIA,-20.3496288,148.93201430000002
2128,2020-04-29|Depth of 40 m on the wreck of the St Paul off Brisbane Queensland AUSTRALIA,2.170904334928691,-2.2011970020654377,0.3077510044314068,0.5505036347245963,1.5982260505848627,2.554326508768088,0.4613681202655215,2020-04-29,Depth of 40 m on the wreck of the St Paul off Brisbane Queensland AUSTRALIA,Depth of 40 m on the wreck of the St. Paul off Brisbane,Queensland,AUSTRALIA,44.953702899999996,-93.0899578
2129,2020-04-29|Derwent Island Queensland AUSTRALIA,1.3943371368275652,-0.8406537923529629,0.2002076058404008,0.23370662744770446,0.8079208907979634,0.6527361657877746,0.24359731409695848,2020-04-29,Derwent Island Queensland AUSTRALIA,Derwent Island,Queensland,AUSTRALIA,-20.9866702,149.7855122
2130,2020-04-29|Derwent River Tasmania AUSTRALIA,0.345224913851414,-0.41233676028162436,0.014044022203095979,0.08158793903493265,0.2492893346953696,0.06214517239286001,0.07516356249289703,2020-04-29,Derwent River Tasmania AUSTRALIA,Derwent River,Tasmania,AUSTRALIA,-42.133391100000004,146.22308940000002
2131,2020-04-29|Derwent River empties into the sea at Hobart Tasmania AUSTRALIA,0.345224913851414,-0.41233676028162436,0.014044022203095979,0.08158793903493265,0.2492893346953696,0.06214517239286001,0.07516356249289703,2020-04-29,Derwent River empties into the sea at Hobart Tasmania AUSTRALIA,Derwent River (empties into the sea at Hobart),Tasmania,AUSTRALIA,-42.133391100000004,146.22308940000002
2132,2020-04-29|Dicky Beach Queensland AUSTRALIA,0.654501326771067,-0.36860675026812006,0.03869966232515743,-0.010118828767818357,0.31892683537292,0.1017143263209856,0.09616005895522017,2020-04-29,Dicky Beach Queensland AUSTRALIA,Dicky Beach,Queensland,AUSTRALIA,-26.783,153.13299999999998
2133,2020-04-29|Dingo Reef 80 nm off Townsville Queensland AUSTRALIA,0.5808226077090359,-0.3304634060088511,0.03920530045187698,-0.19282230564791708,0.36317656990296016,0.1318972209264797,0.12105885663432005,2020-04-29,Dingo Reef 80 nm off Townsville Queensland AUSTRALIA,Dingo Reef,Queensland,AUSTRALIA,-19.150384600000002,148.3894903
2134,2020-04-29|Direction Island Cocos Islands Western Australia AUSTRALIA,0.4137314892808444,-0.2602936554186564,0.013946751282644212,-0.03678611931173348,0.23599467033236435,0.05569348442528133,0.06812579322185378,2020-04-29,Direction Island Cocos Islands Western Australia AUSTRALIA,Direction Island,Western Australia,AUSTRALIA,-12.188700599999999,96.8293902
2135,2020-04-29|Dobroyd Head Watson Bay Sydney New South Wales AUSTRALIA,0.5946636602352761,-0.4109475859361902,0.04781224736925662,0.05438999151514525,0.29550128968150235,0.08732101220343118,0.08530387457174848,2020-04-29,Dobroyd Head Watson Bay Sydney New South Wales AUSTRALIA,Dobroyd Head,New South Wales,AUSTRALIA,-33.8115783,151.2731683
2136,2020-04-29|Dolphin Bay Innes National Park South Australia AUSTRALIA,0.42772174213461045,-0.3024762976501582,0.04003456900516049,-0.040560254596828015,0.23330423221255767,0.05443086476829103,0.07034387275009106,2020-04-29,Dolphin Bay Innes National Park South Australia AUSTRALIA,Dolphin Bay,South Australia,AUSTRALIA,-35.2367081,136.897156
2137,2020-04-29|Double Island Beach Queensland AUSTRALIA,0.6508277461458459,-0.3652386974201562,0.038996221424025784,-0.005876708556642003,0.3159246431126704,0.09980838012586815,0.09525486393015135,2020-04-29,Double Island Beach Queensland AUSTRALIA,Double Island Beach,Queensland,AUSTRALIA,-25.9090307,153.0924523
2138,2020-04-29|Dover Heights Sydney New South Wales AUSTRALIA,0.59329481592638,-0.4112974118236251,0.04746348832914805,0.05397975552060515,0.29509922508333036,0.08708355264478207,0.08518780851975538,2020-04-29,Dover Heights Sydney New South Wales AUSTRALIA,Dover Heights,New South Wales,AUSTRALIA,-33.87185,151.27837
2139,2020-04-29|Dugong Bay Westerm Australia AUSTRALIA,3.399879451181604,-2.872288862534407,0.7950123899767859,1.205941727501168,2.271719023869148,5.160707323408994,0.6557887949770232,2020-04-29,Dugong Bay Westerm Australia AUSTRALIA,Dugong Bay,Western Australia,AUSTRALIA,-16.395,123.87222220000001
2140,2020-04-29|Duranbah Greenmount Beach Queensland AUSTRALIA,0.6489120518168414,-0.3325490142762142,0.04875714637766559,0.036720422908938496,0.3168863652235788,0.10041696846461137,0.09554483405692153,2020-04-29,Duranbah Greenmount Beach Queensland AUSTRALIA,Duranbah,Queensland,AUSTRALIA,-28.1675,153.55194440000002
2141,2020-04-29|Duranbah Queensland AUSTRALIA,0.645730786933751,-0.3325674704989562,0.04860346703024864,0.03468034256280639,0.31559970273577365,0.0996031723669087,0.09515689072020561,2020-04-29,Duranbah Queensland AUSTRALIA,Duranbah,Queensland,AUSTRALIA,-28.316667,153.533333
2142,2020-04-29|Eaglehawk Neck Tasmania AUSTRALIA,0.37381949710187323,-0.41163399402270295,0.024770555652233864,0.07537446380799477,0.24233547937696856,0.05872648456486515,0.0699562271262449,2020-04-29,Eaglehawk Neck Tasmania AUSTRALIA,Eaglehawk Neck,Tasmania,AUSTRALIA,-43.019722200000004,147.925
2143,2020-04-29|East Ballina New South Wales AUSTRALIA,0.6496006418623648,-0.3469872048910061,0.04659521319829974,0.03393058287886907,0.3190479400642846,0.10179158805926336,0.09619657339354819,2020-04-29,East Ballina New South Wales AUSTRALIA,East Ballina,New South Wales,AUSTRALIA,-28.8537305,153.5865127
2144,2020-04-29|East of Station Pier Port Melbourne Victoria AUSTRALIA,0.4330586940637606,-0.4647500485715148,0.05982565136426652,0.09393704859847019,0.29514279429849577,0.0871092690263242,0.08520038586880745,2020-04-29,East of Station Pier Port Melbourne Victoria AUSTRALIA,East of Station Pier,Victoria,AUSTRALIA,-37.8423661,144.93221259999999
2145,2020-04-29|Egg Rock Middle Harbor Sydney New South Wales AUSTRALIA,0.5946641822134628,-0.41094811691620636,0.04781195141000552,0.0543895540647273,0.2955014938651354,0.08732113287652667,0.08530393351448624,2020-04-29,Egg Rock Middle Harbor Sydney New South Wales AUSTRALIA,Egg Rock,New South Wales,AUSTRALIA,-33.7859956,151.2260866
2146,2020-04-29|Eight-mile reef off Port Kembla New South Wales AUSTRALIA,0.5863049207167059,-0.4173098624445617,0.04407193318417991,0.04970407950834267,0.2939615579249015,0.0864133975376352,0.08485939229967182,2020-04-29,Eight-mile reef off Port Kembla New South Wales AUSTRALIA,Eight-mile reef off Port Kembla,New South Wales,AUSTRALIA,-34.485392,150.8995794
2147,2020-04-29|Elephant Rock Currumbin near Southport Queensland AUSTRALIA,0.6509692790312505,-0.3328443587664682,0.04841559585741229,0.03673556454033677,0.31778588742684033,0.10098787024766445,0.09581605020590446,2020-04-29,Elephant Rock Currumbin near Southport Queensland AUSTRALIA,Elephant Rock,Queensland,AUSTRALIA,-28.131834499999997,153.48836269999998
2148,2020-04-29|Elliot Head near Bundaberg Queensland AUSTRALIA,0.9090592649636191,-0.6210022005004769,-0.007280392453538756,-0.03815226785518088,0.4613943825372168,0.21288477623689958,0.13911564065942325,2020-04-29,Elliot Head near Bundaberg Queensland AUSTRALIA,Elliot Head,Queensland,AUSTRALIA,-24.916667,152.48333300000002
2149,2020-04-29|Elliots Cove Tasmania AUSTRALIA,0.32514724601093187,-0.3970889415002859,0.02037432040439521,0.0884817421521717,0.23834933364124306,0.056810404847224605,0.07186502806538518,2020-04-29,Elliots Cove Tasmania AUSTRALIA,Elliot's Cove,Tasmania,AUSTRALIA,-42.98,145.56
2150,2020-04-29|Ellis Beach Queensland AUSTRALIA,0.4822653845455823,-0.3046153426409103,0.06272105887935048,-0.043665189607227324,0.3337232195840447,0.11137118728954054,0.12613552082102608,2020-04-29,Ellis Beach Queensland AUSTRALIA,Ellis Beach,Queensland,AUSTRALIA,-16.722874800000003,145.67572130000002
2151,2020-04-29|Elliston Eyre Peninsula South Australia AUSTRALIA,0.5997409094067185,-0.3543235501337091,0.06996801023647213,-0.03313627941304932,0.33309520234137013,0.11095241382283831,0.10043198233034875,2020-04-29,Elliston Eyre Peninsula South Australia AUSTRALIA,Elliston,South Australia,AUSTRALIA,-34.3333333,135.75
2152,2020-04-29|Elwood Beach Victoria AUSTRALIA,0.4330586940637606,-0.4647500485715148,0.05982565136426652,0.09393704859847019,0.29514279429849577,0.0871092690263242,0.08520038586880745,2020-04-29,Elwood Beach Victoria AUSTRALIA,Elwood Beach,Victoria,AUSTRALIA,-37.890226500000004,144.9845562
2153,2020-04-29|Elwood Victoria AUSTRALIA,0.4330595248716297,-0.46475301895603816,0.05981920159887368,0.09393061077700302,0.2951440890140455,0.08711003327993082,0.08520075962099302,2020-04-29,Elwood Victoria AUSTRALIA,Elwood,Victoria,AUSTRALIA,-37.882248600000004,144.9825759
2154,2020-04-29|Emerald Beach New South Wales AUSTRALIA,0.6381811466546696,-0.36694416013210945,0.04515684860608065,0.032502222885998105,0.3176717116217103,0.10091531636466708,0.09578162490538146,2020-04-29,Emerald Beach New South Wales AUSTRALIA,Emerald Beach,New South Wales,AUSTRALIA,-30.1574794,153.1501948
2155,2020-04-29|Emerald Hill Victoria AUSTRALIA,0.4330597331525503,-0.4647537621160778,0.05982028724802332,0.09394147162057123,0.29514419133243625,0.08711009367727772,0.08520078915776824,2020-04-29,Emerald Hill Victoria AUSTRALIA,Emerald Hill,Victoria,AUSTRALIA,-37.835,144.96
2156,2020-04-29|Emu Channel Western Australia AUSTRALIA,0.38190770028702004,-0.3118280331463332,0.05112689412048111,-0.02079048436126431,0.24959509253310969,0.06229771021661158,0.07525575194966923,2020-04-29,Emu Channel Western Australia AUSTRALIA,Emu Channel,Western Australia,AUSTRALIA,-27.6728168,121.6283098
2157,2020-04-29|Emu Point Western Australia AUSTRALIA,0.31186865915019685,-0.22676498135899933,0.051657194898352674,0.05887150121545325,0.20588084599310205,0.0423869227468354,0.06510523999405532,2020-04-29,Emu Point Western Australia AUSTRALIA,Emu Point,Western Australia,AUSTRALIA,-34.9977653,117.9383683
2158,2020-04-29|Encounter Bay South Australia AUSTRALIA,0.4004599814777473,-0.3538587984119653,0.04822213667729194,0.010772108741462024,0.24980560275270977,0.06240283916664464,0.07899546769697907,2020-04-29,Encounter Bay South Australia AUSTRALIA,Encounter Bay,South Australia,AUSTRALIA,-35.5753024,138.5962997
2159,2020-04-29|Esperance Westerm Australia AUSTRALIA,0.3416438367366252,-0.2414475577844161,0.027387395465996268,-0.004966653252868852,0.21907640129035383,0.04799446960233214,0.06927804096705689,2020-04-29,Esperance Westerm Australia AUSTRALIA,Esperance,Western Australia,AUSTRALIA,-33.86131029999999,121.89142379999998
2160,2020-04-29|Esperance Western Australia AUSTRALIA,0.3416438367366252,-0.2414475577844161,0.027387395465996268,-0.004966653252868852,0.21907640129035383,0.04799446960233214,0.06927804096705689,2020-04-29,Esperance Western Australia AUSTRALIA,Esperance,Western Australia,AUSTRALIA,-33.86131029999999,121.89142379999998
2161,2020-04-29|Eva Rock Queensland AUSTRALIA,0.5460630210913441,-0.37014311768601965,0.07238907753939429,-0.05354562809481507,0.3770767902458553,0.14218690574211673,0.1425216303092856,2020-04-29,Eva Rock Queensland AUSTRALIA,Eva Rock,Queensland,AUSTRALIA,-18.235612,146.3256112
2162,2020-04-29|Evans Head New South Wales AUSTRALIA,0.653462597420209,-0.3607418866458518,0.046130072312134465,0.036371087657797285,0.3227174163032001,0.10414653078541296,0.09730296210823976,2020-04-29,Evans Head New South Wales AUSTRALIA,Evans Head,New South Wales,AUSTRALIA,-29.108617100000004,153.4217078
2163,2020-04-29|Exmouth Western Australia AUSTRALIA,0.6922620311941142,-0.5431856100426569,0.12687851988485938,0.19980593737399427,0.3910233472190543,0.15289925807039312,0.11789797518131478,2020-04-29,Exmouth Western Australia AUSTRALIA,Exmouth,Western Australia,AUSTRALIA,-21.9313388,114.1236812
2164,2020-04-29|Fairhaven Beach Lorne Victoria AUSTRALIA,0.9933271265401017,-0.9659820989939489,0.14164490234496702,0.21739059128727634,0.6010205451066328,0.361225695640274,0.17349968675290506,2020-04-29,Fairhaven Beach Lorne Victoria AUSTRALIA,Fairhaven Beach,Victoria,AUSTRALIA,-38.468452500000005,144.0776499
2165,2020-04-29|Fairy Bower New South Wales AUSTRALIA,0.5946641822134628,-0.41094811691620636,0.04781195141000552,0.0543895540647273,0.2955014938651354,0.08732113287652667,0.08530393351448624,2020-04-29,Fairy Bower New South Wales AUSTRALIA,Fairy Bower,New South Wales,AUSTRALIA,-33.8007906,151.2936784
2166,2020-04-29|Fairy Bower near North Steyne New South Wales AUSTRALIA,0.5946641822134628,-0.41094811691620636,0.04781195141000552,0.0543895540647273,0.2955014938651354,0.08732113287652667,0.08530393351448624,2020-04-29,Fairy Bower near North Steyne New South Wales AUSTRALIA,Fairy Bower,New South Wales,AUSTRALIA,-33.8007906,151.2936784
2167,2020-04-29|Falcon Bay Beach Mandurah Western Australia AUSTRALIA,0.2769476782351428,-0.20919167086656987,-0.004025139855427636,-0.0451975900985126,0.18568150077821946,0.034477619731251914,0.04962546849814973,2020-04-29,Falcon Bay Beach Mandurah Western Australia AUSTRALIA,Falcon Bay Beach,Western Australia,AUSTRALIA,-32.5785751,115.65358130000001
2168,2020-04-29|Falcon Beach Mandurah Western Australia AUSTRALIA,0.2769476782351428,-0.20919167086656987,-0.004025139855427636,-0.0451975900985126,0.18568150077821946,0.034477619731251914,0.04962546849814973,2020-04-29,Falcon Beach Mandurah Western Australia AUSTRALIA,Falcon Beach,Western Australia,AUSTRALIA,-32.5785751,115.65358130000001
2169,2020-04-29|Fantome Island Queensland AUSTRALIA,0.5448449406771733,-0.3727418020478479,0.012324474001056974,-0.190314801964954,0.373062024144693,0.13917527385893552,0.124354008048231,2020-04-29,Fantome Island Queensland AUSTRALIA,Fantome Island,Queensland,AUSTRALIA,-18.6932861,146.5196111
2170,2020-04-29|Fidos Reef 300 m east of Cook Island Cook Island is 2 miles from Tweed Heads Gold Coast Queensland AUSTRALIA,0.6489120518168414,-0.3325490142762142,0.04875714637766559,0.036720422908938496,0.3168863652235788,0.10041696846461137,0.09554483405692153,2020-04-29,Fidos Reef 300 m east of Cook Island Cook Island is 2 miles from Tweed Heads Gold Coast Queensland AUSTRALIA,Fido's Reef,Queensland,AUSTRALIA,-28.178665600000002,153.5370011
2171,2020-04-29|Fig Tree Bridge Lane Cove River near Sydney New South Wales AUSTRALIA,0.5946636602352761,-0.4109475859361902,0.04781224736925662,0.05438999151514525,0.29550128968150235,0.08732101220343118,0.08530387457174848,2020-04-29,Fig Tree Bridge Lane Cove River near Sydney New South Wales AUSTRALIA,Fig Tree Bridge,New South Wales,AUSTRALIA,-33.8298,151.1461246
2172,2020-04-29|Figtree Ledge Hervey Bay Queensland AUSTRALIA,0.9773554069114646,-0.6792209273723063,-0.016910840094447887,-0.04165493690817499,0.5033260087605128,0.25333707109478787,0.15175850166234145,2020-04-29,Figtree Ledge Hervey Bay Queensland AUSTRALIA,Figtree Ledge,Queensland,AUSTRALIA,-25.288153899999998,152.7676633
2173,2020-04-29|Fingal Bay New South Wales AUSTRALIA,0.6131102051907139,-0.40218116723158504,0.05205737505491257,0.05890057078694469,0.300216173185162,0.09012975064194319,0.0866649442017663,2020-04-29,Fingal Bay New South Wales AUSTRALIA,Fingal Bay,New South Wales,AUSTRALIA,-32.750155,152.16318700000002
2174,2020-04-29|Fingal Beach New South Wales AUSTRALIA,0.6489120518168414,-0.3325490142762142,0.04875714637766559,0.036720422908938496,0.3168863652235788,0.10041696846461137,0.09554483405692153,2020-04-29,Fingal Beach New South Wales AUSTRALIA,Fingal Beach,New South Wales,AUSTRALIA,-28.2,153.5667
2175,2020-04-29|Fingal Beach Queensland AUSTRALIA,0.6489120518168414,-0.3325490142762142,0.04875714637766559,0.036720422908938496,0.3168863652235788,0.10041696846461137,0.09554483405692153,2020-04-29,Fingal Beach Queensland AUSTRALIA,Fingal Beach,Queensland,AUSTRALIA,-28.2,153.5667
2176,2020-04-29|Fingal Beach near Tweed Heads Queensland AUSTRALIA,0.6489237349793168,-0.33254819058658874,0.0487618927228274,0.036718262041971345,0.31689020800151035,0.10041940392724051,0.09554599269806258,2020-04-29,Fingal Beach near Tweed Heads Queensland AUSTRALIA,Fingal Beach,Queensland,AUSTRALIA,-28.2,153.5667
2177,2020-04-29|First Beach Forster New South Wales AUSTRALIA,0.6289857345238773,-0.3941196674365664,0.05409729389065998,0.06019240830992295,0.30433246142355413,0.09261824707611907,0.08785321426301519,2020-04-29,First Beach Forster New South Wales AUSTRALIA,First Beach,New South Wales,AUSTRALIA,-32.1777906,152.5131044
2178,2020-04-29|First Sun Beach Byron Bay New South Wales AUSTRALIA,0.6469176745335787,-0.33647344694570586,0.048497572336330966,0.033310185364447,0.3166702747310475,0.1002800628982371,0.09547968032196792,2020-04-29,First Sun Beach Byron Bay New South Wales AUSTRALIA,First Sun Beach,New South Wales,AUSTRALIA,-28.6410983,153.611705
2179,2020-04-29|Fishery Bay Eyre Peninsula South Australia AUSTRALIA,0.44385964113692294,-0.3794447408494936,0.029584250076029255,-8.47198313316637e-06,0.2633127430612753,0.06933360065845316,0.07601184154374303,2020-04-29,Fishery Bay Eyre Peninsula South Australia AUSTRALIA,Fishery Bay,South Australia,AUSTRALIA,-34.9141667,135.6861111
2180,2020-04-29|Fishery Bay South Australia AUSTRALIA,0.44385964113692294,-0.3794447408494936,0.029584250076029255,-8.47198313316637e-06,0.2633127430612753,0.06933360065845316,0.07601184154374303,2020-04-29,Fishery Bay South Australia AUSTRALIA,Fishery Bay,South Australia,AUSTRALIA,-34.9141667,135.6861111
2181,2020-04-29|Fitzroy Island Queensland AUSTRALIA,0.4908911026686844,-0.30610079281385083,0.06865423070386276,-0.03782049749737543,0.3379396656047019,0.11420321758901773,0.12772918761919563,2020-04-29,Fitzroy Island Queensland AUSTRALIA,Fitzroy Island,Queensland,AUSTRALIA,-16.9336669,145.9943465
2182,2020-04-29|Fitzroy River at Rockhampton Queensland AUSTRALIA,1.5260018231621402,-1.051169030392006,0.0619052078215443,-0.19271664424501717,0.8600214098495472,0.7396368253996028,0.23852702240072104,2020-04-29,Fitzroy River at Rockhampton Queensland AUSTRALIA,Fitzroy River at Rockhampton,Queensland,AUSTRALIA,-23.265825699999997,150.35923630000002
2183,2020-04-29|Fitzroy River near Rockhampton Queensland AUSTRALIA,1.5260016075172598,-1.0511674963388717,0.06190395952342243,-0.1927179317992908,0.860019025134389,0.7396327235931048,0.23852636099973792,2020-04-29,Fitzroy River near Rockhampton Queensland AUSTRALIA,Fitzroy River near Rockhampton,Queensland,AUSTRALIA,-23.265825699999997,150.35923630000002
2184,2020-04-29|Flat Rock Ballina New South Wales AUSTRALIA,0.6496904103864283,-0.34565481373320145,0.04649075031474686,0.03355057470912655,0.3188926039684781,0.10169249286579662,0.09614973779844012,2020-04-29,Flat Rock Ballina New South Wales AUSTRALIA,Flat Rock,New South Wales,AUSTRALIA,-28.842362599999998,153.60194730000003
2185,2020-04-29|Flat Rock Beach Lennox Head New South Wales AUSTRALIA,0.6497021482586787,-0.3456538504174471,0.046495559698386965,0.0335482010843599,0.31889663172580335,0.10169506172606264,0.09615095221296688,2020-04-29,Flat Rock Beach Lennox Head New South Wales AUSTRALIA,Flat Rock Beach,New South Wales,AUSTRALIA,-28.842362599999998,153.60194730000003
2186,2020-04-29|Flat Rock New South Wales AUSTRALIA,0.5695395187501009,-0.4253832047008424,0.038524552679578654,0.04313447658732483,0.2901683108042055,0.08419764859496602,0.08376437617655354,2020-04-29,Flat Rock New South Wales AUSTRALIA,Flat Rock,New South Wales,AUSTRALIA,-35.2341806,150.52992930000002
2187,2020-04-29|Flat Rock Yamba New South Wales AUSTRALIA,0.6498866260759891,-0.3655743734064314,0.04714395959125372,0.037680617063178067,0.3221569673726595,0.10378511162674879,0.09713398039762529,2020-04-29,Flat Rock Yamba New South Wales AUSTRALIA,Flat Rock,New South Wales,AUSTRALIA,-29.4372663,153.3652792
2188,2020-04-29|Flinders Cay Queensland AUSTRALIA,0.5399669301614929,-0.3754095237151826,0.014393410732975346,-0.1764541719582724,0.37937581917364643,0.14392601217367526,0.12645860639121548,2020-04-29,Flinders Cay Queensland AUSTRALIA,Flinders Cay,Queensland,AUSTRALIA,-21.0184301,144.4342138
2189,2020-04-29|Flinders Island Tasmania AUSTRALIA,0.6112674391447699,-0.587077797528137,0.032829012951415715,0.06628700833931461,0.3562686386076551,0.12692734285535198,0.1028458972019756,2020-04-29,Flinders Island Tasmania AUSTRALIA,Flinders Island,Tasmania,AUSTRALIA,-39.9836386,148.052689
2190,2020-04-29|Flinders Island Victoria AUSTRALIA,0.4365626485618018,-0.46893675429597786,0.05920238032419637,0.09265956127626587,0.29649468242362215,0.08790909670548457,0.08559064235528543,2020-04-29,Flinders Island Victoria AUSTRALIA,Flinders Island,Victoria,AUSTRALIA,-37.908132,145.101076
2191,2020-04-29|Flinders Mornington Penisula Victoria AUSTRALIA,1.1217300441201075,-1.1704076254275433,0.0883684199835079,0.16074555442110805,0.720709290879797,0.5194218819604598,0.20805085154845754,2020-04-29,Flinders Mornington Penisula Victoria AUSTRALIA,Flinders,Victoria,AUSTRALIA,-38.474000000000004,145.02200000000002
2192,2020-04-29|Flinders Victoria AUSTRALIA,1.1217398323829588,-1.1704221783457225,0.08836554314068001,0.16074212236049573,0.7207171127235801,0.5194331565726136,0.20805310952026443,2020-04-29,Flinders Victoria AUSTRALIA,Flinders,Victoria,AUSTRALIA,-38.474000000000004,145.02200000000002
2193,2020-04-29|Floreat Beach Western Australia AUSTRALIA,0.2745366366393447,-0.21237524939849317,0.007400163755027261,-0.01618016449934389,0.18231470952253379,0.03323865330828587,0.05056500257344757,2020-04-29,Floreat Beach Western Australia AUSTRALIA,Floreat Beach,Western Australia,AUSTRALIA,-31.928959399999997,115.7548856
2194,2020-04-29|Fluted Cape Bruny Island Tasmania AUSTRALIA,0.3372186314986561,-0.45713495778369495,0.0062961001059329,0.10342593356060603,0.2510976397738685,0.06305002470000744,0.06964195502712839,2020-04-29,Fluted Cape Bruny Island Tasmania AUSTRALIA,Fluted Cape,Tasmania,AUSTRALIA,-43.3582342,147.3630217
2195,2020-04-29|Fourth Beach  Twilgth Beach Western Australia AUSTRALIA,0.3409121254034731,-0.24063768812381311,0.027575246788807073,-0.004463043802016876,0.21855156735323691,0.04776478759255645,0.0691120739035926,2020-04-29,Fourth Beach  Twilgth Beach Western Australia AUSTRALIA,Fourth Beach / Twilgth Beach,Western Australia,AUSTRALIA,-33.887392299999995,121.84184979999999
2196,2020-04-29|Frankston Victoria AUSTRALIA,0.44270361008376014,-0.4760978141933584,0.07495304697521862,0.09354098949513069,0.30688380348975836,0.09417766884434062,0.09252894821933523,2020-04-29,Frankston Victoria AUSTRALIA,Frankston,Victoria,AUSTRALIA,-38.1466246,145.135722
2197,2020-04-29|Fraser Island Queensland AUSTRALIA,0.9713590756760228,-0.6631522559460912,0.006917222995707451,-0.013973287655393976,0.49557885560928205,0.24559840212700562,0.149422647099064,2020-04-29,Fraser Island Queensland AUSTRALIA,Fraser Island,Queensland,AUSTRALIA,-25.2398229,153.1325243
2198,2020-04-29|Frasers Reef New South Wales AUSTRALIA,0.5978072724469142,-0.41113504756406777,0.04911986098282902,0.05616659063954329,0.2966548096974313,0.08800407611661919,0.08563686711760458,2020-04-29,Frasers Reef New South Wales AUSTRALIA,Fraser's Reef,New South Wales,AUSTRALIA,-31.2532183,146.921099
2199,2020-04-29|Fremantle Western Australia AUSTRALIA,0.27545972386101364,-0.2028362531134515,0.024846089078116387,0.015652739800179574,0.17849532700843032,0.03186058176384647,0.051527162548703764,2020-04-29,Fremantle Western Australia AUSTRALIA,Fremantle,Western Australia,AUSTRALIA,-32.051819099999996,115.75510849999999
2200,2020-04-29|Frenchman Bay Western Australia AUSTRALIA,0.30853670613984263,-0.2223474939888191,0.05607996093022736,0.06570224359287186,0.2024002793011662,0.04096587306119009,0.06400458816459183,2020-04-29,Frenchman Bay Western Australia AUSTRALIA,Frenchman Bay,Western Australia,AUSTRALIA,-35.0943154,117.9496472
2201,2020-04-29|Freo Western Australia AUSTRALIA,0.27545972386101364,-0.2028362531134515,0.024846089078116387,0.015652739800179574,0.17849532700843032,0.03186058176384647,0.051527162548703764,2020-04-29,Freo Western Australia AUSTRALIA,Freo,Western Australia,AUSTRALIA,-32.051819099999996,115.75510849999999
2202,2020-04-29|Garden Island Sydney New South Wales AUSTRALIA,0.5932942933952103,-0.41129687880778265,0.04746378220515241,0.05398019013690235,0.2950990213778262,0.0870834324181507,0.08518774971504155,2020-04-29,Garden Island Sydney New South Wales AUSTRALIA,Garden Island,New South Wales,AUSTRALIA,-33.858892100000006,151.2294331
2203,2020-04-29|Garden Point Woolloomooloo Sydney Harbour New South Wales AUSTRALIA,0.59329481592638,-0.4112974118236251,0.04746348832914805,0.05397975552060515,0.29509922508333036,0.08708355264478207,0.08518780851975538,2020-04-29,Garden Point Woolloomooloo Sydney Harbour New South Wales AUSTRALIA,Garden Point,New South Wales,AUSTRALIA,-33.8641859,151.2165708
2204,2020-04-29|Gay’s Corner Bulimba Reach of Brisbane River Queensland AUSTRALIA,0.8666614111674893,-0.5441191777213173,0.012182403577166469,0.05502722178903314,0.429075638797146,0.18410590380917888,0.12937117277929033,2020-04-29,Gay’s Corner Bulimba Reach of Brisbane River Queensland AUSTRALIA,Gay’s Corner,Queensland,AUSTRALIA,-27.45,153.058
2205,2020-04-29|Gearys Beach Western Australia AUSTRALIA,0.38190770028702004,-0.3118280331463332,0.05112689412048111,-0.02079048436126431,0.24959509253310969,0.06229771021661158,0.07525575194966923,2020-04-29,Gearys Beach Western Australia AUSTRALIA,Gearys Beach,Western Australia,AUSTRALIA,-27.6728168,121.6283098
2206,2020-04-29|Geelong Victoria AUSTRALIA,0.4328767413049953,-0.47136809942483565,0.0698071158997941,0.1063441872736078,0.3134461974271502,0.09824851868154001,0.09450758443904721,2020-04-29,Geelong Victoria AUSTRALIA,Geelong,Victoria,AUSTRALIA,-38.1499181,144.3617186
2207,2020-04-29|Geographe Bay Western Australia AUSTRALIA,0.304420740428162,-0.23409892793983075,-0.0015647051153813746,-0.046311701183118684,0.20451954428174407,0.04182824399321227,0.05466014740010199,2020-04-29,Geographe Bay Western Australia AUSTRALIA,Geographe Bay,Western Australia,AUSTRALIA,-33.625,115.3197222
2208,2020-04-29|George Town Cove Tasmania AUSTRALIA,1.2424417169331659,-1.2510211851375532,0.23549712941983256,0.4268128393662308,0.8655075919226018,0.7491033916756611,0.24985052059108948,2020-04-29,George Town Cove Tasmania AUSTRALIA,George Town Cove,Tasmania,AUSTRALIA,-41.112004999999996,146.82339299999998
2209,2020-04-29|Georges Head off Port Jackson New South Wales AUSTRALIA,0.59329481592638,-0.4112974118236251,0.04746348832914805,0.05397975552060515,0.29509922508333036,0.08708355264478207,0.08518780851975538,2020-04-29,Georges Head off Port Jackson New South Wales AUSTRALIA,Georges Head,New South Wales,AUSTRALIA,-33.8462182,151.2488616
2210,2020-04-29|Georges River New South Wales AUSTRALIA,0.5883058868536902,-0.4150780103089723,0.04464597136345205,0.05030715336413266,0.29417454419727274,0.08653866245367316,0.08492087614051544,2020-04-29,Georges River New South Wales AUSTRALIA,Georges River,New South Wales,AUSTRALIA,-34.0494645,150.8953368
2211,2020-04-29|George’s River New South Wales AUSTRALIA,0.5883058868536902,-0.4150780103089723,0.04464597136345205,0.05030715336413266,0.29417454419727274,0.08653866245367316,0.08492087614051544,2020-04-29,George’s River New South Wales AUSTRALIA,George’s River,New South Wales,AUSTRALIA,-34.0494645,150.8953368
2212,2020-04-29|George’s River at Kentucky New South Wales AUSTRALIA,0.5883058868536902,-0.4150780103089723,0.04464597136345205,0.05030715336413266,0.29417454419727274,0.08653866245367316,0.08492087614051544,2020-04-29,George’s River at Kentucky New South Wales AUSTRALIA,George’s River at Kentucky,New South Wales,AUSTRALIA,-34.0494645,150.8953368
2213,2020-04-29|Geraldton Western Australia AUSTRALIA,0.3110960929800507,-0.2516757544398558,0.024158996991784757,-0.009124803900802394,0.18920570647509688,0.03579879936274052,0.05056735208945203,2020-04-29,Geraldton Western Australia AUSTRALIA,Geraldton,Western Australia,AUSTRALIA,-28.7796535,114.6144452
2214,2020-04-29|Gerringong New South Wales AUSTRALIA,0.5833109059833549,-0.42030176382072315,0.04296702837736058,0.04846407374118156,0.2935890557966925,0.0861945336835934,0.08475186019767424,2020-04-29,Gerringong New South Wales AUSTRALIA,Gerringong,New South Wales,AUSTRALIA,-34.7391385,150.8249873
2215,2020-04-29|Gin Arm Creek Queensland AUSTRALIA,1.308170111160896,-1.1606007631941306,0.08999787189016896,0.09928976468366008,0.9169556411489656,0.8408076478349106,0.27647252828098995,2020-04-29,Gin Arm Creek Queensland AUSTRALIA,Gin Arm Creek,Queensland,AUSTRALIA,-17.563458999999998,139.44820280000002
2216,2020-04-29|Gladstone Queensland AUSTRALIA,1.006056882153815,-0.5567527559592691,0.055822455360769734,0.11351242904366035,0.465172462083581,0.2163854194809006,0.14025477450336926,2020-04-29,Gladstone Queensland AUSTRALIA,Gladstone,Queensland,AUSTRALIA,-23.8415948,151.24977080000002
2217,2020-04-29|Gladstone Reef Queensland AUSTRALIA,1.006056882153815,-0.5567527559592691,0.055822455360769734,0.11351242904366035,0.465172462083581,0.2163854194809006,0.14025477450336926,2020-04-29,Gladstone Reef Queensland AUSTRALIA,Gladstone Reef,Queensland,AUSTRALIA,-23.8397556,151.2543694
2218,2020-04-29|Glenelg Breakwater South Australia AUSTRALIA,0.9640575185873421,-0.6910050262537363,0.1166181259107213,0.11747401933061864,0.5511780714045849,0.3037972663972776,0.1528692921815833,2020-04-29,Glenelg Breakwater South Australia AUSTRALIA,Glenelg Breakwater,South Australia,AUSTRALIA,-34.982,138.516
2219,2020-04-29|Glenelg South Australia AUSTRALIA,0.964046144978364,-0.6910005608639617,0.11661776096809359,0.11748070859710916,0.5511730237662831,0.3037917021276676,0.15286789221860506,2020-04-29,Glenelg South Australia AUSTRALIA,Glenelg,South Australia,AUSTRALIA,-34.982,138.516
2220,2020-04-29|Glenelg Western Australia AUSTRALIA,0.9640575185873421,-0.6910050262537363,0.1166181259107213,0.11747401933061864,0.5511780714045849,0.3037972663972776,0.1528692921815833,2020-04-29,Glenelg Western Australia AUSTRALIA,Glenelg,Western Australia,AUSTRALIA,-34.982,138.516
2221,2020-04-29|Gnaraloo Western Australia AUSTRALIA,0.4816043019891819,-0.4313203878317718,0.049253106152476474,0.03511289426251901,0.2714259276669845,0.0736720342098831,0.07528000766874557,2020-04-29,Gnaraloo Western Australia AUSTRALIA,Gnaraloo,Western Australia,AUSTRALIA,-23.8214,113.523903
2222,2020-04-29|Golden Beach Caloundra Queensland AUSTRALIA,0.654501326771067,-0.36860675026812006,0.03869966232515743,-0.010118828767818357,0.31892683537292,0.1017143263209856,0.09616005895522017,2020-04-29,Golden Beach Caloundra Queensland AUSTRALIA,Golden Beach,Queensland,AUSTRALIA,-26.799,153.13299999999998
2223,2020-04-29|Golden Beach Queensland AUSTRALIA,0.654501326771067,-0.36860675026812006,0.03869966232515743,-0.010118828767818357,0.31892683537292,0.1017143263209856,0.09616005895522017,2020-04-29,Golden Beach Queensland AUSTRALIA,Golden Beach,Queensland,AUSTRALIA,-26.823,153.118
2224,2020-04-29|Goldsmith Beach Yorke Peninsula South Australia AUSTRALIA,0.7629368137055786,-0.49637721101436993,0.05117574138390003,-0.011643133567977915,0.4129822426579917,0.17055433275082435,0.1145406655199616,2020-04-29,Goldsmith Beach Yorke Peninsula South Australia AUSTRALIA,Goldsmith Beach,South Australia,AUSTRALIA,-35.15153370000001,137.68547780000003
2225,2020-04-29|Goolwa Beach Fleurieu Peninsula South Australia AUSTRALIA,0.3934126974384533,-0.34819336440322923,0.04480903058905158,0.004754184001047901,0.2453709084317155,0.060206882704605315,0.07759309421888348,2020-04-29,Goolwa Beach Fleurieu Peninsula South Australia AUSTRALIA,Goolwa Beach,South Australia,AUSTRALIA,-35.5,138.5
2226,2020-04-29|Goolwa Beach South Australia AUSTRALIA,0.40599394377432235,-0.3595554056252233,0.05206084431717115,0.018769918076884138,0.25376241215611,0.06439536182328744,0.08024672069517073,2020-04-29,Goolwa Beach South Australia AUSTRALIA,Goolwa Beach,South Australia,AUSTRALIA,-35.5121467,138.7618244
2227,2020-04-29|Goolwa Victoria AUSTRALIA,0.40599845894932834,-0.3595592970973364,0.05206009887107734,0.018768480882123916,0.25376534289745134,0.06439684925586105,0.08024764747695788,2020-04-29,Goolwa Victoria AUSTRALIA,Goolwa,Victoria,AUSTRALIA,-35.498028600000005,138.7783094
2228,2020-04-29|Governors Reef Port Phillip Bay Victoria AUSTRALIA,0.4340414856796586,-0.46258372916434004,0.08054289098479822,0.11080505335743589,0.29750766153542163,0.08851080867227498,0.08970193505173119,2020-04-29,Governors Reef Port Phillip Bay Victoria AUSTRALIA,Governor's Reef,Victoria,AUSTRALIA,-38.1552778,144.7263889
2229,2020-04-29|Gracetown Western Australia AUSTRALIA,0.29396948397224615,-0.24428743302450037,0.02526108520307745,0.025297704970528207,0.2016736887186322,0.040672276721379755,0.05821817923508355,2020-04-29,Gracetown Western Australia AUSTRALIA,Gracetown,Western Australia,AUSTRALIA,-33.8641558,114.9882251
2230,2020-04-29|Graceville Queensland AUSTRALIA,0.8666612124467611,-0.5441198908203528,0.01218283526967256,0.05502683419014507,0.4290760565684805,0.1841062623203579,0.12937129874208714,2020-04-29,Graceville Queensland AUSTRALIA,Graceville,Queensland,AUSTRALIA,-27.520922,152.98091200000002
2231,2020-04-29|Grange South Australia AUSTRALIA,1.0034565308210355,-0.7272584629189595,0.12434107180904799,0.14617602770281837,0.5789368082756345,0.33516782797637884,0.16056818057625116,2020-04-29,Grange South Australia AUSTRALIA,Grange,South Australia,AUSTRALIA,-34.9,138.489
2232,2020-04-29|Great Barrier Reef Queensland AUSTRALIA,0.5077983481702314,-0.3466269760663972,0.08585204145071068,0.006934121433350052,0.36812220719729105,0.1355139594318053,0.13913711604631765,2020-04-29,Great Barrier Reef Queensland AUSTRALIA,Great Barrier Reef,Queensland,AUSTRALIA,-18.2870668,147.6991918
2233,2020-04-29|Great Barrier Reef near Upolu Bay Queensland AUSTRALIA,0.48563165753196674,-0.30069626936116517,0.06871839616744223,-0.03894809497360904,0.33524948518002207,0.11239221731346982,0.12671239499268178,2020-04-29,Great Barrier Reef near Upolu Bay Queensland AUSTRALIA,Great Barrier Reef (near Upolu Bay),Queensland,AUSTRALIA,-16.6722064,145.9334219
2234,2020-04-29|Great Barrier Reef off Cairns Queensland AUSTRALIA,0.4857881425303198,-0.30414335100339546,0.06613582109482098,-0.039833180077846676,0.3355739208356733,0.11260985634502672,0.12683502014429537,2020-04-29,Great Barrier Reef off Cairns Queensland AUSTRALIA,Great Barrier Reef,Queensland,AUSTRALIA,-16.9185514,145.7780548
2235,2020-04-29|Great Keppel Island Queensland AUSTRALIA,1.258514574589349,-0.7213976424144661,0.12694533238837294,0.16841697042368156,0.6446327741282143,0.4155514134802373,0.1943640944862917,2020-04-29,Great Keppel Island Queensland AUSTRALIA,Great Keppel Island,Queensland,AUSTRALIA,-23.1262002,150.97441619999998
2236,2020-04-29|Green Island New South Wales AUSTRALIA,0.569549998413611,-0.42538014227551235,0.03852991537296594,0.04313647035971496,0.2901723553874623,0.0841999958311077,0.08376554374716956,2020-04-29,Green Island New South Wales AUSTRALIA,Green Island,New South Wales,AUSTRALIA,-35.2721138,150.5160592
2237,2020-04-29|Green Island Queensland AUSTRALIA,0.48559871915235997,-0.29961291767588405,0.06922041714548535,-0.03791303895994802,0.33508219971872927,0.11228008056834238,0.12664916703146212,2020-04-29,Green Island Queensland AUSTRALIA,Green Island,Queensland,AUSTRALIA,-16.7597228,145.97380159999997
2238,2020-04-29|Greenmount Beach Queensland AUSTRALIA,0.6489120518168414,-0.3325490142762142,0.04875714637766559,0.036720422908938496,0.3168863652235788,0.10041696846461137,0.09554483405692153,2020-04-29,Greenmount Beach Queensland AUSTRALIA,Greenmount Beach,Queensland,AUSTRALIA,-28.1639838,153.54760100000001
2239,2020-04-29|Grey’s Point Port Hacking New South Wales AUSTRALIA,0.5892812432899299,-0.4137815375449233,0.045288304461396284,0.05115483867916472,0.29423695272302214,0.08657538434772998,0.08493889193008601,2020-04-29,Grey’s Point Port Hacking New South Wales AUSTRALIA,Grey’s Point,New South Wales,AUSTRALIA,-34.05508,151.07492
2240,2020-04-29|Guillotines surf break Shire of Augusta Margaret River Western Australia AUSTRALIA,0.299548269058938,-0.25862336506017963,0.018658987265792015,0.01755535869460182,0.21019220117498197,0.0441807614347841,0.06067726196496791,2020-04-29,Guillotines surf break Shire of Augusta Margaret River Western Australia AUSTRALIA,Guillotines surf break,Western Australia,AUSTRALIA,-34.1622739,115.18891599999999
2241,2020-04-29|Half Tide Beach Evans Head New South Wales AUSTRALIA,0.653462597420209,-0.3607418866458518,0.046130072312134465,0.036371087657797285,0.3227174163032001,0.10414653078541296,0.09730296210823976,2020-04-29,Half Tide Beach Evans Head New South Wales AUSTRALIA,Half Tide Beach,New South Wales,AUSTRALIA,-29.108617100000004,153.4217078
2242,2020-04-29|Hallidays Point New South Wales AUSTRALIA,0.6298254513722936,-0.3938389330493863,0.05395833123135509,0.05993139144978595,0.30463390271161167,0.09280181468130767,0.08794023286741763,2020-04-29,Hallidays Point New South Wales AUSTRALIA,Hallidays Point,New South Wales,AUSTRALIA,-32.0683509,152.51499819999998
2243,2020-04-29|Hamelin Bay Western Australia AUSTRALIA,0.30078537073999256,-0.2622160948221595,0.016102427793383767,0.014100726638148153,0.21228900170950413,0.045066620246817846,0.06128255614148957,2020-04-29,Hamelin Bay Western Australia AUSTRALIA,Hamelin Bay,Western Australia,AUSTRALIA,-34.2283311,115.0559483
2244,2020-04-29|Hamelin Harbour at Faure Island Western Australia AUSTRALIA,0.4855345506379309,-0.45225562019346205,0.06546997775902648,0.0719675682342506,0.26737122472931923,0.07148737181325612,0.07145796557280377,2020-04-29,Hamelin Harbour at Faure Island Western Australia AUSTRALIA,Hamelin Harbour,Western Australia,AUSTRALIA,-25.8438664,113.89416570000002
2245,2020-04-29|Hams Beach New South Wales AUSTRALIA,0.6086247257729488,-0.40659969450315525,0.05187954669261107,0.05920729575268675,0.2995124613350072,0.08970771449495417,0.0864618000887069,2020-04-29,Hams Beach New South Wales AUSTRALIA,Hams Beach,New South Wales,AUSTRALIA,-33.097531,151.658097
2246,2020-04-29|Happy Valley Beach Caloundra Queensland AUSTRALIA,0.654501326771067,-0.36860675026812006,0.03869966232515743,-0.010118828767818357,0.31892683537292,0.1017143263209856,0.09616005895522017,2020-04-29,Happy Valley Beach Caloundra Queensland AUSTRALIA,Happy Valley Beach,Queensland,AUSTRALIA,-26.8071839,153.13424890000002
2247,2020-04-29|Hardwicke Bay Yorke Peninsula South Australia AUSTRALIA,0.5431077088248246,-0.4059792914663963,0.015343219648224923,-0.1062031071604575,0.3093886445043115,0.09572133334821524,0.08931280859438885,2020-04-29,Hardwicke Bay Yorke Peninsula South Australia AUSTRALIA,Hardwicke Bay,South Australia,AUSTRALIA,-34.889309600000004,137.45835280000003
2248,2020-04-29|Harvey Bay Queensland AUSTRALIA,0.9773586160849785,-0.6792177883421054,-0.016912174697008786,-0.04166096867946111,0.5033240035645137,0.25333505256421057,0.1517578970729996,2020-04-29,Harvey Bay Queensland AUSTRALIA,Harvey Bay,Queensland,AUSTRALIA,-25.288153899999998,152.7676633
2249,2020-04-29|Hawkesbury Bridge Sydney New South Wales AUSTRALIA,0.5892812432899299,-0.4137815375449233,0.045288304461396284,0.05115483867916472,0.29423695272302214,0.08657538434772998,0.08493889193008601,2020-04-29,Hawkesbury Bridge Sydney New South Wales AUSTRALIA,Hawkesbury Bridge,New South Wales,AUSTRALIA,-33.874241299999994,150.92112269999998
2250,2020-04-29|Hawkesbury River New South Wales AUSTRALIA,0.5978072724469142,-0.41113504756406777,0.04911986098282902,0.05616659063954329,0.2966548096974313,0.08800407611661919,0.08563686711760458,2020-04-29,Hawkesbury River New South Wales AUSTRALIA,Hawkesbury River,New South Wales,AUSTRALIA,-33.4594721,151.0642231
2251,2020-04-29|Hawks Nest Beach New South Wales AUSTRALIA,0.6142073768156779,-0.4022284326000228,0.05212717261066473,0.05891363269785284,0.30058276891562596,0.09035000096898459,0.08677077127359986,2020-04-29,Hawks Nest Beach New South Wales AUSTRALIA,Hawks Nest Beach,New South Wales,AUSTRALIA,-32.6742413,152.1858925
2252,2020-04-29|Heron Island Queensland AUSTRALIA,0.8770463333867915,-0.5547168427081435,-0.010869422564726372,-0.028272445215437723,0.410349992794168,0.16838711658617375,0.11845783940083696,2020-04-29,Heron Island Queensland AUSTRALIA,Heron Island,Queensland,AUSTRALIA,-23.442297600000003,151.9148004
2253,2020-04-29|Hinchinbrook Channel Queensland Queensland AUSTRALIA,0.5460630210913441,-0.37014311768601965,0.07238907753939429,-0.05354562809481507,0.3770767902458553,0.14218690574211673,0.1425216303092856,2020-04-29,Hinchinbrook Channel Queensland Queensland AUSTRALIA,Hinchinbrook Channel,Queensland,AUSTRALIA,-18.292160600000003,146.2440175
2254,2020-04-29|Hobart Tasmania AUSTRALIA,0.3499895117354809,-0.4747077722359019,0.00464253362197387,0.09123516346203257,0.25630421332993336,0.06569184977067599,0.07108599871373351,2020-04-29,Hobart Tasmania AUSTRALIA,Hobart,Tasmania,AUSTRALIA,-42.8821377,147.3271949
2255,2020-04-29|Hobson Bay Victoria AUSTRALIA,0.4307349361001926,-0.4619073941064178,0.06065373583679424,0.0962993663659156,0.29321985289354785,0.08597788213091383,0.08464528049991617,2020-04-29,Hobson Bay Victoria AUSTRALIA,Hobson Bay,Victoria,AUSTRALIA,-37.8360799,144.8401227
2256,2020-04-29|Hobsons Bay Victoria AUSTRALIA,0.4307349361001926,-0.4619073941064178,0.06065373583679424,0.0962993663659156,0.29321985289354785,0.08597788213091383,0.08464528049991617,2020-04-29,Hobsons Bay Victoria AUSTRALIA,Hobson's Bay,Victoria,AUSTRALIA,-37.8360799,144.8401227
2257,2020-04-29|Hog Bay South Australia AUSTRALIA,0.6284457625663789,-0.34867006240267434,0.046037948180601716,-0.020449195385008303,0.32720403910273,0.10706248320514088,0.094455670027947,2020-04-29,Hog Bay South Australia AUSTRALIA,Hog Bay,South Australia,AUSTRALIA,-35.7189386,137.9434671
2258,2020-04-29|Holmes Reef Queensland AUSTRALIA,0.6792648966082971,-1.1097468473350223,0.13863307590368376,0.45081280628240417,0.5932789941149974,0.3519799648581031,0.15856048076772813,2020-04-29,Holmes Reef Queensland AUSTRALIA,Holmes Reef,Queensland,AUSTRALIA,-10.6005556,142.23138889999998
2259,2020-04-29|Homebush Bay Parramatta River Sydney New South Wales AUSTRALIA,0.5946636602352761,-0.4109475859361902,0.04781224736925662,0.05438999151514525,0.29550128968150235,0.08732101220343118,0.08530387457174848,2020-04-29,Homebush Bay Parramatta River Sydney New South Wales AUSTRALIA,Homebush Bay,New South Wales,AUSTRALIA,-33.8321521,151.08061709999998
2260,2020-04-29|Honeycombs 250 km south of Perth Western Australia AUSTRALIA,0.27453781173393216,-0.212376675097919,0.007400006805995272,-0.016180299125360835,0.18231572236983912,0.033239022623236254,0.050565283486747076,2020-04-29,Honeycombs 250 km south of Perth Western Australia AUSTRALIA,Honeycombs,Western Australia,AUSTRALIA,-31.950526899999996,115.8604572
2261,2020-04-29|Honeymoon Island near Hopetown Western Australia AUSTRALIA,0.30071868814335434,-0.22795762161867802,0.03955127895692031,0.04165820188332242,0.2043383609803338,0.04175416576812921,0.06161033396799688,2020-04-29,Honeymoon Island near Hopetown Western Australia AUSTRALIA,Honeymoon Island,Western Australia,AUSTRALIA,-34.99101160000001,117.34502920000001
2262,2020-04-29|Honeysuckle Point Eden New South Wales AUSTRALIA,0.5601846969854496,-0.43649982806964766,0.031747605841319894,0.03398784451383246,0.28944469862149874,0.08377823356009023,0.0835554873323162,2020-04-29,Honeysuckle Point Eden New South Wales AUSTRALIA,Honeysuckle Point,New South Wales,AUSTRALIA,-36.9640598,149.8899148
2263,2020-04-29|Horizontal Falls Western Australia AUSTRALIA,2.722598243658713,-2.3687414916162006,0.766592989406258,1.2395676403547349,1.8228082309869547,3.3226298469537907,0.5261994114206919,2020-04-29,Horizontal Falls Western Australia AUSTRALIA,Horizontal Falls,Western Australia,AUSTRALIA,-17.947279,122.231078
2264,2020-04-29|Horn Point Ladys Bay South Australia AUSTRALIA,1.1855826343103302,-0.9959511023801273,0.092885099135276,0.03293889460988176,0.6682602089825396,0.44657170690938747,0.1929101057723924,2020-04-29,Horn Point Ladys Bay South Australia AUSTRALIA,Horn Point,South Australia,AUSTRALIA,-30.0002315,136.20915469999997
2265,2020-04-29|Horseshoe Bay New South Wales AUSTRALIA,0.5592547846197151,-0.43170075060280183,0.03443717404658894,0.03791668623624583,0.288248152176526,0.08308699723318168,0.08321007412626476,2020-04-29,Horseshoe Bay New South Wales AUSTRALIA,Horseshoe Bay,New South Wales,AUSTRALIA,-36.4058391,150.075097
2266,2020-04-29|Horseshoe Bay near Kempsey New South Wales AUSTRALIA,0.6338998221068496,-0.36906616394128317,0.04653782573196315,0.04053670330977787,0.31593836460513286,0.09981705022936588,0.09525900111579333,2020-04-29,Horseshoe Bay near Kempsey New South Wales AUSTRALIA,Horseshoe Bay,New South Wales,AUSTRALIA,-30.8840947,153.039412
2267,2020-04-29|Iluka Beach New South Wales AUSTRALIA,0.6498866260759891,-0.3655743734064314,0.04714395959125372,0.037680617063178067,0.3221569673726595,0.10378511162674879,0.09713398039762529,2020-04-29,Iluka Beach New South Wales AUSTRALIA,Iluka Beach,New South Wales,AUSTRALIA,-29.4120103,153.3647477
2268,2020-04-29|In Swan River at Freshwater Bay Claremont 5 miles from river mouth Western Australia AUSTRALIA,0.27520403529242016,-0.20235144370418615,0.0250927327294368,0.015745840942068597,0.1781418810456461,0.031734529782481126,0.051425131487825036,2020-04-29,In Swan River at Freshwater Bay Claremont 5 miles from river mouth Western Australia AUSTRALIA,In Swan River at Freshwater Bay,Western Australia,AUSTRALIA,-31.9842456,115.77800049999999
2269,2020-04-29|In a tidal creek 5 km from Wickham Western Australia AUSTRALIA,1.6832214113524844,-1.0865837980590352,0.4468572502444126,0.6439926738304149,1.0113623193233,1.0228537409470042,0.3049372127544537,2020-04-29,In a tidal creek 5 km from Wickham Western Australia AUSTRALIA,In a tidal creek 5 km from Wickham,Western Australia,AUSTRALIA,-20.673199399999998,117.147269
2270,2020-04-29|Injidup Western Australia AUSTRALIA,0.2941029020528944,-0.23816627829804238,0.029077031629014104,0.02969697556543856,0.1983954421324639,0.03936075145893583,0.05727183096058643,2020-04-29,Injidup Western Australia AUSTRALIA,Injidup,Western Australia,AUSTRALIA,-33.6930914,114.9857991
2271,2020-04-29|Ipswich Queensland AUSTRALIA,0.8666612124467611,-0.5441198908203528,0.01218283526967256,0.05502683419014507,0.4290760565684805,0.1841062623203579,0.12937129874208714,2020-04-29,Ipswich Queensland AUSTRALIA,Ipswich,Queensland,AUSTRALIA,-27.623,152.76
2272,2020-04-29|Iron Cove Bridge Sydney Estuary New South Wales AUSTRALIA,0.5932942933952103,-0.41129687880778265,0.04746378220515241,0.05398019013690235,0.2950990213778262,0.0870834324181507,0.08518774971504155,2020-04-29,Iron Cove Bridge Sydney Estuary New South Wales AUSTRALIA,Iron Cove Bridge,New South Wales,AUSTRALIA,-33.8592696,151.1619465
2273,2020-04-29|Iron Cove Sydney New South Wales AUSTRALIA,0.59329481592638,-0.4112974118236251,0.04746348832914805,0.05397975552060515,0.29509922508333036,0.08708355264478207,0.08518780851975538,2020-04-29,Iron Cove Sydney New South Wales AUSTRALIA,Iron Cove,New South Wales,AUSTRALIA,-33.8642907,151.1583441
2274,2020-04-29|Jan Juc Beach Victoria AUSTRALIA,1.0523190623705139,-1.0422578526478181,0.1300917823415225,0.20227361303668606,0.6469285909961988,0.4185166018483271,0.18675219807906035,2020-04-29,Jan Juc Beach Victoria AUSTRALIA,Jan Juc Beach,Victoria,AUSTRALIA,-38.346092299999995,144.3099291
2275,2020-04-29|Jervis Bay & Long Reef New South Wales AUSTRALIA,0.5784129827663811,-0.4216855031710784,0.0417181867566529,0.04699044264041148,0.2921775781900821,0.08536773719702155,0.08434440170960843,2020-04-29,Jervis Bay & Long Reef New South Wales AUSTRALIA,Jervis Bay & Long Reef,New South Wales,AUSTRALIA,-35.0480805,150.7446771
2276,2020-04-29|Jervis Bay New South Wales AUSTRALIA,0.5784129827663811,-0.4216855031710784,0.0417181867566529,0.04699044264041148,0.2921775781900821,0.08536773719702155,0.08434440170960843,2020-04-29,Jervis Bay New South Wales AUSTRALIA,Jervis Bay,New South Wales,AUSTRALIA,-35.0480805,150.7446771
2277,2020-04-29|Jimmys Beach New South Wales AUSTRALIA,0.6131102051907139,-0.40218116723158504,0.05205737505491257,0.05890057078694469,0.300216173185162,0.09012975064194319,0.0866649442017663,2020-04-29,Jimmys Beach New South Wales AUSTRALIA,Jimmy's Beach,New South Wales,AUSTRALIA,-32.6790132,152.1762756
2278,2020-04-29|Jimmys Beach Port Stephens New South Wales AUSTRALIA,0.6131209254726404,-0.40217882022713625,0.05206273513084699,0.05890291673676189,0.3002204204429789,0.09013230085095904,0.08666617027948825,2020-04-29,Jimmys Beach Port Stephens New South Wales AUSTRALIA,Jimmys Beach,New South Wales,AUSTRALIA,-32.6790132,152.1762756
2279,2020-04-29|Johnstones Bay Sydney New South Wales AUSTRALIA,0.59329481592638,-0.4112974118236251,0.04746348832914805,0.05397975552060515,0.29509922508333036,0.08708355264478207,0.08518780851975538,2020-04-29,Johnstones Bay Sydney New South Wales AUSTRALIA,Johnstone's Bay,New South Wales,AUSTRALIA,-33.864072,151.1898785
2280,2020-04-29|Julian Rocks Byron Bay New South Wales AUSTRALIA,0.6469176745335787,-0.33647344694570586,0.048497572336330966,0.033310185364447,0.3166702747310475,0.1002800628982371,0.09547968032196792,2020-04-29,Julian Rocks Byron Bay New South Wales AUSTRALIA,Julian Rocks,New South Wales,AUSTRALIA,-28.643715999999998,153.615072
2281,2020-04-29|Junpinpin off Stradbroke Island Queensland AUSTRALIA,0.6527599346598456,-0.32963841607816263,0.04523349881280811,0.03194061185097062,0.31750599369857496,0.10081005603451951,0.09573165907155629,2020-04-29,Junpinpin off Stradbroke Island Queensland AUSTRALIA,Junpinpin,Queensland,AUSTRALIA,-27.731177600000002,153.4428803
2282,2020-04-29|Jurien Bay Western Australia AUSTRALIA,0.2696616400121004,-0.22109926268893274,-0.0069429201614088455,-0.04042686751361392,0.17992470411851133,0.032372899152133844,0.04808689987343884,2020-04-29,Jurien Bay Western Australia AUSTRALIA,Jurien Bay,Western Australia,AUSTRALIA,-30.293831400000002,115.11776540000001
2283,2020-04-29|Just below Roseville Bridge opposite Killarney picnic reserve Middle Harbor Sydney New South Wales AUSTRALIA,0.5946756841448135,-0.41094652391698056,0.04781392844406135,0.05439086667427194,0.2955030798570618,0.08732207020500905,0.08530439135091906,2020-04-29,Just below Roseville Bridge opposite Killarney picnic reserve Middle Harbor Sydney New South Wales AUSTRALIA,Just below Roseville Bridge,New South Wales,AUSTRALIA,-33.773044899999995,151.2037718
2284,2020-04-29|Just north of Fingal Spit New South Wales AUSTRALIA,0.6131102051907139,-0.40218116723158504,0.05205737505491257,0.05890057078694469,0.300216173185162,0.09012975064194319,0.0866649442017663,2020-04-29,Just north of Fingal Spit New South Wales AUSTRALIA,Just north of Fingal Spit,New South Wales,AUSTRALIA,-32.750155,152.16318700000002
2285,2020-04-29|Kalbarri Western Australia AUSTRALIA,0.31691311331801747,-0.24066051719109754,0.020861082377844932,-0.028261909066578137,0.18594368985812418,0.03457505579805427,0.04801045427685813,2020-04-29,Kalbarri Western Australia AUSTRALIA,Kalbarri,Western Australia,AUSTRALIA,-27.710419199999997,114.1646201
2286,2020-04-29|Kangaroo Island South Australia AUSTRALIA,0.4621307023979147,-0.23357996868357386,0.04997194076310077,-0.06586728141803783,0.26278128113918575,0.06905400171715177,0.07585842170185182,2020-04-29,Kangaroo Island South Australia AUSTRALIA,Kangaroo Island,South Australia,AUSTRALIA,-35.775242600000006,137.2142417
2287,2020-04-29|Karra Garra Queensland AUSTRALIA,0.9145203887420195,-0.601800308521608,0.06449634362504947,0.039688251141026774,0.5138533180752173,0.2640452324969104,0.14833667575735454,2020-04-29,Karra Garra Queensland AUSTRALIA,Karra Garra,Queensland,AUSTRALIA,-27.637184,153.3718169
2288,2020-04-29|Katana Downs Reach Brisbane River Queensland AUSTRALIA,0.8666654100341356,-0.544122743055372,0.012186300682666724,0.055035004361511,0.4290792116319301,0.18410896985467864,0.12937225002951003,2020-04-29,Katana Downs Reach Brisbane River Queensland AUSTRALIA,Katana Downs Reach,Queensland,AUSTRALIA,-27.55,152.822222
2289,2020-04-29|Kelpids Beach Wylie Bay Esperance Western Australia AUSTRALIA,0.3441442787940553,-0.2434993169398654,0.027408852594738124,-0.005437273412994589,0.22076605661170703,0.04873765175188343,0.06981235689466689,2020-04-29,Kelpids Beach Wylie Bay Esperance Western Australia AUSTRALIA,Kelpids Beach,Western Australia,AUSTRALIA,-33.8356954,121.9840825
2290,2020-04-29|Kelpies near Wylie Bay Western Australia AUSTRALIA,0.3441442787940553,-0.2434993169398654,0.027408852594738124,-0.005437273412994589,0.22076605661170703,0.04873765175188343,0.06981235689466689,2020-04-29,Kelpies near Wylie Bay Western Australia AUSTRALIA,Kelpies near Wylie Bay,Western Australia,AUSTRALIA,-33.8324777,121.9970721
2291,2020-04-29|Kempsey New South Wales AUSTRALIA,0.6333503534357386,-0.3734099623552782,0.04619461160401022,0.04346699726457133,0.31621464406364946,0.09999170112030054,0.09534230250680989,2020-04-29,Kempsey New South Wales AUSTRALIA,Kempsey,New South Wales,AUSTRALIA,-31.060476899999998,152.8481977
2292,2020-04-29|Kerosene Bay New South Wales AUSTRALIA,0.5978072724469142,-0.41113504756406777,0.04911986098282902,0.05616659063954329,0.2966548096974313,0.08800407611661919,0.08563686711760458,2020-04-29,Kerosene Bay New South Wales AUSTRALIA,Kerosene Bay,New South Wales,AUSTRALIA,-31.2532183,146.921099
2293,2020-04-29|Kiah Creek Eden New South Wales AUSTRALIA,0.5601840792030098,-0.4364991204916001,0.03174785378240241,0.033988222170490676,0.2894443726485692,0.08377804485792378,0.0835553932320369,2020-04-29,Kiah Creek Eden New South Wales AUSTRALIA,Kiah Creek,New South Wales,AUSTRALIA,-37.137766,149.871076
2294,2020-04-29|Kiama New South Wales AUSTRALIA,0.5838432617587743,-0.4197480278101612,0.04334035839405185,0.04895914559887554,0.2936730118584458,0.08624383789401084,0.08477609622510092,2020-04-29,Kiama New South Wales AUSTRALIA,Kiama,New South Wales,AUSTRALIA,-34.6738221,150.8443706
2295,2020-04-29|Kilcunda Victoria AUSTRALIA,1.1524500392250874,-0.9672257737039133,0.17461168991405848,0.22046350784276192,0.6730960888704365,0.45305834485267854,0.20294610678535918,2020-04-29,Kilcunda Victoria AUSTRALIA,Kilcunda,Victoria,AUSTRALIA,-38.5498,145.4761
2296,2020-04-29|Kings Beach Caloundra Queensland AUSTRALIA,0.654501326771067,-0.36860675026812006,0.03869966232515743,-0.010118828767818357,0.31892683537292,0.1017143263209856,0.09616005895522017,2020-04-29,Kings Beach Caloundra Queensland AUSTRALIA,Kings Beach,Queensland,AUSTRALIA,-26.801,153.141
2297,2020-04-29|Kingscliff Beach New South Wales AUSTRALIA,0.6468897033248016,-0.33212920832888493,0.04866497691033158,0.035299769270537185,0.3159775573160315,0.09984181672740597,0.09527081816275403,2020-04-29,Kingscliff Beach New South Wales AUSTRALIA,Kingscliff Beach,New South Wales,AUSTRALIA,-28.251915000000004,153.574525
2298,2020-04-29|Kingscliff New South Wales AUSTRALIA,0.646878186947251,-0.33213002829618815,0.048660277886978506,0.03530193527405236,0.3159737298563665,0.09983939795934407,0.09526966414024413,2020-04-29,Kingscliff New South Wales AUSTRALIA,Kingscliff,New South Wales,AUSTRALIA,-28.264593800000004,153.5776602
2299,2020-04-29|Kingscliffe Beach south of Tweed Heads New South Wales AUSTRALIA,0.6468897033248016,-0.33212920832888493,0.04866497691033158,0.035299769270537185,0.3159775573160315,0.09984181672740597,0.09527081816275403,2020-04-29,Kingscliffe Beach south of Tweed Heads New South Wales AUSTRALIA,Kingscliffe Beach,New South Wales,AUSTRALIA,-28.2732826,153.5811643
2300,2020-04-29|King’s Beach Caloundra Queensland AUSTRALIA,0.654501326771067,-0.36860675026812006,0.03869966232515743,-0.010118828767818357,0.31892683537292,0.1017143263209856,0.09616005895522017,2020-04-29,King’s Beach Caloundra Queensland AUSTRALIA,King’s Beach,Queensland,AUSTRALIA,-26.801,153.141
2301,2020-04-29|Kirra Beach Coolangatta Queensland AUSTRALIA,0.6489249045489163,-0.332548520171574,0.04875945131378889,0.03671912614311543,0.31688855537561966,0.10041835652804716,0.09554549441260819,2020-04-29,Kirra Beach Coolangatta Queensland AUSTRALIA,Kirra Beach,Queensland,AUSTRALIA,-28.165981300000002,153.5286085
2302,2020-04-29|Kirra Queensland AUSTRALIA,0.6489120518168414,-0.3325490142762142,0.04875714637766559,0.036720422908938496,0.3168863652235788,0.10041696846461137,0.09554483405692153,2020-04-29,Kirra Queensland AUSTRALIA,Kirra,Queensland,AUSTRALIA,-28.1673738,153.53098530000003
2303,2020-04-29|Kissing Point Camp Townsville Queensland AUSTRALIA,0.5495242679487357,-0.37131711703761505,0.03977355635626991,-0.19283845920184844,0.38343056062954606,0.147018994824688,0.11560866388762014,2020-04-29,Kissing Point Camp Townsville Queensland AUSTRALIA,Kissing Point Camp,Queensland,AUSTRALIA,-19.239290899999997,146.80543889999998
2304,2020-04-29|Knobbys Beach Newcastle New South Wales AUSTRALIA,0.6108608418944925,-0.4054841996851246,0.05200962226380926,0.059204749042445784,0.30014297029808784,0.09008580261935883,0.08664381234848743,2020-04-29,Knobbys Beach Newcastle New South Wales AUSTRALIA,Knobby's Beach,New South Wales,AUSTRALIA,-32.923841700000004,151.7928437
2305,2020-04-29|Koonya Beach Melbourne Victoria AUSTRALIA,1.0890956839602226,-1.1022949560242346,0.10758715051050595,0.17038924066358468,0.6813831637371275,0.4642830158244171,0.19669837650245472,2020-04-29,Koonya Beach Melbourne Victoria AUSTRALIA,Koonya Beach,Victoria,AUSTRALIA,-38.3632275,144.7513372
2306,2020-04-29|Kurnell Botany Bay New South Wales AUSTRALIA,0.5900636232415595,-0.41304190197843627,0.045777359479893844,0.0517845489142954,0.29434928464580057,0.08664150137149451,0.08497131936301337,2020-04-29,Kurnell Botany Bay New South Wales AUSTRALIA,Kurnell,New South Wales,AUSTRALIA,-34.011590000000005,151.20686
2307,2020-04-29|Kylies Beach Diamond Head New South Wales AUSTRALIA,0.6317784286421546,-0.38793729677131716,0.045100334501714606,0.050110175636865484,0.31756584111540187,0.10084806344333266,0.09574970374667327,2020-04-29,Kylies Beach Diamond Head New South Wales AUSTRALIA,Kylie's Beach,New South Wales,AUSTRALIA,-31.735303100000003,152.7916418
2308,2020-04-29|Lachan Island Mercury Passage Tasmania AUSTRALIA,0.38733491151533883,-0.42809925288510886,0.03339181095055774,0.08706446924387032,0.2487736760716603,0.06188834190620736,0.07181477442363292,2020-04-29,Lachan Island Mercury Passage Tasmania AUSTRALIA,Lachan Island,Tasmania,AUSTRALIA,-42.642743599999996,147.97761830000002
2309,2020-04-29|Lady Beach at Warrnambool Victoria AUSTRALIA,0.39056657110655096,-0.42960968476247696,0.0458798884631491,0.05998152450961003,0.26819166911132253,0.07192677138071711,0.08086283075830954,2020-04-29,Lady Beach at Warrnambool Victoria AUSTRALIA,Lady Beach at Warrnambool,Victoria,AUSTRALIA,-38.3974833,142.4726155
2310,2020-04-29|Lady Julia Percy Island Victoria AUSTRALIA,0.38594022801874156,-0.41524106777973474,0.03991468719278414,0.04413622554110711,0.2615828895369237,0.06842560809848644,0.07887020874281449,2020-04-29,Lady Julia Percy Island Victoria AUSTRALIA,Lady Julia Percy Island,Victoria,AUSTRALIA,-38.4160708,142.00376599999998
2311,2020-04-29|Lady Martin’s Beach Sydney Harbor New South Wales AUSTRALIA,0.59329481592638,-0.4112974118236251,0.04746348832914805,0.05397975552060515,0.29509922508333036,0.08708355264478207,0.08518780851975538,2020-04-29,Lady Martin’s Beach Sydney Harbor New South Wales AUSTRALIA,Lady Martin’s Beach,New South Wales,AUSTRALIA,-33.865044299999994,151.2534844
2312,2020-04-29|Lake Conjola near Milton New South Wales AUSTRALIA,0.5695510481158033,-0.42538136728932335,0.038526451916495515,0.04313567259176843,0.2901697862686289,0.08419850486318176,0.08376480210644453,2020-04-29,Lake Conjola near Milton New South Wales AUSTRALIA,Lake Conjola,New South Wales,AUSTRALIA,-35.2696191,150.4810158
2313,2020-04-29|Lake Illawarra New South Wales AUSTRALIA,0.5856134931347391,-0.41791522230619654,0.04375891080633162,0.04932426362873954,0.29385395590786867,0.08635014740270362,0.0848283302729222,2020-04-29,Lake Illawarra New South Wales AUSTRALIA,Lake Illawarra,New South Wales,AUSTRALIA,-34.541667,150.85833300000002
2314,2020-04-29|Lake Macquarie New South Wales AUSTRALIA,0.6086348995596619,-0.406596697982207,0.05188690811559211,0.059219928577627604,0.29951653583492177,0.08971015523855197,0.08646297629551815,2020-04-29,Lake Macquarie New South Wales AUSTRALIA,Lake Macquarie,New South Wales,AUSTRALIA,-33.031122499999995,151.56032439999998
2315,2020-04-29|Lamberts Beach Mackay Queensland AUSTRALIA,1.51839159561486,-0.8681538339601229,0.24110779743577798,0.3626652443640978,0.793670907426329,0.6299135092949325,0.2393007824503662,2020-04-29,Lamberts Beach Mackay Queensland AUSTRALIA,Lambert's Beach,Queensland,AUSTRALIA,-21.074391600000002,149.22827949999999
2316,2020-04-29|Lambert’s Beach Mackay Queensland AUSTRALIA,1.51839159561486,-0.8681538339601229,0.24110779743577798,0.3626652443640978,0.793670907426329,0.6299135092949325,0.2393007824503662,2020-04-29,Lambert’s Beach Mackay Queensland AUSTRALIA,Lambert’s Beach,Queensland,AUSTRALIA,-21.074391600000002,149.22827949999999
2317,2020-04-29|Lambeth Street Wharf New South Wales AUSTRALIA,0.5892807242716702,-0.4137809976684881,0.04528859393049137,0.05115526698072296,0.29423674944559,0.0865752647243069,0.08493883324894592,2020-04-29,Lambeth Street Wharf New South Wales AUSTRALIA,Lambeth Street Wharf,New South Wales,AUSTRALIA,-33.9633441,150.99770900000001
2318,2020-04-29|Lamont Reef Queensland AUSTRALIA,0.8578586804067997,-0.5421941392867922,-0.014594832267816625,-0.09277092462673377,0.4175937989235414,0.17438458089939515,0.12590926780077324,2020-04-29,Lamont Reef Queensland AUSTRALIA,Lamont Reef,Queensland,AUSTRALIA,-23.6013947,152.0308565
2319,2020-04-29|Lancelin Island Western Australia AUSTRALIA,0.27002260124864536,-0.21863683295642883,-0.006870324035460761,-0.04125682737918132,0.18202333741706142,0.033132495364445395,0.0486477832151281,2020-04-29,Lancelin Island Western Australia AUSTRALIA,Lancelin Island,Western Australia,AUSTRALIA,-31.007032899999995,115.3167243
2320,2020-04-29|Lancelin Western Australia AUSTRALIA,0.27001672256734466,-0.21866332599619512,-0.0068714881262261895,-0.04125524229850072,0.1820211670309949,0.033131705247325345,0.04864720315505254,2020-04-29,Lancelin Western Australia AUSTRALIA,Lancelin,Western Australia,AUSTRALIA,-31.045409799999998,115.35327749999999
2321,2020-04-29|Lane Cove River Sydney Harbor Estuary New South Wales AUSTRALIA,0.5946641822134628,-0.41094811691620636,0.04781195141000552,0.0543895540647273,0.2955014938651354,0.08732113287652667,0.08530393351448624,2020-04-29,Lane Cove River Sydney Harbor Estuary New South Wales AUSTRALIA,Lane Cove River,New South Wales,AUSTRALIA,-33.7827054,151.14003469999997
2322,2020-04-29|Lane Cove River Sydney Harbor New South Wales AUSTRALIA,0.5946641822134628,-0.41094811691620636,0.04781195141000552,0.0543895540647273,0.2955014938651354,0.08732113287652667,0.08530393351448624,2020-04-29,Lane Cove River Sydney Harbor New South Wales AUSTRALIA,Lane Cove River,New South Wales,AUSTRALIA,-33.7827054,151.14003469999997
2323,2020-04-29|Largs Bay South Australia AUSTRALIA,1.0324625444328013,-0.7622353313287061,0.12148354440006913,0.15500612625011367,0.600855485634258,0.36102731461677995,0.1666473278921641,2020-04-29,Largs Bay South Australia AUSTRALIA,Largs Bay,South Australia,AUSTRALIA,-34.821,138.494
2324,2020-04-29|Latitude Reef near Forster New South Wales AUSTRALIA,0.6289971893217746,-0.3941175035418169,0.05410276930861956,0.06019497557644933,0.30433679462563035,0.09262088456300309,0.08785446515070777,2020-04-29,Latitude Reef near Forster New South Wales AUSTRALIA,Latitude Reef,New South Wales,AUSTRALIA,-32.180556,152.511667
2325,2020-04-29|Laura Bay South Australia AUSTRALIA,0.5816798242402715,-0.4353813879572067,0.06861381538374592,0.03909576734625201,0.31672979626674147,0.10031776384317156,0.10015875590439986,2020-04-29,Laura Bay South Australia AUSTRALIA,Laura Bay,South Australia,AUSTRALIA,-32.2280904,133.83199679999998
2326,2020-04-29|Left break at the ‘Hot Spot’ at Sheringa Beach Western Australia AUSTRALIA,0.48722720611611126,-0.3731307190544198,0.08174376636120927,0.044690637125144574,0.26875605709438183,0.07222981822491863,0.08103300013794527,2020-04-29,Left break at the ‘Hot Spot’ at Sheringa Beach Western Australia AUSTRALIA,Left break at the ‘Hot Spot’ at Sheringa Beach,Western Australia,AUSTRALIA,-33.891765299999996,135.18893730000002
2327,2020-04-29|Lefthanders Beach Margaret River Western Australia AUSTRALIA,0.29396948397224615,-0.24428743302450037,0.02526108520307745,0.025297704970528207,0.2016736887186322,0.040672276721379755,0.05821817923508355,2020-04-29,Lefthanders Beach Margaret River Western Australia AUSTRALIA,Lefthanders Beach,Western Australia,AUSTRALIA,-33.8752851,114.98611319999999
2328,2020-04-29|Lefthanders Margaret River Area Western Australia AUSTRALIA,0.29396948397224615,-0.24428743302450037,0.02526108520307745,0.025297704970528207,0.2016736887186322,0.040672276721379755,0.05821817923508355,2020-04-29,Lefthanders Margaret River Area Western Australia AUSTRALIA,Lefthanders,Western Australia,AUSTRALIA,-33.8752851,114.98611319999999
2329,2020-04-29|Leichardt Sydney New South Wales AUSTRALIA,0.59329481592638,-0.4112974118236251,0.04746348832914805,0.05397975552060515,0.29509922508333036,0.08708355264478207,0.08518780851975538,2020-04-29,Leichardt Sydney New South Wales AUSTRALIA,Leichardt,New South Wales,AUSTRALIA,-33.8837222,151.157028
2330,2020-04-29|Leighton Beach North Fremantle Western Australia AUSTRALIA,0.27520403529242016,-0.20235144370418615,0.0250927327294368,0.015745840942068597,0.1781418810456461,0.031734529782481126,0.051425131487825036,2020-04-29,Leighton Beach North Fremantle Western Australia AUSTRALIA,Leighton Beach,Western Australia,AUSTRALIA,-32.028432,115.7503284
2331,2020-04-29|Leighton Beach north of Freemantle Western Australia AUSTRALIA,0.27520403529242016,-0.20235144370418615,0.0250927327294368,0.015745840942068597,0.1781418810456461,0.031734529782481126,0.051425131487825036,2020-04-29,Leighton Beach north of Freemantle Western Australia AUSTRALIA,Leighton Beach,Western Australia,AUSTRALIA,-32.024505600000005,115.7503081
2332,2020-04-29|Leighton Beach south of North Cottesloe Western Australia AUSTRALIA,0.27520403529242016,-0.20235144370418615,0.0250927327294368,0.015745840942068597,0.1781418810456461,0.031734529782481126,0.051425131487825036,2020-04-29,Leighton Beach south of North Cottesloe Western Australia AUSTRALIA,Leighton Beach,Western Australia,AUSTRALIA,-32.028432,115.7503284
2333,2020-04-29|Lennox Head Ballina New South Wales AUSTRALIA,0.6496904103864283,-0.34565481373320145,0.04649075031474686,0.03355057470912655,0.3188926039684781,0.10169249286579662,0.09614973779844012,2020-04-29,Lennox Head Ballina New South Wales AUSTRALIA,Lennox Head,New South Wales,AUSTRALIA,-28.8,153.583333
2334,2020-04-29|Lennox Head New South Wales AUSTRALIA,0.6496904103864283,-0.34565481373320145,0.04649075031474686,0.03355057470912655,0.3188926039684781,0.10169249286579662,0.09614973779844012,2020-04-29,Lennox Head New South Wales AUSTRALIA,Lennox Head,New South Wales,AUSTRALIA,-28.8,153.583333
2335,2020-04-29|Lennox Heads New South Wales AUSTRALIA,0.6496904103864283,-0.34565481373320145,0.04649075031474686,0.03355057470912655,0.3188926039684781,0.10169249286579662,0.09614973779844012,2020-04-29,Lennox Heads New South Wales AUSTRALIA,Lennox Heads,New South Wales,AUSTRALIA,-28.8,153.583333
2336,2020-04-29|Levys Beach Victoria AUSTRALIA,0.43073383733567483,-0.46190369143865534,0.06065903103007597,0.09629479606749491,0.293218459522533,0.08597706500476733,0.08464487826835092,2020-04-29,Levys Beach Victoria AUSTRALIA,Levys Beach,Victoria,AUSTRALIA,-37.471307700000004,144.7851531
2337,2020-04-29|Lighthouse Beach Ballina New South Wales AUSTRALIA,0.6496006418623648,-0.3469872048910061,0.04659521319829974,0.03393058287886907,0.3190479400642846,0.10179158805926336,0.09619657339354819,2020-04-29,Lighthouse Beach Ballina New South Wales AUSTRALIA,Lighthouse Beach,New South Wales,AUSTRALIA,-28.8725999,153.58992469999998
2338,2020-04-29|Lighthouse Beach New South Wales AUSTRALIA,0.6345365739283791,-0.38090818119784153,0.04616155043161963,0.04930449407347928,0.31760093536069217,0.10087035414198656,0.09576028505975769,2020-04-29,Lighthouse Beach New South Wales AUSTRALIA,Lighthouse Beach,New South Wales,AUSTRALIA,-31.4789172,152.9298045
2339,2020-04-29|Lighthouse Beach Seal Rocks New South Wales AUSTRALIA,0.6199934288374431,-0.3989172955410119,0.05323842230995274,0.05992231738578009,0.3018328556176951,0.09110307273033236,0.08713164022057486,2020-04-29,Lighthouse Beach Seal Rocks New South Wales AUSTRALIA,Lighthouse Beach,New South Wales,AUSTRALIA,-32.4436471,152.52793569999997
2340,2020-04-29|Line Reef Queensland AUSTRALIA,0.7186218012460408,-0.40181312974891464,0.0014953974989674248,-0.12081293466049887,0.3978339708941509,0.1582718683974081,0.11995145548300631,2020-04-29,Line Reef Queensland AUSTRALIA,Line Reef,Queensland,AUSTRALIA,-19.674144000000002,149.1746224
2341,2020-04-29|Line Reef northeast of Hamilton Island Whitsundays Queensland AUSTRALIA,0.7186218012460408,-0.40181312974891464,0.0014953974989674248,-0.12081293466049887,0.3978339708941509,0.1582718683974081,0.11995145548300631,2020-04-29,Line Reef northeast of Hamilton Island Whitsundays Queensland AUSTRALIA,Line Reef,Queensland,AUSTRALIA,-19.674144000000002,149.1746224
2342,2020-04-29|Lipson Cove Tumby Bay South Australia AUSTRALIA,0.6781802997663969,-0.4303665787372847,0.03827724227553228,-0.09186762258123868,0.3906043324861504,0.15257174455695113,0.10833414993824614,2020-04-29,Lipson Cove Tumby Bay South Australia AUSTRALIA,Lipson Cove,South Australia,AUSTRALIA,-34.2592315,136.2625804
2343,2020-04-29|Lismore New South Wales AUSTRALIA,0.6526398217810107,-0.35561924000778306,0.045783857010009046,0.03523799758351885,0.3215456174459386,0.10339158409868991,0.09694965145921217,2020-04-29,Lismore New South Wales AUSTRALIA,Lismore,New South Wales,AUSTRALIA,-28.8093154,153.2882876
2344,2020-04-29|Little Beach Reef Bremer Bay Western Australia AUSTRALIA,0.3189375767006683,-0.2153802306133621,0.06881813547333301,0.08254546764778113,0.20249113176577238,0.04100265844378339,0.06749704392192413,2020-04-29,Little Beach Reef Bremer Bay Western Australia AUSTRALIA,Little Beach Reef,Western Australia,AUSTRALIA,-34.4650904,119.0936263
2345,2020-04-29|Little Congwong Beach La Perouse New South Wales AUSTRALIA,0.5900636232415595,-0.41304190197843627,0.045777359479893844,0.0517845489142954,0.29434928464580057,0.08664150137149451,0.08497131936301337,2020-04-29,Little Congwong Beach La Perouse New South Wales AUSTRALIA,Little Congwong Beach,New South Wales,AUSTRALIA,-33.9915566,151.2383626
2346,2020-04-29|Little Island near Hillarys Western Australia AUSTRALIA,0.27316587471643156,-0.2119869799078213,0.00800834355049339,-0.014854038311267146,0.18137939331777767,0.032898484320325085,0.050305592532292144,2020-04-29,Little Island near Hillarys Western Australia AUSTRALIA,Little Island,Western Australia,AUSTRALIA,-31.8123368,115.70911540000002
2347,2020-04-29|Lizard Island Queensland AUSTRALIA,0.4559302679626431,-0.2815155252999539,0.10551650996471093,0.1203507708254381,0.32593852513874827,0.10623592216962242,0.11523667068777543,2020-04-29,Lizard Island Queensland AUSTRALIA,Lizard Island,Queensland,AUSTRALIA,-14.668043300000003,145.463777
2348,2020-04-29|Logan River Queensland AUSTRALIA,0.6512907012084473,-0.3315103260204515,0.04801196949830508,0.03561786424033128,0.31771653065850336,0.10094379385367572,0.09579513835342761,2020-04-29,Logan River Queensland AUSTRALIA,Logan River,Queensland,AUSTRALIA,-28.073537800000004,152.924704
2349,2020-04-29|Long Reef Collaroy New South Wales AUSTRALIA,0.5961546310857269,-0.4107413113847372,0.04828362227005561,0.05497169880444652,0.29597431633105,0.08760079592763242,0.08544042560347358,2020-04-29,Long Reef Collaroy New South Wales AUSTRALIA,Long Reef,New South Wales,AUSTRALIA,-33.741958399999994,151.31703280000002
2350,2020-04-29|Long Reef North Manly New South Wales AUSTRALIA,0.5961650885725106,-0.4107386723666433,0.048288968062255716,0.05497389601574557,0.2959784742770628,0.08760325723537793,0.08544162589909847,2020-04-29,Long Reef North Manly New South Wales AUSTRALIA,Long Reef,New South Wales,AUSTRALIA,-33.7419539,151.3170694
2351,2020-04-29|Long Reef north of Sydney New South Wales AUSTRALIA,0.5946641822134628,-0.41094811691620636,0.04781195141000552,0.0543895540647273,0.2955014938651354,0.08732113287652667,0.08530393351448624,2020-04-29,Long Reef north of Sydney New South Wales AUSTRALIA,Long Reef,New South Wales,AUSTRALIA,-33.746083399999996,151.30407160000001
2352,2020-04-29|Lookout Point Queensland AUSTRALIA,0.64601433757658,-0.339076209181208,0.04354520307261662,0.021264373326088076,0.3124417404299966,0.09761984116292537,0.09420472925926489,2020-04-29,Lookout Point Queensland AUSTRALIA,Lookout Point,Queensland,AUSTRALIA,-27.434650800000004,153.5304523
2353,2020-04-29|Lord Howe Island New South Wales AUSTRALIA,0.6382614789367284,-0.4403950932484421,0.02405904208558288,0.01755561404580579,0.34041826220339955,0.1158845932415825,0.09827028766009867,2020-04-29,Lord Howe Island New South Wales AUSTRALIA,Lord Howe Island,New South Wales,AUSTRALIA,-31.555326300000004,159.0821211
2354,2020-04-29|Lord Howe Island island group 440 miles northeast of Sydney New South Wales AUSTRALIA,0.6382567307685925,-0.44039287669706206,0.024056780041706444,0.017554023886466475,0.34041531883066883,0.11588258929458592,0.09826943798157947,2020-04-29,Lord Howe Island island group 440 miles northeast of Sydney New South Wales AUSTRALIA,Lord Howe Island (island group 440 miles northeast of Sydney),New South Wales,AUSTRALIA,-31.555326300000004,159.0821211
2355,2020-04-29|Lorne Victoria AUSTRALIA,0.9710246574325937,-0.9383716281380702,0.14483139545646906,0.2212344400466528,0.5846163594758876,0.3417762877668403,0.16876420625803137,2020-04-29,Lorne Victoria AUSTRALIA,Lorne,Victoria,AUSTRALIA,-38.5366556,143.97154840000002
2356,2020-04-29|Maatsuyker Island Tasmania AUSTRALIA,0.2838240222026518,-0.3825038054902507,0.0061982757231963575,0.08306719828517914,0.24627645131493694,0.060652090472278514,0.08209215043831232,2020-04-29,Maatsuyker Island Tasmania AUSTRALIA,Maatsuyker Island,Tasmania,AUSTRALIA,-43.6522707,146.27698130000002
2357,2020-04-29|Mackay Queensland AUSTRALIA,1.549683462735607,-0.901021054967648,0.22967579012350034,0.3340481347044573,0.8127032085153935,0.6604865051312151,0.24503923714213888,2020-04-29,Mackay Queensland AUSTRALIA,Mackay,Queensland,AUSTRALIA,-21.1424956,149.1821469
2358,2020-04-29|Macleay River New South Wales AUSTRALIA,0.6342648954606254,-0.36889420505270903,0.04614422298878864,0.039136885331521924,0.31610505173146447,0.09992240373015183,0.09530925917537739,2020-04-29,Macleay River New South Wales AUSTRALIA,Macleay River,New South Wales,AUSTRALIA,-30.8273843,152.45621
2359,2020-04-29|Magnetic Island Queensland AUSTRALIA,0.5512597573922526,-0.3758492117791515,0.043211632872022926,-0.18380904096648895,0.38643932788180274,0.14933535413373944,0.1165158413473696,2020-04-29,Magnetic Island Queensland AUSTRALIA,Magnetic Island,Queensland,AUSTRALIA,-19.135865300000003,146.8423556
2360,2020-04-29|Magra Islet Queensland AUSTRALIA,0.5690589147584415,-0.3541807067054065,0.10736162352562878,0.08925270724092423,0.39631304116416993,0.15706402659679305,0.14011781943992394,2020-04-29,Magra Islet Queensland AUSTRALIA,Magra Islet,Queensland,AUSTRALIA,-11.8573472,143.2815326
2361,2020-04-29|Main Beach Gold Coast Queensland AUSTRALIA,0.6517397951020644,-0.3291519940835203,0.0470693195862431,0.033810484850627244,0.31753108876351305,0.10082599233134201,0.09573922551832803,2020-04-29,Main Beach Gold Coast Queensland AUSTRALIA,Main Beach,Queensland,AUSTRALIA,-27.963,153.42600000000002
2362,2020-04-29|Main Beach Southport Queensland AUSTRALIA,0.6517278545079311,-0.32915267986693586,0.04706455398365987,0.03381254419296417,0.31752724727557957,0.10082355276240706,0.09573806726613603,2020-04-29,Main Beach Southport Queensland AUSTRALIA,Main Beach,Queensland,AUSTRALIA,-27.963,153.42600000000002
2363,2020-04-29|Malagil Barrier Reef Queensland AUSTRALIA,0.5498344473723884,-0.3716147142817813,0.0405686774052805,-0.19138637369437334,0.38409238210770985,0.147526957993175,0.11580821057137176,2020-04-29,Malagil Barrier Reef Queensland AUSTRALIA,Malagil,Queensland,AUSTRALIA,-19.3594967,146.885081
2364,2020-04-29|Manley Beach New South Wales AUSTRALIA,0.5946636602352761,-0.4109475859361902,0.04781224736925662,0.05438999151514525,0.29550128968150235,0.08732101220343118,0.08530387457174848,2020-04-29,Manley Beach New South Wales AUSTRALIA,Manley Beach,New South Wales,AUSTRALIA,-33.7931501,151.2876488
2365,2020-04-29|Manly Marineland Sydney New South Wales AUSTRALIA,0.5946641822134628,-0.41094811691620636,0.04781195141000552,0.0543895540647273,0.2955014938651354,0.08732113287652667,0.08530393351448624,2020-04-29,Manly Marineland Sydney New South Wales AUSTRALIA,Manly Marineland,New South Wales,AUSTRALIA,-33.8060158,151.29477749999998
2366,2020-04-29|Manly New South Wales AUSTRALIA,0.5946641822134628,-0.41094811691620636,0.04781195141000552,0.0543895540647273,0.2955014938651354,0.08732113287652667,0.08530393351448624,2020-04-29,Manly New South Wales AUSTRALIA,Manly,New South Wales,AUSTRALIA,-33.8060158,151.29477749999998
2367,2020-04-29|Manning River New South Wales AUSTRALIA,0.6298248779768929,-0.3938385034696323,0.05395867695669468,0.05993190618503376,0.30463371037764686,0.09280169749845203,0.08794017734538445,2020-04-29,Manning River New South Wales AUSTRALIA,Manning River,New South Wales,AUSTRALIA,-31.8518472,152.10067469999998
2368,2020-04-29|Maria River New South Wales AUSTRALIA,0.6335387150806306,-0.3742795947769215,0.04636945822326313,0.04459820701187502,0.31634854291017994,0.10007640060139396,0.0953826745280647,2020-04-29,Maria River New South Wales AUSTRALIA,Maria River,New South Wales,AUSTRALIA,-31.269947600000002,152.8567516
2369,2020-04-29|Marineland Aquarium Manley Sydney New South Wales AUSTRALIA,0.5946746370549221,-0.4109454618062891,0.04781729488582915,0.05439174219591029,0.29550564465045803,0.08732358602028277,0.08530513174299792,2020-04-29,Marineland Aquarium Manley Sydney New South Wales AUSTRALIA,Marineland Aquarium,New South Wales,AUSTRALIA,-33.795355,151.285014
2370,2020-04-29|Marineland Sydney New South Wales AUSTRALIA,0.59329481592638,-0.4112974118236251,0.04746348832914805,0.05397975552060515,0.29509922508333036,0.08708355264478207,0.08518780851975538,2020-04-29,Marineland Sydney New South Wales AUSTRALIA,Marineland,New South Wales,AUSTRALIA,-33.8695997,151.2021381
2371,2020-04-29|Marino South Australia AUSTRALIA,0.9640575185873421,-0.6910050262537363,0.1166181259107213,0.11747401933061864,0.5511780714045849,0.3037972663972776,0.1528692921815833,2020-04-29,Marino South Australia AUSTRALIA,Marino,South Australia,AUSTRALIA,-35.049724499999996,138.5162223
2372,2020-04-29|Marion Bay South Australia AUSTRALIA,0.4341985384997038,-0.3128058580411772,0.06582221753409116,-0.04331775597831099,0.25281649865184547,0.0639161819905786,0.07298183677611082,2020-04-29,Marion Bay South Australia AUSTRALIA,Marion Bay,South Australia,AUSTRALIA,-35.2398829,136.97959939999998
2373,2020-04-29|Mark’s Point Swan Bay Lake Macquarie New South Wales AUSTRALIA,0.6086247257729488,-0.40659969450315525,0.05187954669261107,0.05920729575268675,0.2995124613350072,0.08970771449495417,0.0864618000887069,2020-04-29,Mark’s Point Swan Bay Lake Macquarie New South Wales AUSTRALIA,Mark’s Point,New South Wales,AUSTRALIA,-33.0589864,151.64430869999998
2374,2020-04-29|Maroochydore Beach Queensland AUSTRALIA,0.6488093763717487,-0.36404631180334973,0.040504251746282076,-0.005258907958495872,0.3159968745477674,0.09985402472395748,0.09527664252726825,2020-04-29,Maroochydore Beach Queensland AUSTRALIA,Maroochydore Beach,Queensland,AUSTRALIA,-26.65447,153.10362869999997
2375,2020-04-29|Maroochydore Queensland AUSTRALIA,0.6488093763717487,-0.36404631180334973,0.040504251746282076,-0.005258907958495872,0.3159968745477674,0.09985402472395748,0.09527664252726825,2020-04-29,Maroochydore Queensland AUSTRALIA,Maroochydore,Queensland,AUSTRALIA,-26.65,153.1
2376,2020-04-29|Maroubra Bay New South Wales AUSTRALIA,0.5915578147483526,-0.41213962270641236,0.046307718779223246,0.052404858479977987,0.2946511720703242,0.08681931320241582,0.08505846675592021,2020-04-29,Maroubra Bay New South Wales AUSTRALIA,Maroubra Bay,New South Wales,AUSTRALIA,-33.980540000000005,151.24301
2377,2020-04-29|Maroubra Beach New South Wales AUSTRALIA,0.5923595489693808,-0.4116908203273216,0.04689847832961171,0.05321378401722153,0.2948444349222647,0.0869332408046296,0.08511425693571631,2020-04-29,Maroubra Beach New South Wales AUSTRALIA,Maroubra Beach,New South Wales,AUSTRALIA,-33.9495,151.2437
2378,2020-04-29|Maroubra New South Wales AUSTRALIA,0.5923595489693808,-0.4116908203273216,0.04689847832961171,0.05321378401722153,0.2948444349222647,0.0869332408046296,0.08511425693571631,2020-04-29,Maroubra New South Wales AUSTRALIA,Maroubra,New South Wales,AUSTRALIA,-33.9495,151.2437
2379,2020-04-29|Martin Islet New South Wales AUSTRALIA,0.5863049207167059,-0.4173098624445617,0.04407193318417991,0.04970407950834267,0.2939615579249015,0.0864133975376352,0.08485939229967182,2020-04-29,Martin Islet New South Wales AUSTRALIA,Martin Islet,New South Wales,AUSTRALIA,-34.4943401,150.93782480000002
2380,2020-04-29|Mary River Queensland AUSTRALIA,0.6489629263435319,-0.3634020689306925,0.040366336411473205,-0.004306225254494375,0.31568591574909943,0.0996575974023475,0.09518288492177357,2020-04-29,Mary River Queensland AUSTRALIA,Mary River,Queensland,AUSTRALIA,-26.184755499999998,152.64317409999998
2381,2020-04-29|Maryborough Queensland AUSTRALIA,0.9773586160849785,-0.6792177883421054,-0.016912174697008786,-0.04166096867946111,0.5033240035645137,0.25333505256421057,0.1517578970729996,2020-04-29,Maryborough Queensland AUSTRALIA,Maryborough,Queensland,AUSTRALIA,-25.523262699999997,152.6970636
2382,2020-04-29|Mauds Point Western Australia AUSTRALIA,0.2745436871637586,-0.21238380312619953,0.007399222032858268,-0.0161809725553843,0.18232078641775099,0.03324086915998717,0.05056668800093228,2020-04-29,Mauds Point Western Australia AUSTRALIA,Mauds Point,Western Australia,AUSTRALIA,-31.954288399999996,115.8624252
2383,2020-04-29|McKenzies Beach New South Wales AUSTRALIA,0.5653016397371644,-0.4303192278581327,0.03620749696248815,0.04015538268516865,0.28996048200858604,0.08407708112665156,0.0837043811710054,2020-04-29,McKenzies Beach New South Wales AUSTRALIA,McKenzies Beach,New South Wales,AUSTRALIA,-35.8043718,150.226363
2384,2020-04-29|McMasters Beach Central Coast New South Wales AUSTRALIA,0.5993415562796577,-0.41034717708299295,0.04950688670270389,0.05657493197743546,0.2970130946162623,0.08821677837352879,0.08574029506477142,2020-04-29,McMasters Beach Central Coast New South Wales AUSTRALIA,McMasters Beach,New South Wales,AUSTRALIA,-33.4967169,151.4114482
2385,2020-04-29|Melbourne Victoria AUSTRALIA,0.4330597331525503,-0.4647537621160778,0.05982028724802332,0.09394147162057123,0.29514419133243625,0.08711009367727772,0.08520078915776824,2020-04-29,Melbourne Victoria AUSTRALIA,Melbourne,Victoria,AUSTRALIA,-37.813627600000004,144.96305759999998
2386,2020-04-29|Mereweather Beach New South Wales AUSTRALIA,0.6108608418944925,-0.4054841996851246,0.05200962226380926,0.059204749042445784,0.30014297029808784,0.09008580261935883,0.08664381234848743,2020-04-29,Mereweather Beach New South Wales AUSTRALIA,Mereweather Beach,New South Wales,AUSTRALIA,-32.9465493,151.7599466
2387,2020-04-29|Merewether Beach Newcastle New South Wales AUSTRALIA,0.610872577785219,-0.40548274311331073,0.052011674497445017,0.059206139934939894,0.30014466469240886,0.09008681974331854,0.08664430147799611,2020-04-29,Merewether Beach Newcastle New South Wales AUSTRALIA,Merewether Beach,New South Wales,AUSTRALIA,-32.9465493,151.7599466
2388,2020-04-29|Merewether Beach near Newcastle New South Wales AUSTRALIA,0.6108603092598519,-0.4054837141847814,0.052009935900696615,0.05920521258465222,0.3001427827464661,0.09008569003479236,0.0866437582069978,2020-04-29,Merewether Beach near Newcastle New South Wales AUSTRALIA,Merewether Beach,New South Wales,AUSTRALIA,-32.9465493,151.7599466
2389,2020-04-29|Merimbula New South Wales AUSTRALIA,0.5574358358067079,-0.43350270957061315,0.03201951782408477,0.03444947451344829,0.28794894047628805,0.08291459232141689,0.08312369914842622,2020-04-29,Merimbula New South Wales AUSTRALIA,Merimbula,New South Wales,AUSTRALIA,-36.8875485,149.90587480000002
2390,2020-04-29|Merino Rocks Adelaide South Australia AUSTRALIA,0.9640575185873421,-0.6910050262537363,0.1166181259107213,0.11747401933061864,0.5511780714045849,0.3037972663972776,0.1528692921815833,2020-04-29,Merino Rocks Adelaide South Australia AUSTRALIA,Merino Rocks,South Australia,AUSTRALIA,-35.05,138.5166667
2391,2020-04-29|Mermaid Beach Queensland AUSTRALIA,0.6512907012084473,-0.3315103260204515,0.04801196949830508,0.03561786424033128,0.31771653065850336,0.10094379385367572,0.09579513835342761,2020-04-29,Mermaid Beach Queensland AUSTRALIA,Mermaid Beach,Queensland,AUSTRALIA,-28.044,153.437
2392,2020-04-29|Mermaid Waters Queensland AUSTRALIA,0.6512907012084473,-0.3315103260204515,0.04801196949830508,0.03561786424033128,0.31771653065850336,0.10094379385367572,0.09579513835342761,2020-04-29,Mermaid Waters Queensland AUSTRALIA,Mermaid Waters,Queensland,AUSTRALIA,-28.047778000000005,153.42166699999999
2393,2020-04-29|Metro coast Western Australia AUSTRALIA,0.273097039219878,-0.21216125592887428,0.007904844655562468,-0.014918184302599342,0.18128514288505038,0.03286430303085313,0.05027945216552807,2020-04-29,Metro coast Western Australia AUSTRALIA,Metro coast,Western Australia,AUSTRALIA,-31.7478596,115.7726817
2394,2020-04-29|Miall Island Queensland AUSTRALIA,1.3812760081462907,-0.9120188966445916,0.11033877353465839,-0.012017972184944091,0.7931122581040635,0.6290270539549266,0.22895178785698653,2020-04-29,Miall Island Queensland AUSTRALIA,Miall Island,Queensland,AUSTRALIA,-23.1528552,150.9052831
2395,2020-04-29|Miami Lake Queensland AUSTRALIA,0.6512907012084473,-0.3315103260204515,0.04801196949830508,0.03561786424033128,0.31771653065850336,0.10094379385367572,0.09579513835342761,2020-04-29,Miami Lake Queensland AUSTRALIA,Miami Lake,Queensland,AUSTRALIA,-28.076944399999995,153.4366667
2396,2020-04-29|Middle Beach 40 km north of Adelaide South Australia AUSTRALIA,1.0708306026704622,-0.7972297229483634,0.13142951016153187,0.18332186820871155,0.6280017728973639,0.3943862267622323,0.1741763533279798,2020-04-29,Middle Beach 40 km north of Adelaide South Australia AUSTRALIA,Middle Beach,South Australia,AUSTRALIA,-34.5795185,138.4821124
2397,2020-04-29|Middle Brighton Port Phillip Victoria AUSTRALIA,0.4330597331525503,-0.4647537621160778,0.05982028724802332,0.09394147162057123,0.29514419133243625,0.08711009367727772,0.08520078915776824,2020-04-29,Middle Brighton Port Phillip Victoria AUSTRALIA,Middle Brighton,Victoria,AUSTRALIA,-37.915053799999995,144.9962287
2398,2020-04-29|Middle Harbour Sugarloaf Bay Sydney Estuary New South Wales AUSTRALIA,0.5946641822134628,-0.41094811691620636,0.04781195141000552,0.0543895540647273,0.2955014938651354,0.08732113287652667,0.08530393351448624,2020-04-29,Middle Harbour Sugarloaf Bay Sydney Estuary New South Wales AUSTRALIA,Middle Harbour,New South Wales,AUSTRALIA,-33.7831723,151.2231308
2399,2020-04-29|Middle Harbour Sydney New South Wales AUSTRALIA,0.5946636602352761,-0.4109475859361902,0.04781224736925662,0.05438999151514525,0.29550128968150235,0.08732101220343118,0.08530387457174848,2020-04-29,Middle Harbour Sydney New South Wales AUSTRALIA,Middle Harbour,New South Wales,AUSTRALIA,-33.7859956,151.2260866
2400,2020-04-29|Middleton Beach South Australia AUSTRALIA,0.40599845894932834,-0.3595592970973364,0.05206009887107734,0.018768480882123916,0.25376534289745134,0.06439684925586105,0.08024764747695788,2020-04-29,Middleton Beach South Australia AUSTRALIA,Middleton Beach,South Australia,AUSTRALIA,-35.51150689999999,138.7185508
2401,2020-04-29|Middleton Point Fleurieu Peninsula South Australia AUSTRALIA,0.40599845894932834,-0.3595592970973364,0.05206009887107734,0.018768480882123916,0.25376534289745134,0.06439684925586105,0.08024764747695788,2020-04-29,Middleton Point Fleurieu Peninsula South Australia AUSTRALIA,Middleton Point,South Australia,AUSTRALIA,-35.5142799,138.70844
2402,2020-04-29|Middleton Reef Queensland AUSTRALIA,1.4048440887116476,-1.110163373143974,0.19440454691397438,0.21861031494362657,0.9499321920615063,0.9023711695147785,0.28641533248616713,2020-04-29,Middleton Reef Queensland AUSTRALIA,Middleton Reef,Queensland,AUSTRALIA,-22.3581165,141.54921140000002
2403,2020-04-29|Millers Point New South Wales AUSTRALIA,0.59329481592638,-0.4112974118236251,0.04746348832914805,0.05397975552060515,0.29509922508333036,0.08708355264478207,0.08518780851975538,2020-04-29,Millers Point New South Wales AUSTRALIA,Millers Point,New South Wales,AUSTRALIA,-33.86085,151.20281
2404,2020-04-29|Millicent South Australia AUSTRALIA,0.3918063402064516,-0.3900056462562058,0.03825091616913546,0.03415821571074638,0.25546989659686276,0.06526486806721174,0.07702707202206233,2020-04-29,Millicent South Australia AUSTRALIA,Millicent,South Australia,AUSTRALIA,-37.6050244,140.3593062
2405,2020-04-29|Mindarie Western Australia AUSTRALIA,0.27307712258860206,-0.21245557391170422,0.008116940740931756,-0.014401693063889966,0.18122611284964385,0.032842903978591846,0.05026308017941648,2020-04-29,Mindarie Western Australia AUSTRALIA,Mindarie,Western Australia,AUSTRALIA,-31.6900771,115.7060487
2406,2020-04-29|Moama Beach South Australia AUSTRALIA,0.43073383733567483,-0.46190369143865534,0.06065903103007597,0.09629479606749491,0.293218459522533,0.08597706500476733,0.08464487826835092,2020-04-29,Moama Beach South Australia AUSTRALIA,Moama Beach,South Australia,AUSTRALIA,-36.1214284,144.7528293
2407,2020-04-29|Moffat Beach Caloundra Queensland AUSTRALIA,0.654501326771067,-0.36860675026812006,0.03869966232515743,-0.010118828767818357,0.31892683537292,0.1017143263209856,0.09616005895522017,2020-04-29,Moffat Beach Caloundra Queensland AUSTRALIA,Moffat Beach,Queensland,AUSTRALIA,-26.791,153.139
2408,2020-04-29|Mollymook Beach Bannister Head New South Wales AUSTRALIA,0.5683524368691439,-0.4253697339085204,0.038293763655430225,0.04282591142232782,0.28980815183233977,0.08398876486847649,0.08366040723687465,2020-04-29,Mollymook Beach Bannister Head New South Wales AUSTRALIA,Mollymook Beach,New South Wales,AUSTRALIA,-35.32012279999999,150.47556730000002
2409,2020-04-29|Mona Vale Beach Sydney New South Wales AUSTRALIA,0.5968872956039882,-0.41103734836662564,0.04869445853698908,0.05556971077246374,0.29630446993661586,0.08779633890441889,0.08553573273999727,2020-04-29,Mona Vale Beach Sydney New South Wales AUSTRALIA,Mona Vale Beach,New South Wales,AUSTRALIA,-33.6795811,151.31354850000002
2410,2020-04-29|Mona Vale New South Wales AUSTRALIA,0.5968767956544192,-0.4110399924892645,0.04868909802124774,0.055567505685853474,0.2963003026579585,0.0877938693551978,0.08553452975026997,2020-04-29,Mona Vale New South Wales AUSTRALIA,Mona Vale,New South Wales,AUSTRALIA,-33.675959999999996,151.30653
2411,2020-04-29|Mona Vale near Sydney New South Wales AUSTRALIA,0.5968767956544192,-0.4110399924892645,0.04868909802124774,0.055567505685853474,0.2963003026579585,0.0877938693551978,0.08553452975026997,2020-04-29,Mona Vale near Sydney New South Wales AUSTRALIA,Mona Vale,New South Wales,AUSTRALIA,-33.675959999999996,151.30653
2412,2020-04-29|Moodie Beach New South Wales AUSTRALIA,0.6381811466546696,-0.36694416013210945,0.04515684860608065,0.032502222885998105,0.3176717116217103,0.10091531636466708,0.09578162490538146,2020-04-29,Moodie Beach New South Wales AUSTRALIA,Moodie Beach,New South Wales,AUSTRALIA,-30.210286,153.15729
2413,2020-04-29|Mooloolaba Beach Queensland AUSTRALIA,0.6494316630883875,-0.3648869301985435,0.03979340110283124,-0.006748630334543862,0.31643821832681807,0.10013314601785099,0.09540971268351084,2020-04-29,Mooloolaba Beach Queensland AUSTRALIA,Mooloolaba Beach,Queensland,AUSTRALIA,-26.680943699999997,153.12166499999998
2414,2020-04-29|Mooloolaba Queensland AUSTRALIA,0.6494316630883875,-0.3648869301985435,0.03979340110283124,-0.006748630334543862,0.31643821832681807,0.10013314601785099,0.09540971268351084,2020-04-29,Mooloolaba Queensland AUSTRALIA,Mooloolaba,Queensland,AUSTRALIA,-26.682,153.118
2415,2020-04-29|Moonee Beach New South Wales AUSTRALIA,0.6381811466546696,-0.36694416013210945,0.04515684860608065,0.032502222885998105,0.3176717116217103,0.10091531636466708,0.09578162490538146,2020-04-29,Moonee Beach New South Wales AUSTRALIA,Moonee Beach,New South Wales,AUSTRALIA,-30.1895467,153.1501948
2416,2020-04-29|Moore Park north of Bundaberg Queensland AUSTRALIA,0.861134184797351,-0.5780790160972862,-0.006783552285621977,-0.04884582162389425,0.4323814907537004,0.18695375354639232,0.1303679246476861,2020-04-29,Moore Park north of Bundaberg Queensland AUSTRALIA,Moore Park,Queensland,AUSTRALIA,-24.850489899999996,152.3506485
2417,2020-04-29|Mordialloc Victoria AUSTRALIA,0.44095811596584794,-0.4734337082009557,0.05892972512033246,0.09183511014872692,0.29831651916959623,0.08899274560946406,0.08611656132313927,2020-04-29,Mordialloc Victoria AUSTRALIA,Mordialloc,Victoria,AUSTRALIA,-37.999541799999996,145.0940302
2418,2020-04-29|Moreton Bay NE of Brisbane Queensland AUSTRALIA,0.8551756910233773,-0.5584440849270569,0.012107145536709408,0.036341387680761034,0.42162312316342493,0.17776605798608058,0.12171211182748706,2020-04-29,Moreton Bay NE of Brisbane Queensland AUSTRALIA,Moreton Bay,Queensland,AUSTRALIA,-27.3123953,153.3446649
2419,2020-04-29|Moreton Bay Queensland AUSTRALIA,0.8551718955846579,-0.5584420811172924,0.012103761057701182,0.03633366317215006,0.42162001697242574,0.17776343871182856,0.1217112151473823,2020-04-29,Moreton Bay Queensland AUSTRALIA,Moreton Bay,Queensland,AUSTRALIA,-27.3123953,153.3446649
2420,2020-04-29|Moreton Island Queensland AUSTRALIA,0.7061155334654279,-0.39017370282553354,0.045664434033154254,-0.01659635773689773,0.3393115663637407,0.11513233906821523,0.10230628660511853,2020-04-29,Moreton Island Queensland AUSTRALIA,Moreton Island,Queensland,AUSTRALIA,-27.0873207,153.41542330000001
2421,2020-04-29|Mornington Island Gulf of Carpentaria Queensland AUSTRALIA,1.069256159400476,-0.9979273157680324,0.050419963297272774,0.05944159634829288,0.7907603257678532,0.6253018928084813,0.22827284347327312,2020-04-29,Mornington Island Gulf of Carpentaria Queensland AUSTRALIA,Mornington Island,Queensland,AUSTRALIA,-16.5174872,139.4059435
2422,2020-04-29|Mornington Island Queensland AUSTRALIA,1.069256159400476,-0.9979273157680324,0.050419963297272774,0.05944159634829288,0.7907603257678532,0.6253018928084813,0.22827284347327312,2020-04-29,Mornington Island Queensland AUSTRALIA,Mornington Island,Queensland,AUSTRALIA,-16.5174872,139.4059435
2423,2020-04-29|Mount Martha Beach Victoria AUSTRALIA,0.4398652403911881,-0.4748900462997224,0.07051231952541798,0.08515576905005343,0.3013174635974771,0.09079221386881693,0.09085063359403665,2020-04-29,Mount Martha Beach Victoria AUSTRALIA,Mount Martha Beach,Victoria,AUSTRALIA,-38.263749600000004,145.0158385
2424,2020-04-29|Mowarry Point New South Wales AUSTRALIA,0.5594379747209198,-0.43606455105855974,0.03163019406229839,0.033808983101793665,0.28904759347427694,0.08354851129327087,0.08344085295049367,2020-04-29,Mowarry Point New South Wales AUSTRALIA,Mowarry Point,New South Wales,AUSTRALIA,-37.1406048,150.0047629
2425,2020-04-29|Mudjimba Island Queensland AUSTRALIA,0.6488093763717487,-0.36404631180334973,0.040504251746282076,-0.005258907958495872,0.3159968745477674,0.09985402472395748,0.09527664252726825,2020-04-29,Mudjimba Island Queensland AUSTRALIA,Mudjimba Island,Queensland,AUSTRALIA,-26.6146347,153.1144871
2426,2020-04-29|Mullaloo Beach Perth Western Australia AUSTRALIA,0.273097039219878,-0.21216125592887428,0.007904844655562468,-0.014918184302599342,0.18128514288505038,0.03286430303085313,0.05027945216552807,2020-04-29,Mullaloo Beach Perth Western Australia AUSTRALIA,Mullaloo Beach,Western Australia,AUSTRALIA,-31.7789355,115.7325558
2427,2020-04-29|Mullaway Headland New South Wales AUSTRALIA,0.6389592715448255,-0.3652611936550654,0.04583602347781346,0.033295039189411915,0.31775470656616955,0.10096805354495253,0.09580664882267852,2020-04-29,Mullaway Headland New South Wales AUSTRALIA,Mullaway Headland,New South Wales,AUSTRALIA,-30.080607300000004,153.19585039999998
2428,2020-04-29|Murwillumbah Tweed River New South Wales AUSTRALIA,0.6489114682540702,-0.3325488496086794,0.04875747209724144,0.0367199905769136,0.3168861733371396,0.10041684685225569,0.09554477620098323,2020-04-29,Murwillumbah Tweed River New South Wales AUSTRALIA,Murwillumbah,New South Wales,AUSTRALIA,-28.332256800000003,153.3827556
2429,2020-04-29|Mutton Bird Island Albany Western Australia AUSTRALIA,0.30380758523120793,-0.21624320795367852,0.0605341305653976,0.07287544111072562,0.1977582414542626,0.03910832206308243,0.06253664690649989,2020-04-29,Mutton Bird Island Albany Western Australia AUSTRALIA,Mutton Bird Island,Western Australia,AUSTRALIA,-35.0508428,117.69298300000001
2430,2020-04-29|Nambucca New South Wales AUSTRALIA,0.6350914911168438,-0.3679451646488522,0.046391483119922645,0.038566959263371225,0.31633674083798796,0.10006893360400035,0.0953791160694093,2020-04-29,Nambucca New South Wales AUSTRALIA,Nambucca,New South Wales,AUSTRALIA,-30.666463,152.73238840000002
2431,2020-04-29|Nambucca River Entrance New South Wales AUSTRALIA,0.6353471603268039,-0.3674719859845117,0.046408148644884566,0.038125403617359804,0.3164040320447954,0.1001115114942039,0.09539940513165207,2020-04-29,Nambucca River Entrance New South Wales AUSTRALIA,Nambucca River Entrance,New South Wales,AUSTRALIA,-30.6419702,152.9978834
2432,2020-04-29|Native Dog Beach Western Australia AUSTRALIA,0.319646296292047,-0.21777226252435555,0.06554069873563971,0.07733282168885229,0.20404191098370209,0.041633101437881,0.0680139703279007,2020-04-29,Native Dog Beach Western Australia AUSTRALIA,Native Dog Beach,Western Australia,AUSTRALIA,-34.450121,119.35602220000001
2433,2020-04-29|Near Albany Western Australia AUSTRALIA,0.310414547630439,-0.2247839140786196,0.05295674055258137,0.060980925377422474,0.20445560984729744,0.041802096398030314,0.06465454075162108,2020-04-29,Near Albany Western Australia AUSTRALIA,Near Albany,Western Australia,AUSTRALIA,-35.0269344,117.8837206
2434,2020-04-29|Near Asbestos Works Camellia Parramatta River New South Wales AUSTRALIA,0.5932942933952103,-0.41129687880778265,0.04746378220515241,0.05398019013690235,0.2950990213778262,0.0870834324181507,0.08518774971504155,2020-04-29,Near Asbestos Works Camellia Parramatta River New South Wales AUSTRALIA,Near Asbestos Works,New South Wales,AUSTRALIA,-33.858772200000004,151.1770866
2435,2020-04-29|Near Barrow Point Queensland AUSTRALIA,1.3992849139512822,-1.1287588765446765,0.13679240534087184,0.11797121147810918,0.9780672304072062,0.956615507196423,0.28234368938057613,2020-04-29,Near Barrow Point Queensland AUSTRALIA,Near Barrow Point,Queensland,AUSTRALIA,-20.9175738,142.7027956
2436,2020-04-29|Near Bondi Beach New South Wales AUSTRALIA,0.59329481592638,-0.4112974118236251,0.04746348832914805,0.05397975552060515,0.29509922508333036,0.08708355264478207,0.08518780851975538,2020-04-29,Near Bondi Beach New South Wales AUSTRALIA,Near Bondi Beach,New South Wales,AUSTRALIA,-33.8914755,151.2766845
2437,2020-04-29|Near Brisbane Queensland AUSTRALIA,0.8666614111674893,-0.5441191777213173,0.012182403577166469,0.05502722178903314,0.429075638797146,0.18410590380917888,0.12937117277929033,2020-04-29,Near Brisbane Queensland AUSTRALIA,Near Brisbane,Queensland,AUSTRALIA,-27.469770699999998,153.0251235
2438,2020-04-29|Near Broome in Roebuck Bay Western Australia AUSTRALIA,2.7915161904746983,-2.4545492220548333,0.7562150368810556,1.2321564719565241,1.8838764487768698,3.54899047425615,0.543828287410661,2020-04-29,Near Broome in Roebuck Bay Western Australia AUSTRALIA,Near Broome in Roebuck Bay,Western Australia,AUSTRALIA,-18.0858333,122.28305559999998
2439,2020-04-29|Near Cairns Queensland AUSTRALIA,0.48578824304848034,-0.3041438552055284,0.06613664727328407,-0.03983513513962036,0.33557719558297544,0.11261205419533456,0.1268362578824337,2020-04-29,Near Cairns Queensland AUSTRALIA,Near Cairns,Queensland,AUSTRALIA,-16.9185514,145.7780548
2440,2020-04-29|Near Forbes Island Barrier Reef Queensland AUSTRALIA,0.4832295729999526,-0.3057348509049392,0.06105890407922527,-0.08441789207692937,0.34004189665271867,0.11562849147917821,0.11334729888423956,2020-04-29,Near Forbes Island Barrier Reef Queensland AUSTRALIA,Near Forbes Island,Queensland,AUSTRALIA,-12.2894676,143.4081551
2441,2020-04-29|Near Legendre Island Western Australia AUSTRALIA,1.4438840429588056,-1.2911546253511343,0.27539006828768425,0.4296625912037391,0.9319207021744853,0.8684761951413857,0.26902233413191207,2020-04-29,Near Legendre Island Western Australia AUSTRALIA,Near Legendre Island,Western Australia,AUSTRALIA,-20.3853568,116.87631040000001
2442,2020-04-29|Near Moreton Island in Moreton Bay Queensland AUSTRALIA,0.7061155334654279,-0.39017370282553354,0.045664434033154254,-0.01659635773689773,0.3393115663637407,0.11513233906821523,0.10230628660511853,2020-04-29,Near Moreton Island in Moreton Bay Queensland AUSTRALIA,Near Moreton Island in Moreton Bay,Queensland,AUSTRALIA,-27.0873207,153.41542330000001
2443,2020-04-29|Near Port Vincent South Australia AUSTRALIA,1.0016639799576346,-0.6589816614748053,0.09874772093145574,0.11607618371827944,0.5488169114018258,0.3012000022406395,0.16547452488377987,2020-04-29,Near Port Vincent South Australia AUSTRALIA,Near Port Vincent,South Australia,AUSTRALIA,-34.781414899999994,137.8547712
2444,2020-04-29|Near Restoration Rock off Portland Roads Queensland AUSTRALIA,0.44848805075036974,-0.28164382748178546,0.05188581361338486,-0.0795708053205979,0.31820970040072255,0.10125741342911762,0.10606990013357419,2020-04-29,Near Restoration Rock off Portland Roads Queensland AUSTRALIA,Near Restoration Rock off Portland Roads,Queensland,AUSTRALIA,-12.622323800000002,143.46304740000002
2445,2020-04-29|Near Southport Queensland AUSTRALIA,0.6515216915278164,-0.33029632228736644,0.04756813774974711,0.03469071997697739,0.3176190993637911,0.10088189228066582,0.09576576171275497,2020-04-29,Near Southport Queensland AUSTRALIA,Near Southport,Queensland,AUSTRALIA,-27.973794,153.4183144
2446,2020-04-29|Near Sydney New South Wales AUSTRALIA,0.5932942933952103,-0.41129687880778265,0.04746378220515241,0.05398019013690235,0.2950990213778262,0.0870834324181507,0.08518774971504155,2020-04-29,Near Sydney New South Wales AUSTRALIA,Near Sydney,New South Wales,AUSTRALIA,-33.8688197,151.2092955
2447,2020-04-29|Near Thursday Island Queensland AUSTRALIA,0.6792735863732974,-1.1097679462352141,0.13862658783493484,0.45076524165642157,0.5932877852034619,0.3519903960716292,0.1585628302849489,2020-04-29,Near Thursday Island Queensland AUSTRALIA,Near Thursday Island,Queensland,AUSTRALIA,-10.5799169,142.2193906
2448,2020-04-29|Neds Beach Lord Howe Island New South Wales AUSTRALIA,0.6379023816374916,-0.4381968117948726,0.025358204651239443,0.019395532579739645,0.34000342989840576,0.11560233234268012,0.09815053588862031,2020-04-29,Neds Beach Lord Howe Island New South Wales AUSTRALIA,Ned's Beach,New South Wales,AUSTRALIA,-31.518050800000005,159.06489059999998
2449,2020-04-29|Nelsons Bay New South Wales AUSTRALIA,0.6131102051907139,-0.40218116723158504,0.05205737505491257,0.05890057078694469,0.300216173185162,0.09012975064194319,0.0866649442017663,2020-04-29,Nelsons Bay New South Wales AUSTRALIA,Nelson's Bay,New South Wales,AUSTRALIA,-32.715,152.15111100000001
2450,2020-04-29|Nerang River Queensland AUSTRALIA,0.6515086119760994,-0.33029675273343023,0.04756579052804694,0.03469197345428568,0.3176168627169333,0.10088047148214725,0.09576508733835352,2020-04-29,Nerang River Queensland AUSTRALIA,Nerang River,Queensland,AUSTRALIA,-28.004231800000003,153.3708292
2451,2020-04-29|Nerang River Southpot Queensland AUSTRALIA,0.6515216915278164,-0.33029632228736644,0.04756813774974711,0.03469071997697739,0.3176190993637911,0.10088189228066582,0.09576576171275497,2020-04-29,Nerang River Southpot Queensland AUSTRALIA,Nerang River,Queensland,AUSTRALIA,-27.973794,153.4183144
2452,2020-04-29|Nerang River Surfers Paradise Queensland AUSTRALIA,0.6515086119760994,-0.33029675273343023,0.04756579052804694,0.03469197345428568,0.3176168627169333,0.10088047148214725,0.09576508733835352,2020-04-29,Nerang River Surfers Paradise Queensland AUSTRALIA,Nerang River,Queensland,AUSTRALIA,-27.9889011,153.4257263
2453,2020-04-29|Nerang River near Chevron Island Queensland AUSTRALIA,0.6515086119760994,-0.33029675273343023,0.04756579052804694,0.03469197345428568,0.3176168627169333,0.10088047148214725,0.09576508733835352,2020-04-29,Nerang River near Chevron Island Queensland AUSTRALIA,Nerang River near Chevron Island,Queensland,AUSTRALIA,-27.997344599999998,153.4198464
2454,2020-04-29|Nettley Bay Tasmania AUSTRALIA,0.39196422980289647,-0.3051831725901759,0.03658739308699592,0.0005937798555219228,0.2261078780734692,0.05112477252688681,0.06527172213580626,2020-04-29,Nettley Bay Tasmania AUSTRALIA,Nettley Bay,Tasmania,AUSTRALIA,-40.93,144.62
2455,2020-04-29|Newcastle Beach New South Wales AUSTRALIA,0.6108608418944925,-0.4054841996851246,0.05200962226380926,0.059204749042445784,0.30014297029808784,0.09008580261935883,0.08664381234848743,2020-04-29,Newcastle Beach New South Wales AUSTRALIA,Newcastle Beach,New South Wales,AUSTRALIA,-32.9310039,151.7857155
2456,2020-04-29|Newcastle Harbor New South Wales AUSTRALIA,0.610872577785219,-0.40548274311331073,0.052011674497445017,0.059206139934939894,0.30014466469240886,0.09008681974331854,0.08664430147799611,2020-04-29,Newcastle Harbor New South Wales AUSTRALIA,Newcastle Harbor,New South Wales,AUSTRALIA,-32.9243415,151.7870367
2457,2020-04-29|Newcastle New South Wales AUSTRALIA,0.6108608418944925,-0.4054841996851246,0.05200962226380926,0.059204749042445784,0.30014297029808784,0.09008580261935883,0.08664381234848743,2020-04-29,Newcastle New South Wales AUSTRALIA,Newcastle,New South Wales,AUSTRALIA,-32.9282712,151.78168019999998
2458,2020-04-29|Nobbys Beach Queensland AUSTRALIA,0.6512907012084473,-0.3315103260204515,0.04801196949830508,0.03561786424033128,0.31771653065850336,0.10094379385367572,0.09579513835342761,2020-04-29,Nobbys Beach Queensland AUSTRALIA,Nobby's Beach,Queensland,AUSTRALIA,-28.0534335,153.4410418
2459,2020-04-29|Noosa Heads Queensland AUSTRALIA,0.6485259709679807,-0.36296581170101333,0.04094531539632553,-0.0036216588141052167,0.315612520779989,0.09961126327309901,0.09516075550595185,2020-04-29,Noosa Heads Queensland AUSTRALIA,Noosa Heads,Queensland,AUSTRALIA,-26.398000000000003,153.093
2460,2020-04-29|Noosa Queensland AUSTRALIA,0.6485161620686545,-0.362964880983766,0.040941404869554825,-0.003620315357149723,0.31560952625885763,0.09960937306534054,0.09515985262385916,2020-04-29,Noosa Queensland AUSTRALIA,Noosa,Queensland,AUSTRALIA,-26.3645433,152.9676695
2461,2020-04-29|Norah Head New South Wales AUSTRALIA,0.604755733831125,-0.40848594438581065,0.05102240421409876,0.05835656994478136,0.2985195474362972,0.08911392020157169,0.08617517053535573,2020-04-29,Norah Head New South Wales AUSTRALIA,Norah Head,New South Wales,AUSTRALIA,-33.2815439,151.5791475
2462,2020-04-29|Noraville New South Wales AUSTRALIA,0.604755733831125,-0.40848594438581065,0.05102240421409876,0.05835656994478136,0.2985195474362972,0.08911392020157169,0.08617517053535573,2020-04-29,Noraville New South Wales AUSTRALIA,Noraville,New South Wales,AUSTRALIA,-33.268863,151.5559438
2463,2020-04-29|Normanville South Australia AUSTRALIA,0.8541301969388002,-0.5842976212907506,0.1018570934067806,0.05283629241051668,0.47558595032075185,0.22618199614249265,0.13190380998244156,2020-04-29,Normanville South Australia AUSTRALIA,Normanville,South Australia,AUSTRALIA,-35.446382799999995,138.3215845
2464,2020-04-29|North Avoca Beach New South Wales AUSTRALIA,0.6020010574140409,-0.4094041203443508,0.05025619128897014,0.05745597899344601,0.2977278443261227,0.08864186928707994,0.08594662553346698,2020-04-29,North Avoca Beach New South Wales AUSTRALIA,North Avoca Beach,New South Wales,AUSTRALIA,-33.4608015,151.4379276
2465,2020-04-29|North Beach Belligen River New South Wales AUSTRALIA,0.6349844304097245,-0.36646335339737635,0.04611922237315609,0.036878728918421345,0.31615565152700953,0.09995439599246787,0.09532451558776753,2020-04-29,North Beach Belligen River New South Wales AUSTRALIA,North Beach,New South Wales,AUSTRALIA,-30.464843100000003,153.04732109999998
2466,2020-04-29|North Bondi New South Wales AUSTRALIA,0.59329481592638,-0.4112974118236251,0.04746348832914805,0.05397975552060515,0.29509922508333036,0.08708355264478207,0.08518780851975538,2020-04-29,North Bondi New South Wales AUSTRALIA,North Bondi,New South Wales,AUSTRALIA,-33.8879,151.2808
2467,2020-04-29|North Brighton Botany Bay New South Wales AUSTRALIA,0.5900750875539779,-0.4130402920498113,0.04577931424328039,0.05178583594941969,0.294350866947808,0.08664243287292615,0.08497177613425834,2020-04-29,North Brighton Botany Bay New South Wales AUSTRALIA,North Brighton,New South Wales,AUSTRALIA,-33.95908729999999,151.15205930000002
2468,2020-04-29|North Burleigh near Brisbane Queensland AUSTRALIA,0.6513037278468088,-0.3315098731255406,0.04801430766471714,0.03561659469480217,0.3177187533304553,0.10094520621785871,0.09579580851423639,2020-04-29,North Burleigh near Brisbane Queensland AUSTRALIA,North Burleigh,Queensland,AUSTRALIA,-28.0771255,153.4468079
2469,2020-04-29|North Cottesloe Western Australia AUSTRALIA,0.27520403529242016,-0.20235144370418615,0.0250927327294368,0.015745840942068597,0.1781418810456461,0.031734529782481126,0.051425131487825036,2020-04-29,North Cottesloe Western Australia AUSTRALIA,North Cottesloe,Western Australia,AUSTRALIA,-31.9819839,115.76097040000002
2470,2020-04-29|North Cronulla Beach New South Wales AUSTRALIA,0.5892812432899299,-0.4137815375449233,0.045288304461396284,0.05115483867916472,0.29423695272302214,0.08657538434772998,0.08493889193008601,2020-04-29,North Cronulla Beach New South Wales AUSTRALIA,North Cronulla Beach,New South Wales,AUSTRALIA,-34.0496066,151.1572211
2471,2020-04-29|North Haven South Australia AUSTRALIA,1.0324625444328013,-0.7622353313287061,0.12148354440006913,0.15500612625011367,0.600855485634258,0.36102731461677995,0.1666473278921641,2020-04-29,North Haven South Australia AUSTRALIA,North Haven,South Australia,AUSTRALIA,-34.7864711,138.49372130000003
2472,2020-04-29|North Head New South Wales AUSTRALIA,0.5946641822134628,-0.41094811691620636,0.04781195141000552,0.0543895540647273,0.2955014938651354,0.08732113287652667,0.08530393351448624,2020-04-29,North Head New South Wales AUSTRALIA,North Head,New South Wales,AUSTRALIA,-33.8332187,151.28042580000002
2473,2020-04-29|North Head Sydney Harbour New South Wales AUSTRALIA,0.5946641822134628,-0.41094811691620636,0.04781195141000552,0.0543895540647273,0.2955014938651354,0.08732113287652667,0.08530393351448624,2020-04-29,North Head Sydney Harbour New South Wales AUSTRALIA,North Head,New South Wales,AUSTRALIA,-33.8332187,151.28042580000002
2474,2020-04-29|North Narrabeen Beach New South Wales AUSTRALIA,0.5968767956544192,-0.4110399924892645,0.04868909802124774,0.055567505685853474,0.2963003026579585,0.0877938693551978,0.08553452975026997,2020-04-29,North Narrabeen Beach New South Wales AUSTRALIA,North Narrabeen Beach,New South Wales,AUSTRALIA,-33.7006895,151.30409939999998
2475,2020-04-29|North Point Beach Moreton Island Queensland AUSTRALIA,0.6545676527003766,-0.359253979053817,0.04679931530556323,0.007515819832494735,0.316773629653489,0.10034553244384581,0.095510843003602,2020-04-29,North Point Beach Moreton Island Queensland AUSTRALIA,North Point Beach,Queensland,AUSTRALIA,-27.0269755,153.45147409999998
2476,2020-04-29|North Shelly Beach New South Wales AUSTRALIA,0.6019904443515283,-0.4094067249852828,0.05025079590405381,0.05745372789253254,0.2977236430915924,0.0886393676557299,0.08594541274152347,2020-04-29,North Shelly Beach New South Wales AUSTRALIA,North Shelly Beach,New South Wales,AUSTRALIA,-33.3699595,151.4858695
2477,2020-04-29|North Solitary Island New South Wales AUSTRALIA,0.639680535191607,-0.36224404139744243,0.04674125312287796,0.03463830654014256,0.31746478627059,0.10078389052183138,0.09571923456453794,2020-04-29,North Solitary Island New South Wales AUSTRALIA,North Solitary Island,New South Wales,AUSTRALIA,-29.9294292,153.39146609999997
2478,2020-04-29|North Steyne New South Wales AUSTRALIA,0.5946641822134628,-0.41094811691620636,0.04781195141000552,0.0543895540647273,0.2955014938651354,0.08732113287652667,0.08530393351448624,2020-04-29,North Steyne New South Wales AUSTRALIA,North Steyne,New South Wales,AUSTRALIA,-33.7915584,151.2869868
2479,2020-04-29|North West Island Queensland AUSTRALIA,0.9669767127600861,-0.5344608947928099,0.011228009813390182,0.05441017886923384,0.4469717571596163,0.199783751698355,0.13476705548948156,2020-04-29,North West Island Queensland AUSTRALIA,North West Island,Queensland,AUSTRALIA,-23.2950882,151.7078724
2480,2020-04-29|North of main swimming area in Watermans Bay Beach Perth Western Australia AUSTRALIA,0.2741411567741611,-0.2122568593504686,0.007653424631720094,-0.015669335352510215,0.1819722550572475,0.033113901610619945,0.05047002279390132,2020-04-29,North of main swimming area in Watermans Bay Beach Perth Western Australia AUSTRALIA,North of main swimming area in Waterman's Bay Beach,Western Australia,AUSTRALIA,-31.8517249,115.75106559999999
2481,2020-04-29|Oak Beach Queensland AUSTRALIA,0.48340771503496494,-0.3085422029933075,0.0611164529402974,-0.048216033899606325,0.3348906495639468,0.11215174716536225,0.12657676787815494,2020-04-29,Oak Beach Queensland AUSTRALIA,Oak Beach,Queensland,AUSTRALIA,-16.591276999999998,145.51918569999998
2482,2020-04-29|Oatley Bay near Como George’s River New South Wales AUSTRALIA,0.5892926804376878,-0.41377991786188956,0.04529025588421128,0.051156123839555374,0.2942385269580189,0.08657631074642481,0.08493934637258559,2020-04-29,Oatley Bay near Como George’s River New South Wales AUSTRALIA,Oatley Bay near Como,New South Wales,AUSTRALIA,-33.9904648,151.0843479
2483,2020-04-29|Ocean Reef Western Australia AUSTRALIA,0.273097039219878,-0.21216125592887428,0.007904844655562468,-0.014918184302599342,0.18128514288505038,0.03286430303085313,0.05027945216552807,2020-04-29,Ocean Reef Western Australia AUSTRALIA,Ocean Reef,Western Australia,AUSTRALIA,-31.760051699999998,115.73328070000001
2484,2020-04-29|Ocean baths Kissing Point Beach Queensland AUSTRALIA,1.3992849139512822,-1.1287588765446765,0.13679240534087184,0.11797121147810918,0.9780672304072062,0.956615507196423,0.28234368938057613,2020-04-29,Ocean baths Kissing Point Beach Queensland AUSTRALIA,Ocean baths,Queensland,AUSTRALIA,-20.9175738,142.7027956
2485,2020-04-29|Oceanworld Manley New South Wales AUSTRALIA,0.5946641822134628,-0.41094811691620636,0.04781195141000552,0.0543895540647273,0.2955014938651354,0.08732113287652667,0.08530393351448624,2020-04-29,Oceanworld Manley New South Wales AUSTRALIA,Oceanworld,New South Wales,AUSTRALIA,-33.795355,151.285014
2486,2020-04-29|Off Airlie Beach Whitsundays Queensland AUSTRALIA,0.9063176474904787,-0.5017791924302965,0.05563050785421081,-0.051728985874603936,0.5025895791527446,0.2525962850729329,0.14508511440786892,2020-04-29,Off Airlie Beach Whitsundays Queensland AUSTRALIA,Off Airlie Beach,Queensland,AUSTRALIA,-20.2675,148.71694399999998
2487,2020-04-29|Off Ben Buckler near Sydney New South Wales AUSTRALIA,0.59329481592638,-0.4112974118236251,0.04746348832914805,0.05397975552060515,0.29509922508333036,0.08708355264478207,0.08518780851975538,2020-04-29,Off Ben Buckler near Sydney New South Wales AUSTRALIA,Off Ben Buckler,New South Wales,AUSTRALIA,-33.8898004,151.2831104
2488,2020-04-29|Off Big Friar Island Tasmania AUSTRALIA,1.2194752769928532,-1.304477002536716,0.28304060029603434,0.47475269052820357,0.8527495871620117,0.7271818584049814,0.257113674613351,2020-04-29,Off Big Friar Island Tasmania AUSTRALIA,Off Big Friar Island,Tasmania,AUSTRALIA,-41.4545196,145.9706647
2489,2020-04-29|Off Blacksmith Beach New South Wales AUSTRALIA,0.6086247257729488,-0.40659969450315525,0.05187954669261107,0.05920729575268675,0.2995124613350072,0.08970771449495417,0.0864618000887069,2020-04-29,Off Blacksmith Beach New South Wales AUSTRALIA,Off Blacksmith Beach,New South Wales,AUSTRALIA,-33.0515891,151.6680509
2490,2020-04-29|Off Bloomfield River Queensland AUSTRALIA,0.4595023899839044,-0.28566597424844836,0.10787597879515838,0.12800722980317003,0.3294493999849861,0.10853690715046738,0.11647795239361147,2020-04-29,Off Bloomfield River Queensland AUSTRALIA,Off Bloomfield River,Queensland,AUSTRALIA,-15.931200899999999,145.349625
2491,2020-04-29|Off Bribie Heads Queensland AUSTRALIA,0.692755082183399,-0.4028182636337445,0.023245590988071496,-0.04674330091647222,0.3393600184791547,0.11516522214217222,0.10232089546758465,2020-04-29,Off Bribie Heads Queensland AUSTRALIA,Off Bribie Heads,Queensland,AUSTRALIA,-26.986100300000004,153.1325243
2492,2020-04-29|Off Brisbane Queensland AUSTRALIA,0.8666614111674893,-0.5441191777213173,0.012182403577166469,0.05502722178903314,0.429075638797146,0.18410590380917888,0.12937117277929033,2020-04-29,Off Brisbane Queensland AUSTRALIA,Off Brisbane,Queensland,AUSTRALIA,-27.469770699999998,153.0251235
2493,2020-04-29|Off Broughton Island near Port Stephens New South Wales AUSTRALIA,0.6151836107298992,-0.402007699959199,0.05214509644431853,0.05886831876213623,0.3008720230720625,0.09052397426747573,0.0868542717561413,2020-04-29,Off Broughton Island near Port Stephens New South Wales AUSTRALIA,Off Broughton Island near Port Stephens,New South Wales,AUSTRALIA,-32.6157855,152.31398269999997
2494,2020-04-29|Off Cairns Queensland AUSTRALIA,0.48578824304848034,-0.3041438552055284,0.06613664727328407,-0.03983513513962036,0.33557719558297544,0.11261205419533456,0.1268362578824337,2020-04-29,Off Cairns Queensland AUSTRALIA,Off Cairns,Queensland,AUSTRALIA,-16.9185514,145.7780548
2495,2020-04-29|Off City Beach Perth Western Australia AUSTRALIA,0.27453781173393216,-0.212376675097919,0.007400006805995272,-0.016180299125360835,0.18231572236983912,0.033239022623236254,0.050565283486747076,2020-04-29,Off City Beach Perth Western Australia AUSTRALIA,Off City Beach,Western Australia,AUSTRALIA,-31.9339651,115.76420859999999
2496,2020-04-29|Off Dawesville Cut Western Australia AUSTRALIA,0.27701904555017776,-0.20865912283415358,-0.0036073643319028286,-0.044907550841358175,0.18559431814744046,0.03444525092861334,0.04960216795997454,2020-04-29,Off Dawesville Cut Western Australia AUSTRALIA,Off Dawesville Cut,Western Australia,AUSTRALIA,-32.607019199999996,115.63976670000001
2497,2020-04-29|Off De Grey river Western Australia AUSTRALIA,2.557770243279726,-2.2872640801885744,0.5080647933133223,0.8031668598701969,1.7039484739073398,2.9034404017311526,0.4918875550478274,2020-04-29,Off De Grey river Western Australia AUSTRALIA,Off De Grey river,Western Australia,AUSTRALIA,-21.0940079,119.7494
2498,2020-04-29|Off Domain Sydney Harbor New South Wales AUSTRALIA,0.5932942933952103,-0.41129687880778265,0.04746378220515241,0.05398019013690235,0.2950990213778262,0.0870834324181507,0.08518774971504155,2020-04-29,Off Domain Sydney Harbor New South Wales AUSTRALIA,Off Domain,New South Wales,AUSTRALIA,-33.871516299999996,151.214894
2499,2020-04-29|Off Eva Island 20 miles from Cardwell Queensland AUSTRALIA,0.6140810134884184,-0.2946739887822194,0.039349081473825535,-0.1473830042931451,0.3391453735330625,0.11501958438888049,0.11304845784435417,2020-04-29,Off Eva Island 20 miles from Cardwell Queensland AUSTRALIA,Off Eva Island 20 miles from Cardwell,Queensland,AUSTRALIA,-18.2654956,146.02580690000002
2500,2020-04-29|Off Franklin Island between Streaky Bay & Ceduna South Australia AUSTRALIA,0.5759937289555519,-0.45620463929953,0.060991873452492955,0.03776257762828518,0.30388169683845123,0.09234408567341637,0.09162377900633377,2020-04-29,Off Franklin Island between Streaky Bay & Ceduna South Australia AUSTRALIA,Off Franklin Island between Streaky Bay & Ceduna,South Australia,AUSTRALIA,-32.797222,134.21111100000002
2501,2020-04-29|Off Garden Island Western Australia AUSTRALIA,0.27440358818796023,-0.20182780258626765,0.026522900754981916,0.018670119004042744,0.1777688051314637,0.031601748077868315,0.05131743374808435,2020-04-29,Off Garden Island Western Australia AUSTRALIA,Off Garden Island,Western Australia,AUSTRALIA,-32.204325399999995,115.67762739999999
2502,2020-04-29|Off Hinchinbrook Island Queensland AUSTRALIA,0.6226317068946016,-0.2931325602407298,0.040703811877324275,-0.14283247919672268,0.34085569675523947,0.11618260601049975,0.11361856558507982,2020-04-29,Off Hinchinbrook Island Queensland AUSTRALIA,Off Hinchinbrook Island,Queensland,AUSTRALIA,-18.3362903,146.2258805
2503,2020-04-29|Off Kisma New South Wales AUSTRALIA,0.5838432617587743,-0.4197480278101612,0.04334035839405185,0.04895914559887554,0.2936730118584458,0.08624383789401084,0.08477609622510092,2020-04-29,Off Kisma New South Wales AUSTRALIA,Off Kisma,New South Wales,AUSTRALIA,-34.6738221,150.8443706
2504,2020-04-29|Off Legendre Island Western Australia AUSTRALIA,1.4438840429588056,-1.2911546253511343,0.27539006828768425,0.4296625912037391,0.9319207021744853,0.8684761951413857,0.26902233413191207,2020-04-29,Off Legendre Island Western Australia AUSTRALIA,Off Legendre Island,Western Australia,AUSTRALIA,-20.3853568,116.87631040000001
2505,2020-04-29|Off Lodestone Reef Great Barrier Reef north of Townsville Queensland AUSTRALIA,0.5387560101573334,-0.3413855701763474,0.08987471716316124,-0.058783798849955035,0.38452024430510306,0.14785581828045613,0.14533499150015758,2020-04-29,Off Lodestone Reef Great Barrier Reef north of Townsville Queensland AUSTRALIA,Off Lodestone Reef,Queensland,AUSTRALIA,-18.689469600000002,147.1049521
2506,2020-04-29|Off Melbourne Victoria AUSTRALIA,0.4330597331525503,-0.4647537621160778,0.05982028724802332,0.09394147162057123,0.29514419133243625,0.08711009367727772,0.08520078915776824,2020-04-29,Off Melbourne Victoria AUSTRALIA,Off Melbourne,Victoria,AUSTRALIA,-37.813627600000004,144.96305759999998
2507,2020-04-29|Off Mooloolabah New South Wales AUSTRALIA,0.6494316630883875,-0.3648869301985435,0.03979340110283124,-0.006748630334543862,0.31643821832681807,0.10013314601785099,0.09540971268351084,2020-04-29,Off Mooloolabah New South Wales AUSTRALIA,Off Mooloolabah,New South Wales,AUSTRALIA,-26.682,153.118
2508,2020-04-29|Off North Bondi New South Wales AUSTRALIA,0.59329481592638,-0.4112974118236251,0.04746348832914805,0.05397975552060515,0.29509922508333036,0.08708355264478207,0.08518780851975538,2020-04-29,Off North Bondi New South Wales AUSTRALIA,Off North Bondi,New South Wales,AUSTRALIA,-33.8879,151.2808
2509,2020-04-29|Off North Keppel Island off Yeppoon Queensland AUSTRALIA,1.2767388126835153,-0.8028703795932057,0.0793952211564754,0.1173577503149032,0.6797522031039385,0.46206305762465805,0.20495300073756556,2020-04-29,Off North Keppel Island off Yeppoon Queensland AUSTRALIA,Off North Keppel Island,Queensland,AUSTRALIA,-23.0737512,150.8987392
2510,2020-04-29|Off Perforated Island near Coffin Bay South Australia AUSTRALIA,0.430956944117742,-0.3797583194289679,0.036358137247339016,0.0006961966800172182,0.2704834037592443,0.07316127170918638,0.08155381475341987,2020-04-29,Off Perforated Island near Coffin Bay South Australia AUSTRALIA,Off Perforated Island near Coffin Bay,South Australia,AUSTRALIA,-34.726845000000004,135.15822240000003
2511,2020-04-29|Off Poison Creek Cape Arid Western Australia AUSTRALIA,0.35719895627910137,-0.2470127664557305,0.02998480489314695,-0.03335181150189123,0.21858547958264415,0.047779611884374545,0.0691227978921387,2020-04-29,Off Poison Creek Cape Arid Western Australia AUSTRALIA,Off Poison Creek,Western Australia,AUSTRALIA,-33.9036415,123.35127050000001
2512,2020-04-29|Off Port Broughton South Australia AUSTRALIA,0.8843618903306087,-0.6426432907778662,0.053360847873606884,-0.08633554266049578,0.49150720762097494,0.24157933514336818,0.1313608267176896,2020-04-29,Off Port Broughton South Australia AUSTRALIA,Off Port Broughton,South Australia,AUSTRALIA,-33.583333,137.93555600000002
2513,2020-04-29|Off Rottnest Island Western Australia AUSTRALIA,0.27165138707880304,-0.2106829393174491,0.0097063887671681,-0.011992609769530933,0.18094297756171385,0.03274036112889888,0.05018455257952995,2020-04-29,Off Rottnest Island Western Australia AUSTRALIA,Off Rottnest Island,Western Australia,AUSTRALIA,-32.0063677,115.5073002
2514,2020-04-29|Off Scotts New South Wales AUSTRALIA,0.6346800565176747,-0.36840661200393515,0.04640800868374795,0.038987454950974144,0.31621116919011666,0.0999895035205806,0.09534125479301878,2020-04-29,Off Scotts New South Wales AUSTRALIA,Off Scotts,New South Wales,AUSTRALIA,-30.7492859,152.9941554
2515,2020-04-29|Off Stradbroke Island Queensland AUSTRALIA,0.6507366886496082,-0.3346001071117416,0.0438156532286021,0.026641338142340116,0.31540617292433426,0.09948105391877506,0.09509853928654265,2020-04-29,Off Stradbroke Island Queensland AUSTRALIA,Off Stradbroke Island,Queensland,AUSTRALIA,-27.5323174,153.46260769999998
2516,2020-04-29|Off Tasman Island Tasmania AUSTRALIA,0.3704476590860738,-0.43088618354175856,0.018346818295118385,0.0744450878870784,0.24693271933633948,0.06097576787883941,0.06848681393514847,2020-04-29,Off Tasman Island Tasmania AUSTRALIA,Off Tasman Island,Tasmania,AUSTRALIA,-43.238162700000004,148.00239390000002
2517,2020-04-29|Off Tower Hill Victoria AUSTRALIA,0.3889192853348582,-0.42562793280798294,0.04461091150363855,0.056082005533607905,0.266183987576025,0.07085391524187343,0.08025749199911802,2020-04-29,Off Tower Hill Victoria AUSTRALIA,Off Tower Hill,Victoria,AUSTRALIA,-38.3332266,142.3537074
2518,2020-04-29|Off Wedge Island Western Australia AUSTRALIA,0.27023713335479455,-0.21998055392136295,-0.006568898439699687,-0.04037980942832165,0.1818091380956728,0.03305456269509143,0.04859053603847698,2020-04-29,Off Wedge Island Western Australia AUSTRALIA,Off Wedge Island,Western Australia,AUSTRALIA,-30.8277891,115.1879896
2519,2020-04-29|Off Wynnum in Moreton Bay near Brisbane Queensland AUSTRALIA,0.8666658124561586,-0.5441213169733599,0.012184153265757357,0.05502605944680948,0.42907788735928265,0.18410783342070525,0.12937185074628352,2020-04-29,Off Wynnum in Moreton Bay near Brisbane Queensland AUSTRALIA,Off Wynnum in Moreton Bay,Queensland,AUSTRALIA,-27.443694,153.173618
2520,2020-04-29|On board the Japanese longline trawler Fukuya No38 100 nm northeast of Brisbane Queensland AUSTRALIA,0.8666614111674893,-0.5441191777213173,0.012182403577166469,0.05502722178903314,0.429075638797146,0.18410590380917888,0.12937117277929033,2020-04-29,On board the Japanese longline trawler Fukuya No38 100 nm northeast of Brisbane Queensland AUSTRALIA,On board the Japanese longline trawler Fukuya No.38,Queensland,AUSTRALIA,-27.469770699999998,153.0251235
2521,2020-04-29|Onslow Western Australia AUSTRALIA,0.7973770177241533,-0.7291735019855474,0.08980038079201164,0.14060812059497732,0.4988044332344097,0.24880586261430068,0.13834345849657065,2020-04-29,Onslow Western Australia AUSTRALIA,Onslow,Western Australia,AUSTRALIA,-21.662723,115.1069826
2522,2020-04-29|Opal Reef Queensland AUSTRALIA,0.4661738500283982,-0.3212614969437868,0.0550226218809362,-0.038312573529790735,0.33865081604633906,0.11468437520885137,0.1279979772210993,2020-04-29,Opal Reef Queensland AUSTRALIA,Opal Reef,Queensland,AUSTRALIA,-16.2104561,145.881327
2523,2020-04-29|Orpheus Island Queensland AUSTRALIA,0.5419195906001866,-0.36837987733433764,0.04134786017518448,-0.14897957538149764,0.3820004755259931,0.14592436330208483,0.13505756333045774,2020-04-29,Orpheus Island Queensland AUSTRALIA,Orpheus Island,Queensland,AUSTRALIA,-18.6160685,146.49719950000002
2524,2020-04-29|Otford New South Wales AUSTRALIA,0.5883058868536902,-0.4150780103089723,0.04464597136345205,0.05030715336413266,0.29417454419727274,0.08653866245367316,0.08492087614051544,2020-04-29,Otford New South Wales AUSTRALIA,Otford,New South Wales,AUSTRALIA,-34.216667,151.0
2525,2020-04-29|Outer Barrier Reef near Port Douglas Queensland AUSTRALIA,0.48164324427147037,-0.3088750533938612,0.05948055745179547,-0.050467145024008675,0.3341910277520922,0.11168364302999965,0.12631233568873154,2020-04-29,Outer Barrier Reef near Port Douglas Queensland AUSTRALIA,Outer Barrier Reef near Port Douglas,Queensland,AUSTRALIA,-16.4844197,145.46060580000002
2526,2020-04-29|Outer Harbor South Australia AUSTRALIA,1.043874793996589,-0.7740232603926127,0.1240861670750347,0.1625917359213959,0.6092511055357092,0.37118690959648376,0.16897585389554784,2020-04-29,Outer Harbor South Australia AUSTRALIA,Outer Harbor,South Australia,AUSTRALIA,-34.781,138.501
2527,2020-04-29|Palm Beach New South Wales AUSTRALIA,0.5978072724469142,-0.41113504756406777,0.04911986098282902,0.05616659063954329,0.2966548096974313,0.08800407611661919,0.08563686711760458,2020-04-29,Palm Beach New South Wales AUSTRALIA,Palm Beach,New South Wales,AUSTRALIA,-33.601110999999996,151.321667
2528,2020-04-29|Palm Beach North 5 miles north of Burleigh Heads Brisbane Queensland AUSTRALIA,0.4169012962463068,-0.37713907080036035,0.01617302181891137,0.04245013097465063,0.26854286517206793,0.07211527043482345,0.0775216477480234,2020-04-29,Palm Beach North 5 miles north of Burleigh Heads Brisbane Queensland AUSTRALIA,Palm Beach North,Queensland,AUSTRALIA,26.7056206,-80.0364297
2529,2020-04-29|Palm Beach Queensland AUSTRALIA,0.6509698688400267,-0.3328445183280158,0.04841526629654132,0.036735993622188524,0.31778608398216196,0.10098799517271768,0.09581610946956376,2020-04-29,Palm Beach Queensland AUSTRALIA,Palm Beach,Queensland,AUSTRALIA,-28.122260600000004,153.4694515
2530,2020-04-29|Palm Cove Beach Queensland AUSTRALIA,0.4822653845455823,-0.3046153426409103,0.06272105887935048,-0.043665189607227324,0.3337232195840447,0.11137118728954054,0.12613552082102608,2020-04-29,Palm Cove Beach Queensland AUSTRALIA,Palm Cove Beach,Queensland,AUSTRALIA,-16.744428,145.67113590000002
2531,2020-04-29|Palm Cove Queensland AUSTRALIA,0.4822652492714168,-0.30461998200087004,0.0627153526432946,-0.04368385401761809,0.3337203003442089,0.11136923886182899,0.12613441745207996,2020-04-29,Palm Cove Queensland AUSTRALIA,Palm Cove,Queensland,AUSTRALIA,-16.74405,145.67095
2532,2020-04-29|Palm Island Queensland AUSTRALIA,0.5406907559006358,-0.36692967371598284,0.04338156799621806,-0.14817295362570745,0.3830960078118528,0.14676255120137918,0.13544489248462785,2020-04-29,Palm Island Queensland AUSTRALIA,Palm Island,Queensland,AUSTRALIA,-18.6894285,146.5392256
2533,2020-04-29|Pancake Creek Queensland AUSTRALIA,1.3992849139512822,-1.1287588765446765,0.13679240534087184,0.11797121147810918,0.9780672304072062,0.956615507196423,0.28234368938057613,2020-04-29,Pancake Creek Queensland AUSTRALIA,Pancake Creek,Queensland,AUSTRALIA,-20.9175738,142.7027956
2534,2020-04-29|Paradise Beach Victoria AUSTRALIA,0.26764366596818306,-0.4054196465240289,0.04673296663260825,0.1594941142509692,0.22367558991735814,0.05003076952487817,0.06203644680897622,2020-04-29,Paradise Beach Victoria AUSTRALIA,Paradise Beach,Victoria,AUSTRALIA,-38.1992076,147.4033451
2535,2020-04-29|Paramatta River New South Wales AUSTRALIA,0.5946636602352761,-0.4109475859361902,0.04781224736925662,0.05438999151514525,0.29550128968150235,0.08732101220343118,0.08530387457174848,2020-04-29,Paramatta River New South Wales AUSTRALIA,Paramatta River,New South Wales,AUSTRALIA,-33.834442700000004,151.0923358
2536,2020-04-29|Paramatta River near Sydney New South Wales AUSTRALIA,0.5946746370549221,-0.4109454618062891,0.04781729488582915,0.05439174219591029,0.29550564465045803,0.08732358602028277,0.08530513174299792,2020-04-29,Paramatta River near Sydney New South Wales AUSTRALIA,Paramatta River (near Sydney),New South Wales,AUSTRALIA,-33.834442700000004,151.0923358
2537,2020-04-29|Park Beach Coffs Harbour New South Wales AUSTRALIA,0.6346581471641531,-0.36573922739820025,0.04559493030701987,0.03625317762667001,0.3158894451291299,0.0997861415439896,0.09524425133880765,2020-04-29,Park Beach Coffs Harbour New South Wales AUSTRALIA,Park Beach,New South Wales,AUSTRALIA,-30.289625899999997,153.11855480000003
2538,2020-04-29|Parkers Point Rottnest Island Western Australia AUSTRALIA,0.27165138707880304,-0.2106829393174491,0.0097063887671681,-0.011992609769530933,0.18094297756171385,0.03274036112889888,0.05018455257952995,2020-04-29,Parkers Point Rottnest Island Western Australia AUSTRALIA,Parker's Point,Western Australia,AUSTRALIA,-32.014821000000005,115.53120159999999
2539,2020-04-29|Parramata River New South Wales AUSTRALIA,0.5946641822134628,-0.41094811691620636,0.04781195141000552,0.0543895540647273,0.2955014938651354,0.08732113287652667,0.08530393351448624,2020-04-29,Parramata River New South Wales AUSTRALIA,Parramata River,New South Wales,AUSTRALIA,-33.834442700000004,151.0923358
2540,2020-04-29|Parramatta River New South Wales AUSTRALIA,0.5946641822134628,-0.41094811691620636,0.04781195141000552,0.0543895540647273,0.2955014938651354,0.08732113287652667,0.08530393351448624,2020-04-29,Parramatta River New South Wales AUSTRALIA,Parramatta River,New South Wales,AUSTRALIA,-33.834442700000004,151.0923358
2541,2020-04-29|Parsons Beach Fleurieu Peninsula South Australia AUSTRALIA,0.38728164455207603,-0.3399916156588844,0.060741390430706726,-0.016690512908600116,0.25113927377526535,0.06307093483236767,0.07572134011226335,2020-04-29,Parsons Beach Fleurieu Peninsula South Australia AUSTRALIA,Parsons Beach,South Australia,AUSTRALIA,-35.630574200000005,138.4671696
2542,2020-04-29|Peacock Point Balmain Sydney New South Wales AUSTRALIA,0.5932942933952103,-0.41129687880778265,0.04746378220515241,0.05398019013690235,0.2950990213778262,0.0870834324181507,0.08518774971504155,2020-04-29,Peacock Point Balmain Sydney New South Wales AUSTRALIA,Peacock Point,New South Wales,AUSTRALIA,-33.859680299999994,151.1964189
2543,2020-04-29|Peel Island Queensland AUSTRALIA,0.9026911918155232,-0.5880030299052426,0.07080077663603901,0.0504644453417676,0.5052542192520958,0.25528182607204486,0.14585432974719587,2020-04-29,Peel Island Queensland AUSTRALIA,Peel Island,Queensland,AUSTRALIA,-27.500573499999998,153.34761269999998
2544,2020-04-29|Pelican Banks near Gladstone Queensland AUSTRALIA,1.006056882153815,-0.5567527559592691,0.055822455360769734,0.11351242904366035,0.465172462083581,0.2163854194809006,0.14025477450336926,2020-04-29,Pelican Banks near Gladstone Queensland AUSTRALIA,Pelican Banks near Gladstone,Queensland,AUSTRALIA,-23.783333300000002,151.3
2545,2020-04-29|Pelican Island Macleay River New South Wales AUSTRALIA,0.6338998221068496,-0.36906616394128317,0.04653782573196315,0.04053670330977787,0.31593836460513286,0.09981705022936588,0.09525900111579333,2020-04-29,Pelican Island Macleay River New South Wales AUSTRALIA,Pelican Island,New South Wales,AUSTRALIA,-30.9314059,153.0331545
2546,2020-04-29|Pelican Waters Caloundra Queensland AUSTRALIA,0.6545104917896611,-0.3686078947783195,0.038704492856827664,-0.010113638148361932,0.3189296616469764,0.10171612907825485,0.09616091110891106,2020-04-29,Pelican Waters Caloundra Queensland AUSTRALIA,Pelican Waters,Queensland,AUSTRALIA,-26.799,153.13299999999998
2547,2020-04-29|Pennington Bay Kangaroo Island South Australia AUSTRALIA,0.4543040856136725,-0.4122502573058238,0.03666171007605435,-0.005141279781925723,0.2926272798248654,0.0856307248977001,0.08823044460012866,2020-04-29,Pennington Bay Kangaroo Island South Australia AUSTRALIA,Pennington Bay,South Australia,AUSTRALIA,-35.8479736,137.75086090000002
2548,2020-04-29|Peregian Queensland AUSTRALIA,0.6481276338947473,-0.36305196422395264,0.04083663225405199,-0.004051579064974434,0.31553203350502573,0.09956046416781669,0.09513648767945627,2020-04-29,Peregian Queensland AUSTRALIA,Peregian,Queensland,AUSTRALIA,-26.480556,153.09555600000002
2549,2020-04-29|Perth Western Australia AUSTRALIA,0.2745436871637586,-0.21238380312619953,0.007399222032858268,-0.0161809725553843,0.18232078641775099,0.03324086915998717,0.05056668800093228,2020-04-29,Perth Western Australia AUSTRALIA,Perth,Western Australia,AUSTRALIA,-31.950526899999996,115.8604572
2550,2020-04-29|Perth? Margaret River District Western Australia AUSTRALIA,0.2974290479120482,-0.24984204698125184,0.024168346564640102,0.02425278716824098,0.20532562772706098,0.04215861340151163,0.05927240321987377,2020-04-29,Perth? Margaret River District Western Australia AUSTRALIA,Perth? (Margaret River District),Western Australia,AUSTRALIA,-33.9610465,115.0767388
2551,2020-04-29|Petersons Beach Sarina Queensland AUSTRALIA,1.6060854140096883,-0.9733627361508858,0.21472716273168987,0.28560238004340804,0.8540311048299943,0.7293691280171407,0.2575000667285246,2020-04-29,Petersons Beach Sarina Queensland AUSTRALIA,Peterson's Beach,Queensland,AUSTRALIA,-21.4137717,149.2243901
2552,2020-04-29|Petrie Bight Brisbane River Queensland AUSTRALIA,0.8666614111674893,-0.5441191777213173,0.012182403577166469,0.05502722178903314,0.429075638797146,0.18410590380917888,0.12937117277929033,2020-04-29,Petrie Bight Brisbane River Queensland AUSTRALIA,Petrie Bight,Queensland,AUSTRALIA,-27.466237800000002,153.0336145
2553,2020-04-29|Phillip Island Victoria AUSTRALIA,0.8135575496756623,-0.7441925299645138,0.09578773813327132,0.12941723471246655,0.48087553960843676,0.23124128459370524,0.1449894305218974,2020-04-29,Phillip Island Victoria AUSTRALIA,Phillip Island,Victoria,AUSTRALIA,-38.4898703,145.20382780000003
2554,2020-04-29|Pialba Beach near Maryborough Queensland AUSTRALIA,0.983761029599249,-0.684174501055053,-0.019128439949590046,-0.04496911593256689,0.5072368586971926,0.25728923082099575,0.15293766728519165,2020-04-29,Pialba Beach near Maryborough Queensland AUSTRALIA,Pialba Beach near Maryborough,Queensland,AUSTRALIA,-25.2782552,152.8379759
2555,2020-04-29|Pialba Hervey Bay Queensland AUSTRALIA,0.983761029599249,-0.684174501055053,-0.019128439949590046,-0.04496911593256689,0.5072368586971926,0.25728923082099575,0.15293766728519165,2020-04-29,Pialba Hervey Bay Queensland AUSTRALIA,Pialba,Queensland,AUSTRALIA,-25.281299800000003,152.8294091
2556,2020-04-29|Piccaninny Point 10 miles from Bicheno Tasmania AUSTRALIA,0.4409881187387435,-0.44336132635872233,0.04006941119856736,0.09046074861386388,0.263251555373391,0.06930138140650954,0.0759941781797075,2020-04-29,Piccaninny Point 10 miles from Bicheno Tasmania AUSTRALIA,Piccaninny Point,Tasmania,AUSTRALIA,-41.8522419,148.25966830000002
2557,2020-04-29|Pimpana River Queensland AUSTRALIA,0.6527599346598456,-0.32963841607816263,0.04523349881280811,0.03194061185097062,0.31750599369857496,0.10081005603451951,0.09573165907155629,2020-04-29,Pimpana River Queensland AUSTRALIA,Pimpana River,Queensland,AUSTRALIA,-27.8203377,153.38490019999998
2558,2020-04-29|Pincushion north of Maroochydore Beach Queensland AUSTRALIA,0.6488093763717487,-0.36404631180334973,0.040504251746282076,-0.005258907958495872,0.3159968745477674,0.09985402472395748,0.09527664252726825,2020-04-29,Pincushion north of Maroochydore Beach Queensland AUSTRALIA,Pincushion,Queensland,AUSTRALIA,-26.6476538,153.1031686
2559,2020-04-29|Pioneer River near Mackay Queensland AUSTRALIA,1.43247357834785,-0.8493730738644029,0.20490619442005675,0.33621541992431825,0.7545611117261392,0.5693624713293871,0.22750873536264035,2020-04-29,Pioneer River near Mackay Queensland AUSTRALIA,Pioneer River near Mackay,Queensland,AUSTRALIA,-21.1455879,148.9558418
2560,2020-04-29|Point Casuarina Bunbury Western Australia AUSTRALIA,0.3004354129290096,-0.2296109074210127,-0.0003778667605067335,-0.04618423045661664,0.20046837579564977,0.04018756969414586,0.05357742707931196,2020-04-29,Point Casuarina Bunbury Western Australia AUSTRALIA,Point Casuarina,Western Australia,AUSTRALIA,-33.3153009,115.63711090000001
2561,2020-04-29|Point Cook Port Phillip Bay Victoria AUSTRALIA,0.4307349361001926,-0.4619073941064178,0.06065373583679424,0.0962993663659156,0.29321985289354785,0.08597788213091383,0.08464528049991617,2020-04-29,Point Cook Port Phillip Bay Victoria AUSTRALIA,Point Cook,Victoria,AUSTRALIA,-37.9178086,144.7477259
2562,2020-04-29|Point Henry Victoria AUSTRALIA,0.43287646479648445,-0.4713673319032896,0.0698058966877423,0.10634652127791937,0.3134461426646171,0.09824848435132752,0.09450756792752223,2020-04-29,Point Henry Victoria AUSTRALIA,Point Henry,Victoria,AUSTRALIA,-38.1468463,144.4301958
2563,2020-04-29|Point Lonsdale Victoria AUSTRALIA,1.1027302905401437,-1.0937284969767662,0.1146044472439477,0.16764877263324507,0.6858565247788859,0.4703991725817705,0.19798972460327552,2020-04-29,Point Lonsdale Victoria AUSTRALIA,Point Lonsdale,Victoria,AUSTRALIA,-38.283333,144.6
2564,2020-04-29|Point Lookout Stradbroke Island Queensland AUSTRALIA,0.64601433757658,-0.339076209181208,0.04354520307261662,0.021264373326088076,0.3124417404299966,0.09761984116292537,0.09420472925926489,2020-04-29,Point Lookout Stradbroke Island Queensland AUSTRALIA,Point Lookout,Queensland,AUSTRALIA,-27.434650800000004,153.5304523
2565,2020-04-29|Point Lowly north of Whyalla South Australia AUSTRALIA,1.1121857594080549,-0.8314473818229748,0.10688444030885924,0.0006628420489735755,0.6354031281503488,0.40373713526324867,0.1834250835407671,2020-04-29,Point Lowly north of Whyalla South Australia AUSTRALIA,Point Lowly,South Australia,AUSTRALIA,-32.999444,137.785278
2566,2020-04-29|Point Plomer New South Wales AUSTRALIA,0.633734724396434,-0.3756001452163444,0.046500831572799634,0.04591154498616014,0.31656133717681967,0.1002110801951761,0.09544683441351769,2020-04-29,Point Plomer New South Wales AUSTRALIA,Point Plomer,New South Wales,AUSTRALIA,-31.315232,152.97704109999998
2567,2020-04-29|Point Sinclair Cactus Beach near Penong South Australia AUSTRALIA,0.5470966656105823,-0.49399087680615217,0.026579626276087533,0.042978500088795855,0.32506228558705924,0.10566548951108287,0.09800996679887522,2020-04-29,Point Sinclair Cactus Beach near Penong South Australia AUSTRALIA,Point Sinclair,South Australia,AUSTRALIA,-32.0102589,132.98821940000002
2568,2020-04-29|Point Sinclair Penong South Australia AUSTRALIA,0.5476904630723927,-0.496322987496643,0.02588516465991469,0.04314040159134585,0.32583192766831326,0.10616644508804891,0.09824202261763776,2020-04-29,Point Sinclair Penong South Australia AUSTRALIA,(Point Sinclair) Penong,South Australia,AUSTRALIA,-32.106519899999995,132.97958
2569,2020-04-29|Point Vernon Hervey Bay Queensland AUSTRALIA,0.983761029599249,-0.684174501055053,-0.019128439949590046,-0.04496911593256689,0.5072368586971926,0.25728923082099575,0.15293766728519165,2020-04-29,Point Vernon Hervey Bay Queensland AUSTRALIA,Point Vernon,Queensland,AUSTRALIA,-25.257124100000002,152.8176466
2570,2020-04-29|Porpoise Pool Tweed Heads New South Wales AUSTRALIA,0.6489237349793168,-0.33254819058658874,0.0487618927228274,0.036718262041971345,0.31689020800151035,0.10041940392724051,0.09554599269806258,2020-04-29,Porpoise Pool Tweed Heads New South Wales AUSTRALIA,Porpoise Pool,New South Wales,AUSTRALIA,-28.170037,153.543026
2571,2020-04-29|Port Augusta South Australia AUSTRALIA,1.1855861929045886,-0.9959526444270033,0.09288546360242216,0.03293680162209366,0.6682620896097881,0.44657422040964045,0.19291064866271648,2020-04-29,Port Augusta South Australia AUSTRALIA,Port Augusta,South Australia,AUSTRALIA,-32.495233899999995,137.78943940000002
2572,2020-04-29|Port Campbell Victoria AUSTRALIA,0.43521181639417633,-0.4846614503991979,0.05944279264726558,0.08592456434597262,0.27798040455462786,0.07727310531635456,0.07709789247661032,2020-04-29,Port Campbell Victoria AUSTRALIA,Port Campbell,Victoria,AUSTRALIA,-38.6191008,142.9961352
2573,2020-04-29|Port Douglas Queensland AUSTRALIA,0.48164324427147037,-0.3088750533938612,0.05948055745179547,-0.050467145024008675,0.3341910277520922,0.11168364302999965,0.12631233568873154,2020-04-29,Port Douglas Queensland AUSTRALIA,Port Douglas,Queensland,AUSTRALIA,-16.483611,145.465278
2574,2020-04-29|Port Germein South Australia AUSTRALIA,1.1195559168388531,-0.8572683074054983,0.08551089331599351,0.05086201879006562,0.6141726421936654,0.37720803441914813,0.17034084257049684,2020-04-29,Port Germein South Australia AUSTRALIA,Port Germein,South Australia,AUSTRALIA,-33.0219965,138.0016436
2575,2020-04-29|Port Hedland Western Australia AUSTRALIA,2.067221214125679,-1.8869288900283852,0.3434410431928708,0.5619154183008799,1.404162371965344,1.9716719668433413,0.4053467617200674,2020-04-29,Port Hedland Western Australia AUSTRALIA,Port Hedland,Western Australia,AUSTRALIA,-20.3839142,118.64837959999998
2576,2020-04-29|Port Hughes South Australia AUSTRALIA,0.5759878543872232,-0.31689822110645,0.05576046386340763,-0.06391200212593837,0.36363183801523263,0.1322281136183364,0.10497146978200649,2020-04-29,Port Hughes South Australia AUSTRALIA,Port Hughes,South Australia,AUSTRALIA,-34.076111,137.546111
2577,2020-04-29|Port Jackson New South Wales AUSTRALIA,0.59329481592638,-0.4112974118236251,0.04746348832914805,0.05397975552060515,0.29509922508333036,0.08708355264478207,0.08518780851975538,2020-04-29,Port Jackson New South Wales AUSTRALIA,Port Jackson,New South Wales,AUSTRALIA,-33.8462182,151.2488616
2578,2020-04-29|Port Jervis New South Wales AUSTRALIA,0.5784129827663811,-0.4216855031710784,0.0417181867566529,0.04699044264041148,0.2921775781900821,0.08536773719702155,0.08434440170960843,2020-04-29,Port Jervis New South Wales AUSTRALIA,Port Jervis,New South Wales,AUSTRALIA,-35.0480805,150.7446771
2579,2020-04-29|Port Kennedy Beach Western Australia AUSTRALIA,0.27605779981055323,-0.20297586349144095,0.027160959994908914,0.021043453584654717,0.17852624602007952,0.03187162051802196,0.05153608809855314,2020-04-29,Port Kennedy Beach Western Australia AUSTRALIA,Port Kennedy Beach,Western Australia,AUSTRALIA,-32.3522464,115.7422946
2580,2020-04-29|Port MacDonnel Victoria AUSTRALIA,0.38512700020970464,-0.3941136433438955,0.03665897362302654,0.03531375323782172,0.24256091732223453,0.0588357986122039,0.07002130545543733,2020-04-29,Port MacDonnel Victoria AUSTRALIA,Port MacDonnel,Victoria,AUSTRALIA,-38.05249570000001,140.70019240000002
2581,2020-04-29|Port Melbourne Victoria AUSTRALIA,0.43305910900532046,-0.4647515333149806,0.0598210195054396,0.0939338297362027,0.29514433983659166,0.08711018133757752,0.0852008320272253,2020-04-29,Port Melbourne Victoria AUSTRALIA,Port Melbourne,Victoria,AUSTRALIA,-37.83322329999999,144.9124697
2582,2020-04-29|Port Newby South Australia AUSTRALIA,1.1855861929045886,-0.9959526444270033,0.09288546360242216,0.03293680162209366,0.6682620896097881,0.44657422040964045,0.19291064866271648,2020-04-29,Port Newby South Australia AUSTRALIA,Port Newby,South Australia,AUSTRALIA,-30.0002315,136.20915469999997
2583,2020-04-29|Port Phillip Bay Port Melbourne Victoria AUSTRALIA,1.102726179642871,-1.0937220139645745,0.11460523225206114,0.16764982316234506,0.6858538338601282,0.4703954814206364,0.19798894780194096,2020-04-29,Port Phillip Bay Port Melbourne Victoria AUSTRALIA,Port Phillip Bay,Victoria,AUSTRALIA,-38.3,144.6333333
2584,2020-04-29|Port Phillip Bay South Australia AUSTRALIA,0.43215903445670556,-0.4648804951265206,0.07512739356558014,0.09361334139683404,0.29515356002593796,0.08711562399598495,0.08899214674033422,2020-04-29,Port Phillip Bay South Australia AUSTRALIA,Port Phillip Bay,South Australia,AUSTRALIA,-38.173206,144.8731219
2585,2020-04-29|Port Phillip Bay Victoria AUSTRALIA,0.43215903445670556,-0.4648804951265206,0.07512739356558014,0.09361334139683404,0.29515356002593796,0.08711562399598495,0.08899214674033422,2020-04-29,Port Phillip Bay Victoria AUSTRALIA,Port Phillip Bay,Victoria,AUSTRALIA,-38.173206,144.8731219
2586,2020-04-29|Port Phillip South Australia AUSTRALIA,0.4330595248716297,-0.46475301895603816,0.05981920159887368,0.09393061077700302,0.2951440890140455,0.08711003327993082,0.08520075962099302,2020-04-29,Port Phillip South Australia AUSTRALIA,Port Phillip,South Australia,AUSTRALIA,-37.84649829999999,144.9666905
2587,2020-04-29|Port Phillip Victoria AUSTRALIA,0.4330595248716297,-0.46475301895603816,0.05981920159887368,0.09393061077700302,0.2951440890140455,0.08711003327993082,0.08520075962099302,2020-04-29,Port Phillip Victoria AUSTRALIA,Port Phillip,Victoria,AUSTRALIA,-37.84649829999999,144.9666905
2588,2020-04-29|Port Pirie Spencer Gulf 230 km north of Adelaide South Australia AUSTRALIA,1.1055535490088984,-0.8449796569721858,0.08318676558629018,0.04386537988239447,0.606393758022615,0.3677133897687897,0.1681833682824493,2020-04-29,Port Pirie Spencer Gulf 230 km north of Adelaide South Australia AUSTRALIA,Port Pirie,South Australia,AUSTRALIA,-33.1708294,138.00885669999997
2589,2020-04-29|Port River Adelaide South Australia AUSTRALIA,1.043874793996589,-0.7740232603926127,0.1240861670750347,0.1625917359213959,0.6092511055357092,0.37118690959648376,0.16897585389554784,2020-04-29,Port River Adelaide South Australia AUSTRALIA,Port River,South Australia,AUSTRALIA,-34.7617799,138.51011
2590,2020-04-29|Port Wakefield South Australia AUSTRALIA,1.177801540271741,-0.9095429106810717,0.14083868540642752,0.24574545296560446,0.7072627663021727,0.5002206205974017,0.1961593976253068,2020-04-29,Port Wakefield South Australia AUSTRALIA,Port Wakefield,South Australia,AUSTRALIA,-34.183333000000005,138.15
2591,2020-04-29|Portarlington Victoria AUSTRALIA,0.4336040887303053,-0.467497904874989,0.07521623494531042,0.10903571337161656,0.30687046745576846,0.09416948379652186,0.0925249272537956,2020-04-29,Portarlington Victoria AUSTRALIA,Portarlington,Victoria,AUSTRALIA,-38.116667,144.65
2592,2020-04-29|Portland Victoria AUSTRALIA,0.3850685726780136,-0.4078200589097686,0.03916526434665709,0.04020855090197406,0.2587140684277374,0.066932969202432,0.07800522663283066,2020-04-29,Portland Victoria AUSTRALIA,Portland,Victoria,AUSTRALIA,-38.360895,141.6041155
2593,2020-04-29|Portsea Beach near Melbourne Victoria AUSTRALIA,0.8838337792990539,-0.8993820455185787,0.0628267235868271,0.09606149225261945,0.555498682946698,0.3085787867555161,0.16035865706687935,2020-04-29,Portsea Beach near Melbourne Victoria AUSTRALIA,Portsea Beach,Victoria,AUSTRALIA,-38.3339592,144.7019091
2594,2020-04-29|Portsea Beach near entrance to Port Phillip Bay Victoria AUSTRALIA,0.8838355903537364,-0.8993864967555725,0.06282588055391536,0.09606240979689322,0.5555002339313699,0.3085805098978068,0.16035910479758828,2020-04-29,Portsea Beach near entrance to Port Phillip Bay Victoria AUSTRALIA,Portsea Beach,Victoria,AUSTRALIA,-38.3339592,144.7019091
2595,2020-04-29|Princess Royal Harbor near King George’s Sound Western Australia AUSTRALIA,0.31061759699038805,-0.2251270524167829,0.052783424659016046,0.06048840821458368,0.20474594223840872,0.0419209008630938,0.06474635191506452,2020-04-29,Princess Royal Harbor near King George’s Sound Western Australia AUSTRALIA,Princess Royal Harbor,Western Australia,AUSTRALIA,-35.0458333,117.9733333
2596,2020-04-29|Pyramids Beach Mandurah Western Australia AUSTRALIA,0.2770120797025396,-0.2086805823718353,-0.0036105847036180133,-0.04490601154595704,0.18559359801581818,0.03444498362445711,0.04960197549670283,2020-04-29,Pyramids Beach Mandurah Western Australia AUSTRALIA,Pyramids Beach,Western Australia,AUSTRALIA,-32.603604100000005,115.6304031
2597,2020-04-29|Pyramids Beach Port Bouvard Western Australia AUSTRALIA,0.27701904555017776,-0.20865912283415358,-0.0036073643319028286,-0.044907550841358175,0.18559431814744046,0.03444525092861334,0.04960216795997454,2020-04-29,Pyramids Beach Port Bouvard Western Australia AUSTRALIA,Pyramids Beach,Western Australia,AUSTRALIA,-32.603604100000005,115.6304031
2598,2020-04-29|Pyramids Beach Western Australia AUSTRALIA,0.27701904555017776,-0.20865912283415358,-0.0036073643319028286,-0.044907550841358175,0.18559431814744046,0.03444525092861334,0.04960216795997454,2020-04-29,Pyramids Beach Western Australia AUSTRALIA,Pyramids Beach,Western Australia,AUSTRALIA,-32.603604100000005,115.6304031
2599,2020-04-29|Queenscliff New South Wales AUSTRALIA,0.5946636602352761,-0.4109475859361902,0.04781224736925662,0.05438999151514525,0.29550128968150235,0.08732101220343118,0.08530387457174848,2020-04-29,Queenscliff New South Wales AUSTRALIA,Queenscliff,New South Wales,AUSTRALIA,-33.7825,151.284722
2600,2020-04-29|Queenscliff Sydney New South Wales AUSTRALIA,0.5946746370549221,-0.4109454618062891,0.04781729488582915,0.05439174219591029,0.29550564465045803,0.08732358602028277,0.08530513174299792,2020-04-29,Queenscliff Sydney New South Wales AUSTRALIA,Queenscliff,New South Wales,AUSTRALIA,-33.7825,151.284722
2601,2020-04-29|Queenscliff Victoria AUSTRALIA,1.1027302905401437,-1.0937284969767662,0.1146044472439477,0.16764877263324507,0.6858565247788859,0.4703991725817705,0.19798972460327552,2020-04-29,Queenscliff Victoria AUSTRALIA,Queenscliff,Victoria,AUSTRALIA,-38.2677746,144.6286897
2602,2020-04-29|Quinn’s Rocks south of Yanchep Western Australia AUSTRALIA,0.27307712258860206,-0.21245557391170422,0.008116940740931756,-0.014401693063889966,0.18122611284964385,0.032842903978591846,0.05026308017941648,2020-04-29,Quinn’s Rocks south of Yanchep Western Australia AUSTRALIA,Quinn’s Rocks,Western Australia,AUSTRALIA,-31.660517499999997,115.6959328
2603,2020-04-29|Ralph Bay Tasmania AUSTRALIA,0.35033407780767817,-0.4750883440903417,0.0043529793404044614,0.09095506185403233,0.2563949194435702,0.06573835471647484,0.0711111560632501,2020-04-29,Ralph Bay Tasmania AUSTRALIA,Ralph Bay,Tasmania,AUSTRALIA,-42.97,147.43
2604,2020-04-29|Red Bluff near Quobba Station Western Australia AUSTRALIA,0.4727487063079051,-0.43281452107964086,0.04450960215608009,0.04003722280759404,0.2692144220255669,0.07247640502656004,0.07466664636212181,2020-04-29,Red Bluff near Quobba Station Western Australia AUSTRALIA,Red Bluff near Quobba Station,Western Australia,AUSTRALIA,-24.05,113.4
2605,2020-04-29|Red Bluffs Western Australia AUSTRALIA,4.320386757081557,-2.982057477980406,1.2290636840308689,1.858493274431729,2.7916045249552623,7.793055823750695,0.8827828625290987,2020-04-29,Red Bluffs Western Australia AUSTRALIA,Red Bluffs,Western Australia,AUSTRALIA,-18.8,126.46666670000002
2606,2020-04-29|Redgate Beach Western Australia AUSTRALIA,0.2992253776069201,-0.25352869895503644,0.0227070996375969,0.022576256142619003,0.20758227571675747,0.04309040119174792,0.05992384138203252,2020-04-29,Redgate Beach Western Australia AUSTRALIA,Redgate Beach,Western Australia,AUSTRALIA,-34.039174700000004,114.99853700000001
2607,2020-04-29|Redhead Beach New South Wales AUSTRALIA,0.6100930303602202,-0.4055477363815679,0.05198169116643161,0.059233822520505505,0.2998925395054762,0.0899355352510436,0.08657151920572358,2020-04-29,Redhead Beach New South Wales AUSTRALIA,Redhead Beach,New South Wales,AUSTRALIA,-33.0204805,151.70915119999998
2608,2020-04-29|Redhead Beach Newcastle New South Wales AUSTRALIA,0.6100823781336974,-0.40555018112268976,0.05197630777720833,0.05923150534628688,0.29988829905457487,0.08993299190984612,0.0865702950929889,2020-04-29,Redhead Beach Newcastle New South Wales AUSTRALIA,Redhead Beach,New South Wales,AUSTRALIA,-33.0204805,151.70915119999998
2609,2020-04-29|Rib Reef off Townsville Queensland AUSTRALIA,0.5339999464387569,-0.3407748893396591,0.048144314949820785,-0.1352911600573733,0.36734646921817815,0.13494342844706192,0.12987658971455454,2020-04-29,Rib Reef off Townsville Queensland AUSTRALIA,Rib Reef off Townsville,Queensland,AUSTRALIA,-18.481090899999998,146.8713315
2610,2020-04-29|Riecks Point Campbell’s Beach New South Wales AUSTRALIA,0.6383476249234086,-0.367774831420184,0.04462404996382748,0.031843858667339575,0.3178351650120436,0.101019192118233,0.09583090795687664,2020-04-29,Riecks Point Campbell’s Beach New South Wales AUSTRALIA,Riecks Point,New South Wales,AUSTRALIA,-30.2379185,153.15217619999999
2611,2020-04-29|Roe Reef off Rottnest Island Western Australia AUSTRALIA,0.27201226178498195,-0.21076597390399002,0.009176921752545556,-0.013014484794749282,0.1810251451810236,0.03277010318781067,0.0502073417768072,2020-04-29,Roe Reef off Rottnest Island Western Australia AUSTRALIA,Roe Reef off Rottnest Island,Western Australia,AUSTRALIA,-31.9791667,115.53333329999998
2612,2020-04-29|Rosebud Victoria AUSTRALIA,0.43433156313187177,-0.469691278934956,0.06764424760446114,0.0843250209867301,0.2949733556448306,0.08700928054037174,0.08893781307508775,2020-04-29,Rosebud Victoria AUSTRALIA,Rosebud,Victoria,AUSTRALIA,-38.356,144.918
2613,2020-04-29|Ross Creek Queensland AUSTRALIA,0.6486033638493196,-0.3629975813982746,0.04003346494174731,-0.004275709351543371,0.31542950317518037,0.09949577147334113,0.09510557362184459,2020-04-29,Ross Creek Queensland AUSTRALIA,Ross Creek,Queensland,AUSTRALIA,-26.0970062,152.7500251
2614,2020-04-29|Ross River Townsville Queensland AUSTRALIA,0.5495198554196739,-0.3713152960253015,0.039772798534082936,-0.19282794168880937,0.38342247756633413,0.147012796303106,0.11560622675236282,2020-04-29,Ross River Townsville Queensland AUSTRALIA,Ross River,Queensland,AUSTRALIA,-19.4006854,146.7329811
2615,2020-04-29|Rothesay Bay Queensland AUSTRALIA,0.6527599346598456,-0.32963841607816263,0.04523349881280811,0.03194061185097062,0.31750599369857496,0.10081005603451951,0.09573165907155629,2020-04-29,Rothesay Bay Queensland AUSTRALIA,Rothesay Bay,Queensland,AUSTRALIA,-27.6733333,153.37444440000002
2616,2020-04-29|Rottnest Island Western Australia AUSTRALIA,0.27165138707880304,-0.2106829393174491,0.0097063887671681,-0.011992609769530933,0.18094297756171385,0.03274036112889888,0.05018455257952995,2020-04-29,Rottnest Island Western Australia AUSTRALIA,Rottnest Island,Western Australia,AUSTRALIA,-32.0063677,115.5073002
2617,2020-04-29|Rubbish Dump Creek Mackay Queensland AUSTRALIA,1.549684087699259,-0.9010216665899939,0.22968184866622943,0.33405870310283253,0.8127041166601469,0.6604879812363496,0.24503951095808454,2020-04-29,Rubbish Dump Creek Mackay Queensland AUSTRALIA,Rubbish Dump Creek,Queensland,AUSTRALIA,-21.1424956,149.1821469
2618,2020-04-29|Rudder Reef Queensland AUSTRALIA,0.4732716651982184,-0.29288101902142955,0.06444087047011915,-0.044595679067214164,0.3288200107750405,0.10812259948609777,0.1242822820874766,2020-04-29,Rudder Reef Queensland AUSTRALIA,Rudder Reef,Queensland,AUSTRALIA,-16.1906218,145.6990989
2619,2020-04-29|Russel Island Frankland Group Queensland AUSTRALIA,0.5053996535645459,-0.3194597779148518,0.07101042534872644,-0.03437707246716485,0.345570050458583,0.11941865977394762,0.1306132020093504,2020-04-29,Russel Island Frankland Group Queensland AUSTRALIA,Russel Island,Queensland,AUSTRALIA,-17.2291545,146.09400219999998
2620,2020-04-29|Ryde Sydney Estuary New South Wales AUSTRALIA,0.5946641822134628,-0.41094811691620636,0.04781195141000552,0.0543895540647273,0.2955014938651354,0.08732113287652667,0.08530393351448624,2020-04-29,Ryde Sydney Estuary New South Wales AUSTRALIA,Ryde,New South Wales,AUSTRALIA,-33.815746600000004,151.1030164
2621,2020-04-29|Safety Cove Tasmania AUSTRALIA,0.36644655030299383,-0.4442576673011589,0.02660311535638728,0.08834564545107383,0.24817777095057614,0.06159220599399663,0.06632829927930818,2020-04-29,Safety Cove Tasmania AUSTRALIA,Safety Cove,Tasmania,AUSTRALIA,-43.1625907,147.8547571
2622,2020-04-29|Sailor Bay Middle Harbour Sydney New South Wales AUSTRALIA,0.5946641822134628,-0.41094811691620636,0.04781195141000552,0.0543895540647273,0.2955014938651354,0.08732113287652667,0.08530393351448624,2020-04-29,Sailor Bay Middle Harbour Sydney New South Wales AUSTRALIA,Sailor Bay,New South Wales,AUSTRALIA,-33.8035561,151.2270015
2623,2020-04-29|Saltwater Beach New South Wales AUSTRALIA,0.6298254513722936,-0.3938389330493863,0.05395833123135509,0.05993139144978595,0.30463390271161167,0.09280181468130767,0.08794023286741763,2020-04-29,Saltwater Beach New South Wales AUSTRALIA,Saltwater Beach,New South Wales,AUSTRALIA,-32.010831800000005,152.5628989
2624,2020-04-29|Sams Creek area Westerm Australia AUSTRALIA,1.7082546544064685,-1.1133487111809093,0.45459415604798326,0.6621046608551718,1.0291008504826784,1.059048560464172,0.3102855811351525,2020-04-29,Sams Creek area Westerm Australia AUSTRALIA,Sam's Creek area,Western Australia,AUSTRALIA,-20.6223242,117.1836798
2625,2020-04-29|Samurai Beach New South Wales AUSTRALIA,0.6123287253572438,-0.40258320252871643,0.05191396030682014,0.058772908633603155,0.3000249949657609,0.09001499760420485,0.08660975580354908,2020-04-29,Samurai Beach New South Wales AUSTRALIA,Samurai Beach,New South Wales,AUSTRALIA,-32.7673021,152.1244595
2626,2020-04-29|Sandbar Beach New South Wales AUSTRALIA,0.6230135034279044,-0.398199865213629,0.05357364151111459,0.06011049508703935,0.30274665836672454,0.09165553915221823,0.08739543235214405,2020-04-29,Sandbar Beach New South Wales AUSTRALIA,Sandbar Beach,New South Wales,AUSTRALIA,-32.387195,152.5226878
2627,2020-04-29|Sandgate Jetty Brisbane Queensland AUSTRALIA,0.8257272539223167,-0.5428244991907657,-0.005710472017383145,0.007463303841288252,0.4086318288707051,0.16697997156621722,0.11796184819897534,2020-04-29,Sandgate Jetty Brisbane Queensland AUSTRALIA,Sandgate Jetty,Queensland,AUSTRALIA,-27.322671000000003,153.0844173
2628,2020-04-29|Sandon New South Wales AUSTRALIA,0.6431737598696435,-0.3637412923131547,0.047241615111389516,0.03608790902911802,0.3193272389011426,0.1019698855042274,0.09628078516138826,2020-04-29,Sandon New South Wales AUSTRALIA,Sandon,New South Wales,AUSTRALIA,-29.689362699999997,153.3130678
2629,2020-04-29|Sandringham Victoria AUSTRALIA,0.4365636470543656,-0.46894046691490476,0.05919700821732373,0.09266386593035075,0.29649616185875033,0.08790997399697026,0.08559106943142018,2020-04-29,Sandringham Victoria AUSTRALIA,Sandringham,Victoria,AUSTRALIA,-37.9525,145.012311
2630,2020-04-29|Scarborough Beach Perth Western Australia AUSTRALIA,0.2741411567741611,-0.2122568593504686,0.007653424631720094,-0.015669335352510215,0.1819722550572475,0.033113901610619945,0.05047002279390132,2020-04-29,Scarborough Beach Perth Western Australia AUSTRALIA,Scarborough Beach,Western Australia,AUSTRALIA,-31.893518100000005,115.7548947
2631,2020-04-29|Scarborough Western Australia AUSTRALIA,0.2741411567741611,-0.2122568593504686,0.007653424631720094,-0.015669335352510215,0.1819722550572475,0.033113901610619945,0.05047002279390132,2020-04-29,Scarborough Western Australia AUSTRALIA,Scarborough,Western Australia,AUSTRALIA,-31.8980316,115.7715973
2632,2020-04-29|Schnapper Rock Kirton Point South Australia AUSTRALIA,0.5866730311603101,-0.4290290524800232,0.03621034198334619,-0.03584372693716463,0.34273472932484306,0.11746709468537345,0.09893899411816584,2020-04-29,Schnapper Rock Kirton Point South Australia AUSTRALIA,Schnapper Rock,South Australia,AUSTRALIA,-34.7207199,135.87936000000002
2633,2020-04-29|Scotts Head New South Wales AUSTRALIA,0.6346677170651979,-0.36840754139018617,0.04640595768011875,0.038989174849981954,0.31620912650788346,0.09998821168687864,0.0953406389011521,2020-04-29,Scotts Head New South Wales AUSTRALIA,Scotts Head,New South Wales,AUSTRALIA,-30.7492859,152.9941554
2634,2020-04-29|Scotts Point Beach Queensland AUSTRALIA,0.8257319101985168,-0.5428255521188325,-0.005708722428858888,0.007467615237286167,0.40863391924306997,0.16698167995595184,0.11796245163749913,2020-04-29,Scotts Point Beach Queensland AUSTRALIA,Scotts Point Beach,Queensland,AUSTRALIA,-27.2521951,153.10984
2635,2020-04-29|Scott’s Point Redcliffe Peninsula Queensland AUSTRALIA,0.8257272539223167,-0.5428244991907657,-0.005710472017383145,0.007463303841288252,0.4086318288707051,0.16697997156621722,0.11796184819897534,2020-04-29,Scott’s Point Redcliffe Peninsula Queensland AUSTRALIA,Scott’s Point,Queensland,AUSTRALIA,-27.2521951,153.10984
2636,2020-04-29|SeaWorld Theme Park Queensland AUSTRALIA,0.6517278545079311,-0.32915267986693586,0.04706455398365987,0.03381254419296417,0.31752724727557957,0.10082355276240706,0.09573806726613603,2020-04-29,SeaWorld Theme Park Queensland AUSTRALIA,SeaWorld Theme Park,Queensland,AUSTRALIA,-27.9572417,153.42551609999998
2637,2020-04-29|Seaforth River near MacKay Queensland AUSTRALIA,1.549683462735607,-0.901021054967648,0.22967579012350034,0.3340481347044573,0.8127032085153935,0.6604865051312151,0.24503923714213888,2020-04-29,Seaforth River near MacKay Queensland AUSTRALIA,Seaforth River,Queensland,AUSTRALIA,-21.1389425,149.182769
2638,2020-04-29|Seaholme Victoria AUSTRALIA,0.4307349361001926,-0.4619073941064178,0.06065373583679424,0.0962993663659156,0.29321985289354785,0.08597788213091383,0.08464528049991617,2020-04-29,Seaholme Victoria AUSTRALIA,Seaholme,Victoria,AUSTRALIA,-37.868,144.841
2639,2020-04-29|Seal Rocks New South Wales AUSTRALIA,0.6200046817443016,-0.39891496833746154,0.05324389392387605,0.05992477168203424,0.30183716484724754,0.09110567408302449,0.08713288418799592,2020-04-29,Seal Rocks New South Wales AUSTRALIA,Seal Rocks,New South Wales,AUSTRALIA,-32.4353409,152.525707
2640,2020-04-29|Seal Rocks Phillip Island Victoria AUSTRALIA,1.1187147803942827,-0.917376231073224,0.18099056561692983,0.22020444325819274,0.6453368647513706,0.41645966900712883,0.19457638579678416,2020-04-29,Seal Rocks Phillip Island Victoria AUSTRALIA,Seal Rocks,Victoria,AUSTRALIA,-38.5258967,145.09982109999999
2641,2020-04-29|Seal Rocks north of Newcastle New South Wales AUSTRALIA,0.6199934288374431,-0.3989172955410119,0.05323842230995274,0.05992231738578009,0.3018328556176951,0.09110307273033236,0.08713164022057486,2020-04-29,Seal Rocks north of Newcastle New South Wales AUSTRALIA,Seal Rocks,New South Wales,AUSTRALIA,-32.4353409,152.525707
2642,2020-04-29|Seaspray near Sale New South Wales AUSTRALIA,0.30227476740892856,-0.5040140548546627,0.03330816124845522,0.18837201219527194,0.29029626858841623,0.08427192355635789,0.08752761826800098,2020-04-29,Seaspray near Sale New South Wales AUSTRALIA,Seaspray,New South Wales,AUSTRALIA,-38.293634499999996,147.14676930000002
2643,2020-04-29|Second Valley South Australia AUSTRALIA,0.7894440457539972,-0.5334387593283032,0.08484282558947395,0.04612158594053508,0.4355871746674005,0.18973618673472845,0.12081014563060011,2020-04-29,Second Valley South Australia AUSTRALIA,Second Valley,South Australia,AUSTRALIA,-35.5367772,138.2322002
2644,2020-04-29|Semaphore South Australia AUSTRALIA,1.0324601514105414,-0.7622343986221326,0.12148343179775506,0.15500740154636033,0.6008544586519593,0.361026080481939,0.16664704305852282,2020-04-29,Semaphore South Australia AUSTRALIA,Semaphore,South Australia,AUSTRALIA,-34.838889,138.48388899999998
2645,2020-04-29|Seven Mile Beach Byron Bay New South Wales AUSTRALIA,0.6485303315940002,-0.3396645410998383,0.04770990679043019,0.032920837828957425,0.31772103867632234,0.10094665841756112,0.09579649757194159,2020-04-29,Seven Mile Beach Byron Bay New South Wales AUSTRALIA,Seven Mile Beach,New South Wales,AUSTRALIA,-28.7186968,153.6118865
2646,2020-04-29|Seven Mile Beach Gerroa New South Wales AUSTRALIA,0.5833109059833549,-0.42030176382072315,0.04296702837736058,0.04846407374118156,0.2935890557966925,0.0861945336835934,0.08475186019767424,2020-04-29,Seven Mile Beach Gerroa New South Wales AUSTRALIA,Seven Mile Beach,New South Wales,AUSTRALIA,-34.7699,150.813133
2647,2020-04-29|Seven Shillings Beach Middle Harbor Sydney Estuary New South Wales AUSTRALIA,0.5932942933952103,-0.41129687880778265,0.04746378220515241,0.05398019013690235,0.2950990213778262,0.0870834324181507,0.08518774971504155,2020-04-29,Seven Shillings Beach Middle Harbor Sydney Estuary New South Wales AUSTRALIA,Seven Shillings Beach,New South Wales,AUSTRALIA,-33.871820299999996,151.24781399999998
2648,2020-04-29|Shark Bay Western Australia AUSTRALIA,0.4566841650871376,-0.4378089942509459,0.010231667257419117,-0.008297563226907029,0.260272680972526,0.0677418684606263,0.0650681702431315,2020-04-29,Shark Bay Western Australia AUSTRALIA,Shark Bay,Western Australia,AUSTRALIA,-25.7834193,113.2987712
2649,2020-04-29|Sharks Bay Western Australia AUSTRALIA,0.4566827592137529,-0.4378344502923283,0.010230038939071838,-0.008296537834409597,0.260274602102563,0.06774286849964747,0.06506865052564074,2020-04-29,Sharks Bay Western Australia AUSTRALIA,Sharks Bay,Western Australia,AUSTRALIA,-25.7834193,113.2987712
2650,2020-04-29|Sharpes Beach Ballina New South Wales AUSTRALIA,0.6497015607920602,-0.34565365766703615,0.04649694312509579,0.033559611018707636,0.31889639414302784,0.10169491019742535,0.09615088057906479,2020-04-29,Sharpes Beach Ballina New South Wales AUSTRALIA,Sharpes Beach,New South Wales,AUSTRALIA,-28.8338657,153.60514990000001
2651,2020-04-29|Shellharbour New South Wales AUSTRALIA,0.5842266075876947,-0.41901666883101746,0.04359043427296095,0.049268510131645404,0.29364913117282776,0.08622981223855661,0.08476920246496591,2020-04-29,Shellharbour New South Wales AUSTRALIA,Shellharbour,New South Wales,AUSTRALIA,-34.583333,150.866667
2652,2020-04-29|Shelly Beach Ballina New South Wales AUSTRALIA,0.6496117590558238,-0.34698600780429695,0.04660142194168209,0.0339397351614037,0.3190517385069107,0.10179401184428212,0.09619771866709169,2020-04-29,Shelly Beach Ballina New South Wales AUSTRALIA,Shelly Beach,New South Wales,AUSTRALIA,-28.863228499999998,153.59435119999998
2653,2020-04-29|Shelly Beach Crescent Head New South Wales AUSTRALIA,0.6019904443515283,-0.4094067249852828,0.05025079590405381,0.05745372789253254,0.2977236430915924,0.0886393676557299,0.08594541274152347,2020-04-29,Shelly Beach Crescent Head New South Wales AUSTRALIA,Shelly Beach,New South Wales,AUSTRALIA,-33.3699595,151.4858695
2654,2020-04-29|Shelly Beach New South Wales AUSTRALIA,0.6019904443515283,-0.4094067249852828,0.05025079590405381,0.05745372789253254,0.2977236430915924,0.0886393676557299,0.08594541274152347,2020-04-29,Shelly Beach New South Wales AUSTRALIA,Shelly Beach,New South Wales,AUSTRALIA,-33.3699595,151.4858695
2655,2020-04-29|Shelly Beach near Port Macquarie New South Wales AUSTRALIA,0.6345365739283791,-0.38090818119784153,0.04616155043161963,0.04930449407347928,0.31760093536069217,0.10087035414198656,0.09576028505975769,2020-04-29,Shelly Beach near Port Macquarie New South Wales AUSTRALIA,Shelly Beach,New South Wales,AUSTRALIA,-31.454032399999996,152.93144080000002
2656,2020-04-29|Shelly Point Tasmania AUSTRALIA,0.4606304618194797,-0.44715368116735166,0.04237076253576224,0.0897444148268026,0.2668908250484676,0.07123071249505174,0.07704474484298705,2020-04-29,Shelly Point Tasmania AUSTRALIA,Shelly Point,Tasmania,AUSTRALIA,-41.43509279999999,148.2769946
2657,2020-04-29|Ships Graveyard off Point Lonsdale Victoria AUSTRALIA,1.1027302905401437,-1.0937284969767662,0.1146044472439477,0.16764877263324507,0.6858565247788859,0.4703991725817705,0.19798972460327552,2020-04-29,Ships Graveyard off Point Lonsdale Victoria AUSTRALIA,Ship's Graveyard off Point Lonsdale,Victoria,AUSTRALIA,-38.283333,144.6
2658,2020-04-29|Shipwreck Cove Melbourne Aquarium Victoria AUSTRALIA,0.4330597331525503,-0.4647537621160778,0.05982028724802332,0.09394147162057123,0.29514419133243625,0.08711009367727772,0.08520078915776824,2020-04-29,Shipwreck Cove Melbourne Aquarium Victoria AUSTRALIA,Shipwreck Cove,Victoria,AUSTRALIA,-37.820629499999995,144.95821750000002
2659,2020-04-29|Shoalhaven New South Wales AUSTRALIA,0.5695395187501009,-0.4253832047008424,0.038524552679578654,0.04313447658732483,0.2901683108042055,0.08419764859496602,0.08376437617655354,2020-04-29,Shoalhaven New South Wales AUSTRALIA,Shoalhaven,New South Wales,AUSTRALIA,-35.081067700000006,150.48922919999998
2660,2020-04-29|Sirius Cove Sydney Harbor New South Wales AUSTRALIA,0.5946636602352761,-0.4109475859361902,0.04781224736925662,0.05438999151514525,0.29550128968150235,0.08732101220343118,0.08530387457174848,2020-04-29,Sirius Cove Sydney Harbor New South Wales AUSTRALIA,Sirius Cove,New South Wales,AUSTRALIA,-33.8375951,151.2402351
2661,2020-04-29|Smelting Works Bay near Hobart Tasmania AUSTRALIA,0.3499910686524932,-0.47470919911709913,0.00464243743706122,0.09123658118650252,0.2563053735931188,0.0656924445327082,0.07108632051284183,2020-04-29,Smelting Works Bay near Hobart Tasmania AUSTRALIA,Smelting Works Bay near Hobart,Tasmania,AUSTRALIA,-42.8821377,147.3271949
2662,2020-04-29|Smiths New South Wales AUSTRALIA,0.5978072724469142,-0.41113504756406777,0.04911986098282902,0.05616659063954329,0.2966548096974313,0.08800407611661919,0.08563686711760458,2020-04-29,Smiths New South Wales AUSTRALIA,Smiths,New South Wales,AUSTRALIA,-31.2532183,146.921099
2663,2020-04-29|Smokey Cape New South Wales AUSTRALIA,0.6339185477283278,-0.3699088756981243,0.0460021022923472,0.03983346805623691,0.3159736829987128,0.09983936834777105,0.09526965001212995,2020-04-29,Smokey Cape New South Wales AUSTRALIA,Smokey Cape,New South Wales,AUSTRALIA,-30.9237156,153.0888272
2664,2020-04-29|Smoky Bay near Ceduna on the Eyre Peninsula South Australia AUSTRALIA,0.5748931720173451,-0.4337255384933747,0.06493660862468076,0.034799794039972284,0.3137334130262256,0.09842865444908425,0.09921121632612123,2020-04-29,Smoky Bay near Ceduna on the Eyre Peninsula South Australia AUSTRALIA,Smoky Bay,South Australia,AUSTRALIA,-32.37340089999999,133.93568009999998
2665,2020-04-29|Snapper Point Aldinga Beach Adelaide South Australia AUSTRALIA,0.8942045262474144,-0.621381143662878,0.10857386863083986,0.0771260196617458,0.502347643075584,0.25235315450359436,0.13932616809365392,2020-04-29,Snapper Point Aldinga Beach Adelaide South Australia AUSTRALIA,Snapper Point,South Australia,AUSTRALIA,-35.2711799,138.44391000000002
2666,2020-04-29|Sorrento Back Beach Victoria AUSTRALIA,1.0890956839602226,-1.1022949560242346,0.10758715051050595,0.17038924066358468,0.6813831637371275,0.4642830158244171,0.19669837650245472,2020-04-29,Sorrento Back Beach Victoria AUSTRALIA,Sorrento Back Beach,Victoria,AUSTRALIA,-38.346817,144.72833219999998
2667,2020-04-29|South Broulee New South Wales AUSTRALIA,0.5629590567624122,-0.43059505994836833,0.03587041517430178,0.039868358919779384,0.28928611819999905,0.08368645818322383,0.08350970910779568,2020-04-29,South Broulee New South Wales AUSTRALIA,South Broulee,New South Wales,AUSTRALIA,-35.845428399999996,150.1694166
2668,2020-04-29|South Bruny Island Western Australia AUSTRALIA,0.30867234040119323,-0.4599076210047866,0.018049476006694574,0.14529873144843186,0.2618743066312854,0.0685781524736165,0.07263086463735992,2020-04-29,South Bruny Island Western Australia AUSTRALIA,South Bruny Island,Western Australia,AUSTRALIA,-43.3937074,147.2679116
2669,2020-04-29|South Cape Bay Tasmania AUSTRALIA,0.24486208683312682,-0.37664131730707767,0.04333692871531399,0.16784845818247804,0.22530903532176386,0.05076416139762383,0.06793323018538386,2020-04-29,South Cape Bay Tasmania AUSTRALIA,South Cape Bay,Tasmania,AUSTRALIA,-43.63,146.79
2670,2020-04-29|South Coast New South Wales AUSTRALIA,0.5569709989035211,-0.43238758261372007,0.0327016378741326,0.03543166075053972,0.28760364593691506,0.08271585715620641,0.08302402120079787,2020-04-29,South Coast New South Wales AUSTRALIA,South Coast,New South Wales,AUSTRALIA,-36.6806101,149.65644939999999
2671,2020-04-29|South Cronulla New South Wales AUSTRALIA,0.5892812432899299,-0.4137815375449233,0.045288304461396284,0.05115483867916472,0.29423695272302214,0.08657538434772998,0.08493889193008601,2020-04-29,South Cronulla New South Wales AUSTRALIA,South Cronulla,New South Wales,AUSTRALIA,-34.05744,151.15219
2672,2020-04-29|South Golden Beach New South Wales AUSTRALIA,0.6453239245317134,-0.3341434495055827,0.048548260096406004,0.03354184152586338,0.3157736790229705,0.099713016363702,0.09520934654448299,2020-04-29,South Golden Beach New South Wales AUSTRALIA,South Golden Beach,New South Wales,AUSTRALIA,-28.4981216,153.54709450000001
2673,2020-04-29|South Head Sydney New South Wales AUSTRALIA,0.5946641822134628,-0.41094811691620636,0.04781195141000552,0.0543895540647273,0.2955014938651354,0.08732113287652667,0.08530393351448624,2020-04-29,South Head Sydney New South Wales AUSTRALIA,South Head,New South Wales,AUSTRALIA,-33.8332187,151.28042580000002
2674,2020-04-29|South Narrabeen Beach New South Wales AUSTRALIA,0.5968767956544192,-0.4110399924892645,0.04868909802124774,0.055567505685853474,0.2963003026579585,0.0877938693551978,0.08553452975026997,2020-04-29,South Narrabeen Beach New South Wales AUSTRALIA,South Narrabeen Beach,New South Wales,AUSTRALIA,-33.709542299999995,151.3033826
2675,2020-04-29|South Neptune Island South Australia AUSTRALIA,0.4293306985959813,-0.3197885983209467,0.03304672848970825,-0.03074898089901862,0.23699966994216076,0.05616884355269314,0.07145808914874709,2020-04-29,South Neptune Island South Australia AUSTRALIA,South Neptune Island,South Australia,AUSTRALIA,-35.3295695,136.11835280000003
2676,2020-04-29|South Passage south of Coral Bay Western Australia AUSTRALIA,0.49679205802063664,-0.4371414843753176,0.05293898386536289,0.02854224548501508,0.2776158183011244,0.07707054257100292,0.07699677444343064,2020-04-29,South Passage south of Coral Bay Western Australia AUSTRALIA,South Passage,Western Australia,AUSTRALIA,-23.143670800000002,113.77153590000002
2677,2020-04-29|South Perth Western Australia AUSTRALIA,0.27520403529242016,-0.20235144370418615,0.0250927327294368,0.015745840942068597,0.1781418810456461,0.031734529782481126,0.051425131487825036,2020-04-29,South Perth Western Australia AUSTRALIA,South Perth,Western Australia,AUSTRALIA,-31.9809515,115.86391680000001
2678,2020-04-29|South Point Gracetown Western Australia AUSTRALIA,0.29396948397224615,-0.24428743302450037,0.02526108520307745,0.025297704970528207,0.2016736887186322,0.040672276721379755,0.05821817923508355,2020-04-29,South Point Gracetown Western Australia AUSTRALIA,South Point,Western Australia,AUSTRALIA,-33.8638221,114.97694579999998
2679,2020-04-29|South Steyne Manly New South Wales AUSTRALIA,0.5946641822134628,-0.41094811691620636,0.04781195141000552,0.0543895540647273,0.2955014938651354,0.08732113287652667,0.08530393351448624,2020-04-29,South Steyne Manly New South Wales AUSTRALIA,South Steyne,New South Wales,AUSTRALIA,-33.7985672,151.2889614
2680,2020-04-29|South Stradbroke Island Queensland AUSTRALIA,0.652167748302028,-0.32997650895441816,0.04606208661840177,0.03182137965010527,0.31728488924369097,0.10066970094238123,0.09566499357007208,2020-04-29,South Stradbroke Island Queensland AUSTRALIA,South Stradbroke Island,Queensland,AUSTRALIA,-27.833508600000002,153.42132080000002
2681,2020-04-29|South Werribee Beach Victoria AUSTRALIA,0.43030033976170395,-0.4622682029904768,0.060118135233050964,0.0968573861612782,0.2933594546059527,0.08605976960670203,0.0846855800430343,2020-04-29,South Werribee Beach Victoria AUSTRALIA,South Werribee Beach,Victoria,AUSTRALIA,-37.9736195,144.69639109999997
2682,2020-04-29|South West Rocks New South Wales AUSTRALIA,0.6338998221068496,-0.36906616394128317,0.04653782573196315,0.04053670330977787,0.31593836460513286,0.09981705022936588,0.09525900111579333,2020-04-29,South West Rocks New South Wales AUSTRALIA,South West Rocks,New South Wales,AUSTRALIA,-30.884166999999998,153.040278
2683,2020-04-29|South coast New South Wales AUSTRALIA,0.5569594283620894,-0.4323910000825311,0.032696119161796745,0.035429763533466205,0.2875995302645902,0.08271348980841292,0.08302283310853553,2020-04-29,South coast New South Wales AUSTRALIA,South coast,New South Wales,AUSTRALIA,-36.6806101,149.65644939999999
2684,2020-04-29|Southgates near Geraldton Western Australia AUSTRALIA,0.3024242527235993,-0.24730360961431205,0.024251417461340814,-0.004162434495305859,0.1878082585370838,0.03527194197473211,0.050193868418030696,2020-04-29,Southgates near Geraldton Western Australia AUSTRALIA,Southgates,Western Australia,AUSTRALIA,-28.85,114.6338889
2685,2020-04-29|Southport Aquarium Queensland AUSTRALIA,0.6517278545079311,-0.32915267986693586,0.04706455398365987,0.03381254419296417,0.31752724727557957,0.10082355276240706,0.09573806726613603,2020-04-29,Southport Aquarium Queensland AUSTRALIA,Southport Aquarium,Queensland,AUSTRALIA,-27.9600602,153.42459219999998
2686,2020-04-29|Southport Bar Queensland AUSTRALIA,0.6517278545079311,-0.32915267986693586,0.04706455398365987,0.03381254419296417,0.31752724727557957,0.10082355276240706,0.09573806726613603,2020-04-29,Southport Bar Queensland AUSTRALIA,Southport Bar,Queensland,AUSTRALIA,-27.9674697,153.41637690000002
2687,2020-04-29|Southport Queensland AUSTRALIA,0.6515086119760994,-0.33029675273343023,0.04756579052804694,0.03469197345428568,0.3176168627169333,0.10088047148214725,0.09576508733835352,2020-04-29,Southport Queensland AUSTRALIA,Southport,Queensland,AUSTRALIA,-27.973794,153.4183144
2688,2020-04-29|Southport South Australia AUSTRALIA,0.9086759052798348,-0.6343595215824552,0.11181397266997853,0.08767712308495297,0.512143809257834,0.2622912813611247,0.14204313574542843,2020-04-29,Southport South Australia AUSTRALIA,Southport,South Australia,AUSTRALIA,-35.1577032,138.46888719999998
2689,2020-04-29|St Crispin Reef Queensland AUSTRALIA,0.4687150217093326,-0.2849067491777486,0.11607540478855383,0.1412872810693903,0.3269847175884351,0.10691900553638867,0.1334909519632877,2020-04-29,St Crispin Reef Queensland AUSTRALIA,St. Crispin Reef,Queensland,AUSTRALIA,-16.1014387,145.83812460000001
2690,2020-04-29|St George’s River at Moorebank near Milperra Bridge New South Wales AUSTRALIA,0.5883053667684529,-0.4150774636985319,0.044646260394264885,0.0503075812135719,0.29417433757184797,0.08653854088583555,0.08492081649289314,2020-04-29,St George’s River at Moorebank near Milperra Bridge New South Wales AUSTRALIA,St. George’s River at Moorebank,New South Wales,AUSTRALIA,-34.0494645,150.8953368
2691,2020-04-29|St Helena Island Moreton Bay Queensland AUSTRALIA,0.8627330941285889,-0.5738148434226468,-0.006594685075264645,0.010167120324062563,0.4319190150474854,0.18655403555958994,0.12468427980289187,2020-04-29,St Helena Island Moreton Bay Queensland AUSTRALIA,St. Helena Island,Queensland,AUSTRALIA,-27.3877599,153.23402119999997
2692,2020-04-29|Stevens Reef Queensland AUSTRALIA,1.1686696289108294,-0.6655316815156632,0.03925797609095616,-0.06574082715989682,0.6295134800935264,0.39628722161946267,0.18980545581282637,2020-04-29,Stevens Reef Queensland AUSTRALIA,Stevens Reef,Queensland,AUSTRALIA,-20.5833333,150.08333330000002
2693,2020-04-29|Stockton Beach New South Wales AUSTRALIA,0.6113906254092912,-0.40472245002542745,0.05189803306520622,0.0589452657796181,0.3001726865665726,0.09010364176059382,0.08665239069629192,2020-04-29,Stockton Beach New South Wales AUSTRALIA,Stockton Beach,New South Wales,AUSTRALIA,-32.8054122,151.9608991
2694,2020-04-29|Stockton Beach Newcastle New South Wales AUSTRALIA,0.6113799549037211,-0.4047248491403863,0.05189266109751873,0.058942944603882816,0.3001684353511263,0.09010108958114328,0.08665116347610079,2020-04-29,Stockton Beach Newcastle New South Wales AUSTRALIA,Stockton Beach,New South Wales,AUSTRALIA,-32.8054122,151.9608991
2695,2020-04-29|Stockton Bight New South Wales AUSTRALIA,0.6113799549037211,-0.4047248491403863,0.05189266109751873,0.058942944603882816,0.3001684353511263,0.09010108958114328,0.08665116347610079,2020-04-29,Stockton Bight New South Wales AUSTRALIA,Stockton Bight,New South Wales,AUSTRALIA,-32.8054122,151.9608991
2696,2020-04-29|Stradbroke Island Queensland AUSTRALIA,0.6507366886496082,-0.3346001071117416,0.0438156532286021,0.026641338142340116,0.31540617292433426,0.09948105391877506,0.09509853928654265,2020-04-29,Stradbroke Island Queensland AUSTRALIA,Stradbroke Island,Queensland,AUSTRALIA,-27.5323174,153.46260769999998
2697,2020-04-29|Strand Beach Kissing Point Townsville Queensland AUSTRALIA,0.5495242679487357,-0.37131711703761505,0.03977355635626991,-0.19283845920184844,0.38343056062954606,0.147018994824688,0.11560866388762014,2020-04-29,Strand Beach Kissing Point Townsville Queensland AUSTRALIA,Strand Beach,Queensland,AUSTRALIA,-19.239290899999997,146.80543889999998
2698,2020-04-29|Stratham Beach Western Australia AUSTRALIA,0.3036439974012465,-0.23283638171463306,-0.00068811884927942,-0.04681268862013031,0.20281226369591987,0.04113281430546334,0.054203857470441645,2020-04-29,Stratham Beach Western Australia AUSTRALIA,Stratham Beach,Western Australia,AUSTRALIA,-33.4665674,115.5602443
2699,2020-04-29|Streaky Bay South Australia AUSTRALIA,0.5759937289555519,-0.45620463929953,0.060991873452492955,0.03776257762828518,0.30388169683845123,0.09234408567341637,0.09162377900633377,2020-04-29,Streaky Bay South Australia AUSTRALIA,Streaky Bay,South Australia,AUSTRALIA,-32.797222,134.21111100000002
2700,2020-04-29|Sugarloaf Bay Middle Harbor Sydney New South Wales AUSTRALIA,0.5946641822134628,-0.41094811691620636,0.04781195141000552,0.0543895540647273,0.2955014938651354,0.08732113287652667,0.08530393351448624,2020-04-29,Sugarloaf Bay Middle Harbor Sydney New South Wales AUSTRALIA,Sugarloaf Bay,New South Wales,AUSTRALIA,-33.7859956,151.2260866
2701,2020-04-29|Sugarloaf Bay Middle Harbour Sydney New South Wales AUSTRALIA,0.5946641822134628,-0.41094811691620636,0.04781195141000552,0.0543895540647273,0.2955014938651354,0.08732113287652667,0.08530393351448624,2020-04-29,Sugarloaf Bay Middle Harbour Sydney New South Wales AUSTRALIA,Sugarloaf Bay,New South Wales,AUSTRALIA,-33.7831723,151.2231308
2702,2020-04-29|Suicide Point Point Leo Victoria AUSTRALIA,1.0107297475845973,-0.8695265497689266,0.17950384087179805,0.30435507981374305,0.5792202007887286,0.33549604100173513,0.16720646942272077,2020-04-29,Suicide Point Point Leo Victoria AUSTRALIA,Suicide Point,Victoria,AUSTRALIA,-38.421,145.075
2703,2020-04-29|Sunshine Beach Queensland AUSTRALIA,0.6481673624472866,-0.3628576097849149,0.04089967525462935,-0.0037239458728910704,0.3154950063169095,0.09953709901090678,0.09512532356218142,2020-04-29,Sunshine Beach Queensland AUSTRALIA,Sunshine Beach,Queensland,AUSTRALIA,-26.406999999999996,153.105
2704,2020-04-29|Surf Beach Batemans Bay New South Wales AUSTRALIA,0.5646251630190663,-0.42905000885227046,0.03694054963717873,0.04123169856240615,0.2894615743173888,0.08378800300630118,0.08356035892609864,2020-04-29,Surf Beach Batemans Bay New South Wales AUSTRALIA,Surf Beach,New South Wales,AUSTRALIA,-35.7600051,150.2052861
2705,2020-04-29|Surf Beach Kiama New South Wales AUSTRALIA,0.5838432617587743,-0.4197480278101612,0.04334035839405185,0.04895914559887554,0.2936730118584458,0.08624383789401084,0.08477609622510092,2020-04-29,Surf Beach Kiama New South Wales AUSTRALIA,Surf Beach,New South Wales,AUSTRALIA,-34.6816667,150.8511111
2706,2020-04-29|Surfers Paradise Beach near Victor Harbour South Australia AUSTRALIA,0.6515086119760994,-0.33029675273343023,0.04756579052804694,0.03469197345428568,0.3176168627169333,0.10088047148214725,0.09576508733835352,2020-04-29,Surfers Paradise Beach near Victor Harbour South Australia AUSTRALIA,Surfers Paradise Beach near Victor Harbour,South Australia,AUSTRALIA,-28.0,153.416667
2707,2020-04-29|Surfers Paradise Northcliffe Queensland AUSTRALIA,0.6515086119760994,-0.33029675273343023,0.04756579052804694,0.03469197345428568,0.3176168627169333,0.10088047148214725,0.09576508733835352,2020-04-29,Surfers Paradise Northcliffe Queensland AUSTRALIA,Surfer's Paradise,Queensland,AUSTRALIA,-28.006491999999998,153.43112019999998
2708,2020-04-29|Surfers Paradise Queensland AUSTRALIA,0.6515205013545864,-0.33029603514116196,0.04757055564696746,0.03468988473667953,0.3176207089066871,0.10088291472638647,0.09576624700819769,2020-04-29,Surfers Paradise Queensland AUSTRALIA,Surfer's Paradise,Queensland,AUSTRALIA,-28.0,153.416667
2709,2020-04-29|Surfers Paradise near Southport Queensland AUSTRALIA,0.6515086119760994,-0.33029675273343023,0.04756579052804694,0.03469197345428568,0.3176168627169333,0.10088047148214725,0.09576508733835352,2020-04-29,Surfers Paradise near Southport Queensland AUSTRALIA,Surfers Paradise,Queensland,AUSTRALIA,-28.0,153.416667
2710,2020-04-29|Surfers Point Phillip Island Victoria AUSTRALIA,1.1416774116086374,-0.9444651541810805,0.17908045228556893,0.22156704284620424,0.6619021474078741,0.4381144527431552,0.19957100644385722,2020-04-29,Surfers Point Phillip Island Victoria AUSTRALIA,Surfers Point,Victoria,AUSTRALIA,-38.5092311,145.2817885
2711,2020-04-29|Surfers Point Prevelly Western Australia AUSTRALIA,0.2974208136718692,-0.24983232681390927,0.024168852487691683,0.024252950825844954,0.20531882508966012,0.04215581993619845,0.05927043946760648,2020-04-29,Surfers Point Prevelly Western Australia AUSTRALIA,Surfers Point,Western Australia,AUSTRALIA,-33.976738299999994,114.98598359999998
2712,2020-04-29|Swain Reef Queensland AUSTRALIA,0.7028245759607887,-0.45967220495939237,0.0035244845816153197,-0.04668804331975398,0.37532187492690516,0.14086650979864745,0.10834609276090187,2020-04-29,Swain Reef Queensland AUSTRALIA,Swain Reef,Queensland,AUSTRALIA,-21.9813586,152.473207
2713,2020-04-29|Swan River 13 miles upstream Western Australia AUSTRALIA,0.2741411567741611,-0.2122568593504686,0.007653424631720094,-0.015669335352510215,0.1819722550572475,0.033113901610619945,0.05047002279390132,2020-04-29,Swan River 13 miles upstream Western Australia AUSTRALIA,Swan River,Western Australia,AUSTRALIA,-31.8962877,115.95750179999999
2714,2020-04-29|Swan River Western Australia AUSTRALIA,0.2741411567741611,-0.2122568593504686,0.007653424631720094,-0.015669335352510215,0.1819722550572475,0.033113901610619945,0.05047002279390132,2020-04-29,Swan River Western Australia AUSTRALIA,Swan River,Western Australia,AUSTRALIA,-31.8962877,115.95750179999999
2715,2020-04-29|Sweet Water Point Pitt Water Tasmania AUSTRALIA,1.2194752769928532,-1.304477002536716,0.28304060029603434,0.47475269052820357,0.8527495871620117,0.7271818584049814,0.257113674613351,2020-04-29,Sweet Water Point Pitt Water Tasmania AUSTRALIA,Sweet Water Point,Tasmania,AUSTRALIA,-41.4545196,145.9706647
2716,2020-04-29|Sydney Harbor New South Wales AUSTRALIA,0.5946641822134628,-0.41094811691620636,0.04781195141000552,0.0543895540647273,0.2955014938651354,0.08732113287652667,0.08530393351448624,2020-04-29,Sydney Harbor New South Wales AUSTRALIA,Sydney Harbor,New South Wales,AUSTRALIA,-33.8436313,151.23731
2717,2020-04-29|Sydney Harbour New South Wales AUSTRALIA,0.59329481592638,-0.4112974118236251,0.04746348832914805,0.05397975552060515,0.29509922508333036,0.08708355264478207,0.08518780851975538,2020-04-29,Sydney Harbour New South Wales AUSTRALIA,Sydney Harbour,New South Wales,AUSTRALIA,-33.8462182,151.2488616
2718,2020-04-29|Sydney New South Wales AUSTRALIA,0.59329481592638,-0.4112974118236251,0.04746348832914805,0.05397975552060515,0.29509922508333036,0.08708355264478207,0.08518780851975538,2020-04-29,Sydney New South Wales AUSTRALIA,Sydney,New South Wales,AUSTRALIA,-33.8688197,151.2092955
2719,2020-04-29|Sykes Reef Great Barrier Reef Queensland AUSTRALIA,0.8259824361324164,-0.508027407355662,-0.01342244965899423,-0.10383860047972993,0.3977124884798187,0.15817522349280994,0.11991482715691847,2020-04-29,Sykes Reef Great Barrier Reef Queensland AUSTRALIA,Sykes Reef,Queensland,AUSTRALIA,-23.439513899999998,152.0395475
2720,2020-04-29|Tabourie Beach New South Wales AUSTRALIA,0.5684546273401679,-0.42591367278707526,0.03799483533332581,0.04238315859279074,0.28994224236263244,0.08406650390627149,0.08369911583875478,2020-04-29,Tabourie Beach New South Wales AUSTRALIA,Tabourie Beach,New South Wales,AUSTRALIA,-35.417259200000004,150.4200146
2721,2020-04-29|Tallebudgera Queensland AUSTRALIA,0.6509816768244698,-0.3328437201670923,0.04842004076473705,0.03673384900868505,0.31778993619624113,0.10099044354761103,0.09581727095581037,2020-04-29,Tallebudgera Queensland AUSTRALIA,Tallebudgera,Queensland,AUSTRALIA,-28.148889,153.418056
2722,2020-04-29|Tallow Beach Byron Bay New South Wales AUSTRALIA,0.6469176745335787,-0.33647344694570586,0.048497572336330966,0.033310185364447,0.3166702747310475,0.1002800628982371,0.09547968032196792,2020-04-29,Tallow Beach Byron Bay New South Wales AUSTRALIA,Tallow Beach,New South Wales,AUSTRALIA,-28.6524251,153.62793369999997
2723,2020-04-29|Taree Old Bar Beach New South Wales AUSTRALIA,0.6308643030804091,-0.395325284813087,0.0538636319756578,0.05978493116109144,0.30523184352729665,0.09316647830307212,0.08811284351286523,2020-04-29,Taree Old Bar Beach New South Wales AUSTRALIA,Taree,New South Wales,AUSTRALIA,-31.966666999999998,152.583333
2724,2020-04-29|Target Beach New South Wales AUSTRALIA,0.5747982088225241,-0.4229228929240806,0.04047030327290196,0.04547658926676496,0.291241016481998,0.08482132968146745,0.0840740396324709,2020-04-29,Target Beach New South Wales AUSTRALIA,Target Beach,New South Wales,AUSTRALIA,-35.0712278,150.78299619999999
2725,2020-04-29|Taronga Wharf Athol Bay Sydney Harbor New South Wales AUSTRALIA,0.59329481592638,-0.4112974118236251,0.04746348832914805,0.05397975552060515,0.29509922508333036,0.08708355264478207,0.08518780851975538,2020-04-29,Taronga Wharf Athol Bay Sydney Harbor New South Wales AUSTRALIA,Taronga Wharf,New South Wales,AUSTRALIA,-33.845791,151.239746
2726,2020-04-29|Taroona Tasmania AUSTRALIA,0.3499910686524932,-0.47470919911709913,0.00464243743706122,0.09123658118650252,0.2563053735931188,0.0656924445327082,0.07108632051284183,2020-04-29,Taroona Tasmania AUSTRALIA,Taroona,Tasmania,AUSTRALIA,-42.948056,147.34888899999999
2727,2020-04-29|Tasman Island Tasmania AUSTRALIA,0.3704290805831558,-0.43089190044464043,0.018339569097058958,0.07445213715377988,0.24692870865605077,0.0609737871585448,0.0684857015725769,2020-04-29,Tasman Island Tasmania AUSTRALIA,Tasman Island,Tasmania,AUSTRALIA,-43.238162700000004,148.00239390000002
2728,2020-04-29|Tathra New South Wales AUSTRALIA,0.5569594283620894,-0.4323910000825311,0.032696119161796745,0.035429763533466205,0.2875995302645902,0.08271348980841292,0.08302283310853553,2020-04-29,Tathra New South Wales AUSTRALIA,Tathra,New South Wales,AUSTRALIA,-36.7360215,149.9674229
2729,2020-04-29|Tea Gardens north of Newcastle New South Wales AUSTRALIA,0.6131102051907139,-0.40218116723158504,0.05205737505491257,0.05890057078694469,0.300216173185162,0.09012975064194319,0.0866649442017663,2020-04-29,Tea Gardens north of Newcastle New South Wales AUSTRALIA,Tea Gardens,New South Wales,AUSTRALIA,-32.659597,152.15239259999998
2730,2020-04-29|Tenth Island King Island Tasmania AUSTRALIA,1.2270882782799581,-1.195356025371798,0.18173368059884007,0.344043892181978,0.8382422449772193,0.7026500612644485,0.25273954636496454,2020-04-29,Tenth Island King Island Tasmania AUSTRALIA,Tenth Island (King Island),Tasmania,AUSTRALIA,-40.94228579999999,146.98485580000002
2731,2020-04-29|Terrigal Beach New South Wales AUSTRALIA,0.6019904443515283,-0.4094067249852828,0.05025079590405381,0.05745372789253254,0.2977236430915924,0.0886393676557299,0.08594541274152347,2020-04-29,Terrigal Beach New South Wales AUSTRALIA,Terrigal Beach,New South Wales,AUSTRALIA,-33.4461804,151.4447377
2732,2020-04-29|Tewantin Queensland AUSTRALIA,0.648526952987362,-0.3629654393687143,0.04094362284925378,-0.0036211216937755055,0.31561163983110513,0.09961070719687921,0.09516048988986936,2020-04-29,Tewantin Queensland AUSTRALIA,Tewantin,Queensland,AUSTRALIA,-26.392,153.039
2733,2020-04-29|The Australian Shark and Ray Centre New South Wales AUSTRALIA,0.6120497886121181,-0.4039067974474302,0.051696596249940864,0.05855587345157508,0.3001988266487827,0.09011933552130591,0.08665993668804226,2020-04-29,The Australian Shark and Ray Centre New South Wales AUSTRALIA,The Australian Shark and Ray Centre,New South Wales,AUSTRALIA,-32.7706261,151.9986267
2734,2020-04-29|The Domain Sydney New South Wales AUSTRALIA,0.59329481592638,-0.4112974118236251,0.04746348832914805,0.05397975552060515,0.29509922508333036,0.08708355264478207,0.08518780851975538,2020-04-29,The Domain Sydney New South Wales AUSTRALIA,The Domain,New South Wales,AUSTRALIA,-33.871516299999996,151.214894
2735,2020-04-29|The Entrance near Gosford New South Wales AUSTRALIA,0.603641358647572,-0.4086053993014497,0.05068707906861495,0.05793635952314197,0.2981281239451537,0.08888037828705693,0.08606217630636631,2020-04-29,The Entrance near Gosford New South Wales AUSTRALIA,The Entrance,New South Wales,AUSTRALIA,-33.347221999999995,151.496111
2736,2020-04-29|The Farm New South Wales AUSTRALIA,0.5879850961946183,-0.4158545302851397,0.04440027392422342,0.05001182861710918,0.2942400760150649,0.08657722233335119,0.08493979354683684,2020-04-29,The Farm New South Wales AUSTRALIA,The Farm,New South Wales,AUSTRALIA,-34.071999999999996,150.718
2737,2020-04-29|The Narrows Queensland AUSTRALIA,1.661430258703221,-1.139776889980776,3.922329238331263e-06,-0.38447151162415055,0.9434147211241354,0.8900313360337302,0.26165616546466386,2020-04-29,The Narrows Queensland AUSTRALIA,The Narrows,Queensland,AUSTRALIA,-23.6139232,150.9541241
2738,2020-04-29|The Natural Jetty Rottnest Island Western Australia AUSTRALIA,0.27165138707880304,-0.2106829393174491,0.0097063887671681,-0.011992609769530933,0.18094297756171385,0.03274036112889888,0.05018455257952995,2020-04-29,The Natural Jetty Rottnest Island Western Australia AUSTRALIA,The Natural Jetty,Western Australia,AUSTRALIA,-32.0063677,115.5073002
2739,2020-04-29|Thirroul New South Wales AUSTRALIA,0.5870863965306203,-0.41627967783452435,0.04416832468635786,0.049772901127740715,0.29406650785549215,0.08647511104232422,0.08488968873501081,2020-04-29,Thirroul New South Wales AUSTRALIA,Thirroul,New South Wales,AUSTRALIA,-34.314731200000004,150.9103729
2740,2020-04-29|Thirteenth Beach Victoria AUSTRALIA,1.071450544870442,-1.066086718917707,0.12661053505312433,0.19704146040786774,0.6619257536549571,0.43814570335168296,0.19108150602811771,2020-04-29,Thirteenth Beach Victoria AUSTRALIA,Thirteenth Beach,Victoria,AUSTRALIA,-38.2852436,144.4587149
2741,2020-04-29|Thistle Island South Australia AUSTRALIA,0.48813262786212624,-0.35137067731040306,0.020116279174165905,-0.06445850157209755,0.2715066172449919,0.07371584320781854,0.08186232522729774,2020-04-29,Thistle Island South Australia AUSTRALIA,Thistle Island,South Australia,AUSTRALIA,-35.038095299999995,136.1804618
2742,2020-04-29|Three Mile Creek Townsville Queensland AUSTRALIA,0.554691473600639,-0.3766542168015041,0.042124046041952225,-0.18405793374667367,0.3876722370305021,0.15028976336423377,0.11688757744253617,2020-04-29,Three Mile Creek Townsville Queensland AUSTRALIA,Three Mile Creek,Queensland,AUSTRALIA,-19.208941,146.76842230000003
2743,2020-04-29|Three Stripes near Cheynes Beach Western Australia AUSTRALIA,0.3146431489477669,-0.22962808553887237,0.04549146604388081,0.04787692615129627,0.20920069795475632,0.04376493202475719,0.06615506936339587,2020-04-29,Three Stripes near Cheynes Beach Western Australia AUSTRALIA,Three Stripes near Cheynes Beach,Western Australia,AUSTRALIA,-34.88414,118.404629
2744,2020-04-29|Throsby Creek Newcastle New South Wales AUSTRALIA,0.6108608418944925,-0.4054841996851246,0.05200962226380926,0.059204749042445784,0.30014297029808784,0.09008580261935883,0.08664381234848743,2020-04-29,Throsby Creek Newcastle New South Wales AUSTRALIA,Throsby Creek,New South Wales,AUSTRALIA,-32.9119099,151.7504482
2745,2020-04-29|Tingalpa Creek Queensland AUSTRALIA,0.895395071676748,-0.5848753118366258,0.06591083573204402,0.0432605630320296,0.5013572489946728,0.2513590911195064,0.1447293713336223,2020-04-29,Tingalpa Creek Queensland AUSTRALIA,Tingalpa Creek,Queensland,AUSTRALIA,-27.502492999999998,153.188227
2746,2020-04-29|Tomaree New South Wales AUSTRALIA,0.6298254513722936,-0.3938389330493863,0.05395833123135509,0.05993139144978595,0.30463390271161167,0.09280181468130767,0.08794023286741763,2020-04-29,Tomaree New South Wales AUSTRALIA,Tomaree,New South Wales,AUSTRALIA,-31.8894897,152.4444453
2747,2020-04-29|Torres Strait Queensland AUSTRALIA,1.003612067537692,-1.77140240796598,0.04602199402110812,0.355819141899432,0.9646200148903287,0.9304917731270179,0.2675374557712244,2020-04-29,Torres Strait Queensland AUSTRALIA,Torres Strait,Queensland,AUSTRALIA,-10.2199025,141.93685449999998
2748,2020-04-29|Townsville Queensland AUSTRALIA,0.5495169140889525,-0.37131408236008584,0.039770194848782275,-0.19282092946162968,0.38342397325247973,0.1470139432647183,0.11560667771870364,2020-04-29,Townsville Queensland AUSTRALIA,Townsville,Queensland,AUSTRALIA,-19.2589635,146.8169483
2749,2020-04-29|Triabunna Tasmania AUSTRALIA,0.3865369240261795,-0.42762406887881393,0.03457117763051596,0.08854448793894072,0.2482504289987967,0.0616282754980866,0.07166372600444769,2020-04-29,Triabunna Tasmania AUSTRALIA,Triabunna,Tasmania,AUSTRALIA,-42.5102424,147.92009960000001
2750,2020-04-29|Trial Bay New South Wales AUSTRALIA,0.6338998221068496,-0.36906616394128317,0.04653782573196315,0.04053670330977787,0.31593836460513286,0.09981705022936588,0.09525900111579333,2020-04-29,Trial Bay New South Wales AUSTRALIA,Trial Bay,New South Wales,AUSTRALIA,-30.879986,153.05760880000003
2751,2020-04-29|Trial Bay north of Kempsey New South Wales AUSTRALIA,0.6339110704377838,-0.369064579148273,0.046542691937364884,0.04053381734246276,0.31594254122813475,0.09981968935769162,0.09526026041501043,2020-04-29,Trial Bay north of Kempsey New South Wales AUSTRALIA,Trial Bay,New South Wales,AUSTRALIA,-30.879986,153.05760880000003
2752,2020-04-29|Trigg Beach Perth Western Australia AUSTRALIA,0.2741341006135487,-0.21224828984021862,0.007654365238040703,-0.015668531650908573,0.1819661691013444,0.03311168669741906,0.05046833485343448,2020-04-29,Trigg Beach Perth Western Australia AUSTRALIA,Trigg Beach,Western Australia,AUSTRALIA,-31.8779189,115.7517755
2753,2020-04-29|Trigg Beach Western Australia AUSTRALIA,0.2741411567741611,-0.2122568593504686,0.007653424631720094,-0.015669335352510215,0.1819722550572475,0.033113901610619945,0.05047002279390132,2020-04-29,Trigg Beach Western Australia AUSTRALIA,Trigg Beach,Western Australia,AUSTRALIA,-31.8779189,115.7517755
2754,2020-04-29|Trinity Beach 17 km northwast of Cairns Queensland AUSTRALIA,0.4822653167394724,-0.30461461089010494,0.06271928144568903,-0.04366224265351552,0.3337172337858678,0.11136719212569156,0.1261332584019726,2020-04-29,Trinity Beach 17 km northwast of Cairns Queensland AUSTRALIA,Trinity Beach,Queensland,AUSTRALIA,-16.783333,145.7
2755,2020-04-29|Trinity Beach Cairns Queensland AUSTRALIA,0.4822653167394724,-0.30461461089010494,0.06271928144568903,-0.04366224265351552,0.3337172337858678,0.11136719212569156,0.1261332584019726,2020-04-29,Trinity Beach Cairns Queensland AUSTRALIA,Trinity Beach,Queensland,AUSTRALIA,-16.783333,145.7
2756,2020-04-29|Tully North Queensland Queensland AUSTRALIA,0.5900481740783613,-0.297042017102801,0.03190940098143464,-0.15316791068066216,0.336022538057659,0.11291114608271091,0.11200751268588634,2020-04-29,Tully North Queensland Queensland AUSTRALIA,Tully,Queensland,AUSTRALIA,-17.9397555,145.9276864
2757,2020-04-29|Turners Beach New South Wales AUSTRALIA,0.6498866260759891,-0.3655743734064314,0.04714395959125372,0.037680617063178067,0.3221569673726595,0.10378511162674879,0.09713398039762529,2020-04-29,Turners Beach New South Wales AUSTRALIA,Turners' Beach,New South Wales,AUSTRALIA,-29.4304387,153.3629052
2758,2020-04-29|Turquoise Bay Western Australia AUSTRALIA,0.5278020343668075,-0.46588664477278474,0.07250778359470388,0.09447601149220967,0.2971426129518731,0.08829373243186667,0.08577768378773637,2020-04-29,Turquoise Bay Western Australia AUSTRALIA,Turquoise Bay,Western Australia,AUSTRALIA,-22.0963889,113.88944440000002
2759,2020-04-29|Tweed Heads New South Wales AUSTRALIA,0.6489237349793168,-0.33254819058658874,0.0487618927228274,0.036718262041971345,0.31689020800151035,0.10041940392724051,0.09554599269806258,2020-04-29,Tweed Heads New South Wales AUSTRALIA,Tweed Heads,New South Wales,AUSTRALIA,-28.178665600000002,153.5370011
2760,2020-04-29|Two Rocks near Three Mile Reef Western Australia AUSTRALIA,0.273097039219878,-0.21216125592887428,0.007904844655562468,-0.014918184302599342,0.18128514288505038,0.03286430303085313,0.05027945216552807,2020-04-29,Two Rocks near Three Mile Reef Western Australia AUSTRALIA,Two Rocks near Three Mile Reef,Western Australia,AUSTRALIA,-31.775555600000004,115.675
2761,2020-04-29|Tyrendarra Beach Victoria AUSTRALIA,0.38716817544622756,-0.4132822676502944,0.039580656693983966,0.041913595016243956,0.26123531683534174,0.06824389076206137,0.07876541163022198,2020-04-29,Tyrendarra Beach Victoria AUSTRALIA,Tyrendarra Beach,Victoria,AUSTRALIA,-38.216667,141.783333
2762,2020-04-29|Tyrendarra Beach near Portland Victoria AUSTRALIA,0.38716817544622756,-0.4132822676502944,0.039580656693983966,0.041913595016243956,0.26123531683534174,0.06824389076206137,0.07876541163022198,2020-04-29,Tyrendarra Beach near Portland Victoria AUSTRALIA,Tyrendarra Beach near Portland,Victoria,AUSTRALIA,-38.2507144,141.806322
2763,2020-04-29|Umina Beach New South Wales AUSTRALIA,0.5978072724469142,-0.41113504756406777,0.04911986098282902,0.05616659063954329,0.2966548096974313,0.08800407611661919,0.08563686711760458,2020-04-29,Umina Beach New South Wales AUSTRALIA,Umina Beach,New South Wales,AUSTRALIA,-33.528746000000005,151.307503
2764,2020-04-29|Urunga Belliger Heads New South Wales AUSTRALIA,0.6349844304097245,-0.36646335339737635,0.04611922237315609,0.036878728918421345,0.31615565152700953,0.09995439599246787,0.09532451558776753,2020-04-29,Urunga Belliger Heads New South Wales AUSTRALIA,Urunga,New South Wales,AUSTRALIA,-30.502025699999997,153.02505980000004
2765,2020-04-29|Urunga area New South Wales AUSTRALIA,0.6349844304097245,-0.36646335339737635,0.04611922237315609,0.036878728918421345,0.31615565152700953,0.09995439599246787,0.09532451558776753,2020-04-29,Urunga area New South Wales AUSTRALIA,Urunga area,New South Wales,AUSTRALIA,-30.5,153.01666699999998
2766,2020-04-29|Waitpinga Beach near Victor Harbor Encounter Bay South Australia AUSTRALIA,0.39340811562430184,-0.34818942632659455,0.04480972139674955,0.004755455247106356,0.24536795967573516,0.0602054356354332,0.0775921617403673,2020-04-29,Waitpinga Beach near Victor Harbor Encounter Bay South Australia AUSTRALIA,Waitpinga Beach,South Australia,AUSTRALIA,-35.604007700000004,138.5809998
2767,2020-04-29|Waitpinga South Australia AUSTRALIA,0.3934126974384533,-0.34819336440322923,0.04480903058905158,0.004754184001047901,0.2453709084317155,0.060206882704605315,0.07759309421888348,2020-04-29,Waitpinga South Australia AUSTRALIA,Waitpinga,South Australia,AUSTRALIA,-35.599651200000004,138.4955961
2768,2020-04-29|Wallabi Point New South Wales AUSTRALIA,0.6308643030804091,-0.395325284813087,0.0538636319756578,0.05978493116109144,0.30523184352729665,0.09316647830307212,0.08811284351286523,2020-04-29,Wallabi Point New South Wales AUSTRALIA,Wallabi Point,New South Wales,AUSTRALIA,-31.992048600000004,152.5590443
2769,2020-04-29|Wallamba River near entrance to Wallis Lake New South Wales AUSTRALIA,0.6289857345238773,-0.3941196674365664,0.05409729389065998,0.06019240830992295,0.30433246142355413,0.09261824707611907,0.08785321426301519,2020-04-29,Wallamba River near entrance to Wallis Lake New South Wales AUSTRALIA,Wallamba River,New South Wales,AUSTRALIA,-32.098844,152.46986
2770,2020-04-29|Wamberal New South Wales AUSTRALIA,0.6020021203046856,-0.4094051622727136,0.05025281604466903,0.057455078280695564,0.2977252625410165,0.08864033195511721,0.08594588023630395,2020-04-29,Wamberal New South Wales AUSTRALIA,Wamberal,New South Wales,AUSTRALIA,-33.418,151.44299999999998
2771,2020-04-29|Wanda Beach New South Wales AUSTRALIA,0.5892812432899299,-0.4137815375449233,0.045288304461396284,0.05115483867916472,0.29423695272302214,0.08657538434772998,0.08493889193008601,2020-04-29,Wanda Beach New South Wales AUSTRALIA,Wanda Beach,New South Wales,AUSTRALIA,-34.0423701,151.16316919999997
2772,2020-04-29|Warra Beach Coral Bay Western Australia AUSTRALIA,0.4967975827160385,-0.43712884703097077,0.05294518970740207,0.02853290176383418,0.2776122520404107,0.07706856248294851,0.0769957853406718,2020-04-29,Warra Beach Coral Bay Western Australia AUSTRALIA,Warra Beach,Western Australia,AUSTRALIA,-23.1438889,113.7688889
2773,2020-04-29|Warrnambool Victoria AUSTRALIA,0.39056657110655096,-0.42960968476247696,0.0458798884631491,0.05998152450961003,0.26819166911132253,0.07192677138071711,0.08086283075830954,2020-04-29,Warrnambool Victoria AUSTRALIA,Warrnambool,Victoria,AUSTRALIA,-38.3686779,142.4982086
2774,2020-04-29|Wategos Beach Byon Bay New South Wales AUSTRALIA,0.6469176745335787,-0.33647344694570586,0.048497572336330966,0.033310185364447,0.3166702747310475,0.1002800628982371,0.09547968032196792,2020-04-29,Wategos Beach Byon Bay New South Wales AUSTRALIA,Wategos Beach,New South Wales,AUSTRALIA,-28.6364053,153.633824
2775,2020-04-29|Watermans Bay Western Australia AUSTRALIA,0.2741411567741611,-0.2122568593504686,0.007653424631720094,-0.015669335352510215,0.1819722550572475,0.033113901610619945,0.05047002279390132,2020-04-29,Watermans Bay Western Australia AUSTRALIA,Waterman's Bay,Western Australia,AUSTRALIA,-31.849601300000003,115.75490520000001
2776,2020-04-29|Watson Taylors Lake 25 miles south of Port Macquarie New South Wales AUSTRALIA,0.632655778216601,-0.38645109523938315,0.045072859977847546,0.04919317701064717,0.31771625715922946,0.10094362006326962,0.0957950558902938,2020-04-29,Watson Taylors Lake 25 miles south of Port Macquarie New South Wales AUSTRALIA,Watson Taylor's Lake,New South Wales,AUSTRALIA,-31.7016938,152.75884399999998
2777,2020-04-29|Wattamolla National Park New South Wales AUSTRALIA,0.5885796194322114,-0.4144641995974928,0.0449323845082751,0.05071132429400209,0.2941459216135463,0.08652182320188252,0.08491261351230577,2020-04-29,Wattamolla National Park New South Wales AUSTRALIA,Wattamolla National Park,New South Wales,AUSTRALIA,-34.0750773,151.0566579
2778,2020-04-29|Waverly Sydney New South Wales AUSTRALIA,0.5932942933952103,-0.41129687880778265,0.04746378220515241,0.05398019013690235,0.2950990213778262,0.0870834324181507,0.08518774971504155,2020-04-29,Waverly Sydney New South Wales AUSTRALIA,Waverly,New South Wales,AUSTRALIA,-33.899693,151.25542019999997
2779,2020-04-29|Wedge Island Western Australia AUSTRALIA,0.27023713335479455,-0.21998055392136295,-0.006568898439699687,-0.04037980942832165,0.1818091380956728,0.03305456269509143,0.04859053603847698,2020-04-29,Wedge Island Western Australia AUSTRALIA,Wedge Island,Western Australia,AUSTRALIA,-30.8277891,115.1879896
2780,2020-04-29|Weipa Queensland AUSTRALIA,0.7168155769590862,-0.8513424004033404,0.03305221512332699,0.12619984428322573,0.4893166436260396,0.23943077772945262,0.13077537386391452,2020-04-29,Weipa Queensland AUSTRALIA,Weipa,Queensland,AUSTRALIA,-12.6492936,141.84699009999997
2781,2020-04-29|Wellington Point Brisbane Queensland AUSTRALIA,0.8953881871483808,-0.5848745293922065,0.0659099163455445,0.04325996600078536,0.5013558908464044,0.25135772928639183,0.14472897926998812,2020-04-29,Wellington Point Brisbane Queensland AUSTRALIA,Wellington Point,Queensland,AUSTRALIA,-27.487,153.239
2782,2020-04-29|Wellington Point Queensland AUSTRALIA,0.8953881871483808,-0.5848745293922065,0.0659099163455445,0.04325996600078536,0.5013558908464044,0.25135772928639183,0.14472897926998812,2020-04-29,Wellington Point Queensland AUSTRALIA,Wellington Point,Queensland,AUSTRALIA,-27.487,153.239
2783,2020-04-29|West Balmain Sydney New South Wales AUSTRALIA,0.5932942933952103,-0.41129687880778265,0.04746378220515241,0.05398019013690235,0.2950990213778262,0.0870834324181507,0.08518774971504155,2020-04-29,West Balmain Sydney New South Wales AUSTRALIA,West Balmain,New South Wales,AUSTRALIA,-33.85507570000001,151.16879409999999
2784,2020-04-29|West Beach Adelaide South Australia AUSTRALIA,0.9640575185873421,-0.6910050262537363,0.1166181259107213,0.11747401933061864,0.5511780714045849,0.3037972663972776,0.1528692921815833,2020-04-29,West Beach Adelaide South Australia AUSTRALIA,West Beach,South Australia,AUSTRALIA,-34.945278,138.50375
2785,2020-04-29|West Beach Brighton South Australia AUSTRALIA,0.9640575185873421,-0.6910050262537363,0.1166181259107213,0.11747401933061864,0.5511780714045849,0.3037972663972776,0.1528692921815833,2020-04-29,West Beach Brighton South Australia AUSTRALIA,West Beach,South Australia,AUSTRALIA,-35.019,138.52
2786,2020-04-29|West Beach near Adelaide South Australia AUSTRALIA,0.9640506938817516,-0.6910023468598555,0.1166179065827248,0.11747803205922586,0.551175042489518,0.30379392746332196,0.1528684521116923,2020-04-29,West Beach near Adelaide South Australia AUSTRALIA,West Beach,South Australia,AUSTRALIA,-34.945278,138.50375
2787,2020-04-29|Western Port Bay Victoria AUSTRALIA,0.5730896066088106,-0.6249483085683919,0.07445446796812724,0.1940392001437143,0.3762549821330533,0.14156781157994425,0.10435435620996238,2020-04-29,Western Port Bay Victoria AUSTRALIA,Western Port Bay,Victoria,AUSTRALIA,-38.3563059,145.2480193
2788,2020-04-29|Westernport Bay Victoria AUSTRALIA,0.5730896066088106,-0.6249483085683919,0.07445446796812724,0.1940392001437143,0.3762549821330533,0.14156781157994425,0.10435435620996238,2020-04-29,Westernport Bay Victoria AUSTRALIA,Westernport Bay,Victoria,AUSTRALIA,-38.3563059,145.2480193
2789,2020-04-29|Whale Bay King Island Bass Strait Tasmania AUSTRALIA,0.38649607861865465,-0.3485002753818467,0.057582612952633755,0.04714144869312557,0.2305856463665047,0.053169740310258756,0.06656434250048267,2020-04-29,Whale Bay King Island Bass Strait Tasmania AUSTRALIA,Whale Bay,Tasmania,AUSTRALIA,-39.8753477,143.9370759
2790,2020-04-29|Whale Beach New South Wales AUSTRALIA,0.5978072724469142,-0.41113504756406777,0.04911986098282902,0.05616659063954329,0.2966548096974313,0.08800407611661919,0.08563686711760458,2020-04-29,Whale Beach New South Wales AUSTRALIA,Whale Beach,New South Wales,AUSTRALIA,-33.6131448,151.3304989
2791,2020-04-29|Wharton Beach Western Australia AUSTRALIA,0.35360547640632917,-0.23185955682666812,0.05312544250508581,0.036959856964104906,0.21920989686027173,0.04805297888149097,0.07306996562009058,2020-04-29,Wharton Beach Western Australia AUSTRALIA,Wharton Beach,Western Australia,AUSTRALIA,-33.9385415,122.54341470000001
2792,2020-04-29|White Bay near Bald Rock Jetty Sydney Harbor New South Wales AUSTRALIA,0.59329481592638,-0.4112974118236251,0.04746348832914805,0.05397975552060515,0.29509922508333036,0.08708355264478207,0.08518780851975538,2020-04-29,White Bay near Bald Rock Jetty Sydney Harbor New South Wales AUSTRALIA,White Bay,New South Wales,AUSTRALIA,-33.863594899999995,151.1851115
2793,2020-04-29|White Cliffs Queensland AUSTRALIA,1.1195527105659464,-0.8572667493011826,0.08551071773752922,0.0508645337103816,0.6141708255961154,0.37720580301341394,0.1703403387369881,2020-04-29,White Cliffs Queensland AUSTRALIA,White Cliffs,Queensland,AUSTRALIA,-31.020400199999997,143.0403618
2794,2020-04-29|Whitehaven Beach Whitsundays Island Queensland AUSTRALIA,1.0592739580379114,-0.6137070599274858,0.07440472949168091,0.03352192733214195,0.5814703292782036,0.3381077438309026,0.1678560255672756,2020-04-29,Whitehaven Beach Whitsundays Island Queensland AUSTRALIA,Whitehaven Beach,Queensland,AUSTRALIA,-20.282432399999998,149.03885400000001
2795,2020-04-29|Whitsunday Passage Queensland AUSTRALIA,1.1629670904891465,-0.6714295062215312,0.14919933357061174,0.17422043274723145,0.6142355722795373,0.37728533825357075,0.1851989932854954,2020-04-29,Whitsunday Passage Queensland AUSTRALIA,Whitsunday Passage,Queensland,AUSTRALIA,-20.3518817,148.9572514
2796,2020-04-29|Wilsons Promontory Waratah Bay Victoria AUSTRALIA,0.7570100158758648,-0.7955484171958079,0.10205918795528096,0.1456883855517042,0.46387399478780333,0.215179083040395,0.12865549796628772,2020-04-29,Wilsons Promontory Waratah Bay Victoria AUSTRALIA,Wilson's Promontory,Victoria,AUSTRALIA,-38.9333333,146.3666667
2797,2020-04-29|Windang Beach New South Wales AUSTRALIA,0.5856134931347391,-0.41791522230619654,0.04375891080633162,0.04932426362873954,0.29385395590786867,0.08635014740270362,0.0848283302729222,2020-04-29,Windang Beach New South Wales AUSTRALIA,Windang Beach,New South Wales,AUSTRALIA,-34.53432479999999,150.8745658
2798,2020-04-29|Windang Lake Illawara New South Wales AUSTRALIA,0.5863049207167059,-0.4173098624445617,0.04407193318417991,0.04970407950834267,0.2939615579249015,0.0864133975376352,0.08485939229967182,2020-04-29,Windang Lake Illawara New South Wales AUSTRALIA,Windang,New South Wales,AUSTRALIA,-34.527370899999994,150.8740205
2799,2020-04-29|Windang near the entrance to Lake Illawarra New South Wales AUSTRALIA,0.5856251002254547,-0.4179135253346693,0.04376086816482345,0.049325536356700575,0.29385551651572095,0.08635106458672116,0.08482878078160401,2020-04-29,Windang near the entrance to Lake Illawarra New South Wales AUSTRALIA,Windang,New South Wales,AUSTRALIA,-34.541667,150.85833300000002
2800,2020-04-29|Winki Pop Bells Beach Victoria AUSTRALIA,1.0523117214451774,-1.0422474218690152,0.13009424369154196,0.2022755179589624,0.6469226591488971,0.4185089269202802,0.18675048570224215,2020-04-29,Winki Pop Bells Beach Victoria AUSTRALIA,Winki Pop,Victoria,AUSTRALIA,-38.3680831,144.28495519999998
2801,2020-04-29|Winkipop Beach Victoria AUSTRALIA,1.0523190623705139,-1.0422578526478181,0.1300917823415225,0.20227361303668606,0.6469285909961988,0.4185166018483271,0.18675219807906035,2020-04-29,Winkipop Beach Victoria AUSTRALIA,Winkipop Beach,Victoria,AUSTRALIA,-38.3680831,144.28495519999998
2802,2020-04-29|Winkipop Victoria AUSTRALIA,1.0523190623705139,-1.0422578526478181,0.1300917823415225,0.20227361303668606,0.6469285909961988,0.4185166018483271,0.18675219807906035,2020-04-29,Winkipop Victoria AUSTRALIA,Winkipop,Victoria,AUSTRALIA,-38.3680831,144.28495519999998
2803,2020-04-29|Wiseman’s Beach Peake Bay Port Lincoln South Australia AUSTRALIA,0.6084418306396844,-0.3596988422287561,0.06470183025177442,-0.038374245065561585,0.33825420494259256,0.11441590716134539,0.1019874801413235,2020-04-29,Wiseman’s Beach Peake Bay Port Lincoln South Australia AUSTRALIA,Wiseman’s Beach,South Australia,AUSTRALIA,-34.5047222,136.05333330000002
2804,2020-04-29|Wollongong New South Wales AUSTRALIA,0.5867379019525589,-0.4166772750618038,0.04414517940469572,0.04976432029828701,0.2939986460820892,0.08643520389810154,0.08487009872843986,2020-04-29,Wollongong New South Wales AUSTRALIA,Wollongong,New South Wales,AUSTRALIA,-34.427812100000004,150.89306069999998
2805,2020-04-29|Wombarra Beach near Austinmeer New South Wales AUSTRALIA,0.587995559848787,-0.4158517743142531,0.04440561694943359,0.05001396931469738,0.2942441994483302,0.08657964890898873,0.08494098387948969,2020-04-29,Wombarra Beach near Austinmeer New South Wales AUSTRALIA,Wombarra Beach near Austinmeer,New South Wales,AUSTRALIA,-34.2794078,150.9559166
2806,2020-04-29|Woodman Point Western Australia AUSTRALIA,0.27573846587947054,-0.20321991938277217,0.025035428623804156,0.016222744056696548,0.1787748799244475,0.031960457692000614,0.05160786252436139,2020-04-29,Woodman Point Western Australia AUSTRALIA,Woodman Point,Western Australia,AUSTRALIA,-32.129142,115.76663
2807,2020-04-29|Woodman’s Point Western Australia AUSTRALIA,0.27573846587947054,-0.20321991938277217,0.025035428623804156,0.016222744056696548,0.1787748799244475,0.031960457692000614,0.05160786252436139,2020-04-29,Woodman’s Point Western Australia AUSTRALIA,Woodman’s Point,Western Australia,AUSTRALIA,-32.1348873,115.7561545
2808,2020-04-29|Woolgoolga Coffs Harbour New South Wales AUSTRALIA,0.6389684872378573,-0.36614658560588753,0.045485976751102664,0.032645326747016756,0.3178409962102209,0.10102289887190563,0.09583266612927957,2020-04-29,Woolgoolga Coffs Harbour New South Wales AUSTRALIA,Woolgoolga,New South Wales,AUSTRALIA,-30.1130375,153.18379240000002
2809,2020-04-29|Woolloomooloo Sydney Harbor Estuary New South Wales AUSTRALIA,0.59329481592638,-0.4112974118236251,0.04746348832914805,0.05397975552060515,0.29509922508333036,0.08708355264478207,0.08518780851975538,2020-04-29,Woolloomooloo Sydney Harbor Estuary New South Wales AUSTRALIA,Woolloomooloo,New South Wales,AUSTRALIA,-33.852306299999995,151.2107871
2810,2020-04-29|Woorim Beach Bribie Island Queensland AUSTRALIA,0.7309973008270965,-0.4327130520656259,0.01714382115254026,-0.052657865948805636,0.3575731384858924,0.12785854936665117,0.1078123577697723,2020-04-29,Woorim Beach Bribie Island Queensland AUSTRALIA,Woorim Beach,Queensland,AUSTRALIA,-27.060907899999997,153.2006374
2811,2020-04-29|Woy Woy New South Wales AUSTRALIA,0.5993415562796577,-0.41034717708299295,0.04950688670270389,0.05657493197743546,0.2970130946162623,0.08821677837352879,0.08574029506477142,2020-04-29,Woy Woy New South Wales AUSTRALIA,Woy Woy,New South Wales,AUSTRALIA,-33.49,151.32
2812,2020-04-29|Woy Woy on the Brisbane Waters New South Wales AUSTRALIA,0.5993415562796577,-0.41034717708299295,0.04950688670270389,0.05657493197743546,0.2970130946162623,0.08821677837352879,0.08574029506477142,2020-04-29,Woy Woy on the Brisbane Waters New South Wales AUSTRALIA,Woy Woy on the Brisbane Waters,New South Wales,AUSTRALIA,-33.49,151.32
2813,2020-04-29|Wreck Point Abrolhos Islands Western Australia AUSTRALIA,0.2852705193241846,-0.23034623411902785,0.019813300316809952,-0.012593139972399938,0.18267630989506015,0.033370634196876046,0.04716682039801287,2020-04-29,Wreck Point Abrolhos Islands Western Australia AUSTRALIA,Wreck Point,Western Australia,AUSTRALIA,-28.3001002,113.59516979999998
2814,2020-04-29|Wreck of paddle steamer Koputai 6 km off Bondi Beach New South Wales AUSTRALIA,0.593305281852794,-0.41129474653631337,0.04746883034076673,0.05398192948009839,0.29510338054333096,0.087086005208102,0.08518900809773036,2020-04-29,Wreck of paddle steamer Koputai 6 km off Bondi Beach New South Wales AUSTRALIA,Wreck of paddle steamer,New South Wales,AUSTRALIA,-33.8914755,151.2766845
2815,2020-04-29|Wrights Bay South Australia AUSTRALIA,0.3854805301951215,-0.39029873947838545,0.021271953701653565,0.03212440855694897,0.256544410722228,0.0658150346728152,0.077351050220769,2020-04-29,Wrights Bay South Australia AUSTRALIA,Wrights Bay,South Australia,AUSTRALIA,-37.033055600000004,139.7411111
2816,2020-04-29|Wurtulla Queensland AUSTRALIA,0.6517376608983244,-0.3662453967859808,0.03948922559239095,-0.007624972353502585,0.31742054789174806,0.10075580422389752,0.09570589619145137,2020-04-29,Wurtulla Queensland AUSTRALIA,Wurtulla,Queensland,AUSTRALIA,-26.756999999999998,153.126
2817,2020-04-29|Wyargine Point Edwards Beach Balmoral Beach Sydney New South Wales AUSTRALIA,0.5946756841448135,-0.41094652391698056,0.04781392844406135,0.05439086667427194,0.2955030798570618,0.08732207020500905,0.08530439135091906,2020-04-29,Wyargine Point Edwards Beach Balmoral Beach Sydney New South Wales AUSTRALIA,Wyargine Point,New South Wales,AUSTRALIA,-33.8200713,151.2505994
2818,2020-04-29|Wynnum-Manley Queensland AUSTRALIA,0.8666612124467611,-0.5441198908203528,0.01218283526967256,0.05502683419014507,0.4290760565684805,0.1841062623203579,0.12937129874208714,2020-04-29,Wynnum-Manley Queensland AUSTRALIA,Wynnum-Manley,Queensland,AUSTRALIA,-27.45,153.183333
2819,2020-04-29|Wynyard Tasmania AUSTRALIA,1.213995059245173,-1.3068818394887536,0.33261713536354226,0.5798228769186027,0.8570632087208341,0.734557343742852,0.247412837133749,2020-04-29,Wynyard Tasmania AUSTRALIA,Wynyard,Tasmania,AUSTRALIA,-41.0,145.7166671
2820,2020-04-29|Yallingup Western Australia AUSTRALIA,0.29675723446981345,-0.23602392907399183,0.03201091779763864,0.03348809627515437,0.19744154510559875,0.03898316373368618,0.05699646460796654,2020-04-29,Yallingup Western Australia AUSTRALIA,Yallingup,Western Australia,AUSTRALIA,-33.6726029,115.0308297
2821,2020-04-29|Yandaran Beach Queensland AUSTRALIA,0.8459660713432686,-0.5551384547520373,0.0014648778672673648,-0.0463084291257918,0.41960721610772744,0.17607021580967708,0.12651633592317313,2020-04-29,Yandaran Beach Queensland AUSTRALIA,Yandaran Beach,Queensland,AUSTRALIA,-24.608613199999997,152.13039619999998
2822,2020-04-29|Yeppoon Queensland AUSTRALIA,1.4105265451127036,-0.9521354821650334,0.1186485231695047,-0.04009607288961056,0.789472391989963,0.6232666577143539,0.21896024537561676,2020-04-29,Yeppoon Queensland AUSTRALIA,Yeppoon,Queensland,AUSTRALIA,-23.133333,150.73333300000002
2823,2020-04-29|Yeppoon near Ross Creek Queensland AUSTRALIA,1.4105266324313157,-0.9521368757489838,0.11864965818224503,-0.04009411671487784,0.7894740784089876,0.6232693204797204,0.2189607131040987,2020-04-29,Yeppoon near Ross Creek Queensland AUSTRALIA,Yeppoon,Queensland,AUSTRALIA,-23.153185999999998,150.74771280000002
2824,2020-04-29|Yorkey’s Knob Beach near Cairns Queensland AUSTRALIA,0.4843263932770956,-0.3047311786620304,0.06453969884766743,-0.042233905305822134,0.33480880028342425,0.11209693274722586,0.12654583175797604,2020-04-29,Yorkey’s Knob Beach near Cairns Queensland AUSTRALIA,Yorkey’s Knob Beach near Cairns,Queensland,AUSTRALIA,-16.8182895,145.7326612
2825,2020-04-29|near Schouten Island Tasmania AUSTRALIA,0.3966032116987918,-0.43608112139199023,0.034019635755050015,0.08808451296573845,0.25325992817048004,0.06414059121691672,0.07310984385208598,2020-04-29,near Schouten Island Tasmania AUSTRALIA,near Schouten Island,Tasmania,AUSTRALIA,-42.317857000000004,148.281927
2826,2020-04-30|1 km off Blacks Beach Queensland AUSTRALIA,1.4793288531451787,-1.0817533929219925,0.15370033371092925,0.18211095927066245,0.8041908265024279,0.646722885430658,0.24247265739585006,2020-04-30,1 km off Blacks Beach Queensland AUSTRALIA,1 km off Black's Beach,Queensland,AUSTRALIA,-21.062778,149.1875
2827,2020-04-30|10 miles off Nambucca Heads onboard trawler New South Wales AUSTRALIA,0.6034778587731766,-0.3866012676422899,0.04817147078045048,0.03443801876979544,0.31664394280613106,0.1002633865158124,0.09140723280819212,2020-04-30,10 miles off Nambucca Heads onboard trawler New South Wales AUSTRALIA,10 miles off Nambucca Heads onboard trawler,New South Wales,AUSTRALIA,-30.6419702,152.9978834
2828,2020-04-30|15 km north of Lancelin north of Perth Western Australia AUSTRALIA,0.24054070503191263,-0.23182587003283617,0.013103725272556634,0.020331198231116614,0.17475027740781376,0.030537659454107868,0.04846700658426376,2020-04-30,15 km north of Lancelin north of Perth Western Australia AUSTRALIA,15 km north of Lancelin,Western Australia,AUSTRALIA,-31.045409799999998,115.35327749999999
2829,2020-04-30|15 miles off shore New South Wales AUSTRALIA,0.568025275918398,-0.4230454102244198,0.04654783519547535,0.03817150432184743,0.3087113634073441,0.09530270589682127,0.08911729438256326,2020-04-30,15 miles off shore New South Wales AUSTRALIA,1.5 miles off shore,New South Wales,AUSTRALIA,-31.2532183,146.921099
2830,2020-04-30|15 miles up the Cataract River New South Wales AUSTRALIA,0.5597914729497552,-0.4274910727243086,0.0429244774795605,0.03365919899781385,0.3066467654552489,0.09403223876416643,0.08852129629085799,2020-04-30,15 miles up the Cataract River New South Wales AUSTRALIA,15 miles up the Cataract River,New South Wales,AUSTRALIA,-34.229766399999995,150.7616844
2831,2020-04-30|150 yards from the pier at Lorne Victoria AUSTRALIA,0.8988728166779604,-0.8130836625482499,0.18535497394793662,0.32989437821162293,0.5220270876839046,0.272512280275739,0.1447842639865734,2020-04-30,150 yards from the pier at Lorne Victoria AUSTRALIA,150 yards from the pier at Lorne,Victoria,AUSTRALIA,-38.5366556,143.97154840000002
2832,2020-04-30|18 km west of Bunbury Western Australia AUSTRALIA,0.27601495218325917,-0.24840220006826857,0.0013069495262937557,-0.0018737107736457315,0.1866611576288145,0.03484238776732913,0.053884434802121614,2020-04-30,18 km west of Bunbury Western Australia AUSTRALIA,18 km west of Bunbury,Western Australia,AUSTRALIA,-33.3209971,115.63834820000001
2833,2020-04-30|18 miles south of Port Augusta South Australia AUSTRALIA,0.9517143367045879,-0.8541786089955936,-0.03414098893631587,-0.09188623605955984,0.5493527782517555,0.30178847497292255,0.1523630469465618,2020-04-30,18 miles south of Port Augusta South Australia AUSTRALIA,18 miles south of Port Augusta,South Australia,AUSTRALIA,-32.495233899999995,137.78943940000002
2834,2020-04-30|20 k off The Spit off the Gold Coast Queensland AUSTRALIA,0.6239488068846637,-0.3616927871978817,0.035709163409242135,0.015666814709110546,0.33691054781528923,0.11350871722919828,0.10158235227421877,2020-04-30,20 k off The Spit off the Gold Coast Queensland AUSTRALIA,20 k off The Spit,Queensland,AUSTRALIA,-27.9352516,153.43347680000002
2835,2020-04-30|20 miles off Sydney New South Wales AUSTRALIA,0.564205167382753,-0.4230915020147429,0.045190181493181096,0.036435549585623575,0.30730837408970524,0.09443843678565823,0.08871228625245878,2020-04-30,20 miles off Sydney New South Wales AUSTRALIA,20 miles off Sydney,New South Wales,AUSTRALIA,-33.8688197,151.2092955
2836,2020-04-30|200 km east of Coolangatta Queensland AUSTRALIA,0.620209231897657,-0.36308862242697565,0.037963394192982496,0.019424756023504092,0.33524859405644875,0.11239161981682558,0.10108125436176471,2020-04-30,200 km east of Coolangatta Queensland AUSTRALIA,200 km east of Coolangatta,Queensland,AUSTRALIA,-28.166666999999997,153.533333
2837,2020-04-30|200 miles offshore Queensland AUSTRALIA,1.4683053822910344,-1.1928457416463731,0.20002706975155374,0.23212167014512172,1.0367234716080937,1.0747955565831377,0.29927628770406817,2020-04-30,200 miles offshore Queensland AUSTRALIA,200 miles offshore,Queensland,AUSTRALIA,-20.9175738,142.7027956
2838,2020-04-30|26 nautical miles out to sea off Lake Macquarie New South Wales AUSTRALIA,0.6022952659262816,-0.39852559155664175,0.048613384504508084,0.036283011059582856,0.3173894757942743,0.10073607934496422,0.09162244964388924,2020-04-30,26 nautical miles out to sea off Lake Macquarie New South Wales AUSTRALIA,26 nautical miles out to sea off Lake Macquarie,New South Wales,AUSTRALIA,-31.433333,152.9
2839,2020-04-30|3 km off Port Victoria Yorke Peninsula South Australia AUSTRALIA,0.46797836064697523,-0.379985452626402,0.06210079945959111,0.08008348157963889,0.32814580995468356,0.10767967259081529,0.10938193665156119,2020-04-30,3 km off Port Victoria Yorke Peninsula South Australia AUSTRALIA,3 km off Port Victoria,South Australia,AUSTRALIA,-34.496666999999995,137.48333300000002
2840,2020-04-30|3 km west of Rottnest Island Western Australia AUSTRALIA,0.2404679379962392,-0.23250917152868922,0.012843675691781187,0.02170077933342407,0.17665810584231798,0.031208086359795616,0.048996142987755543,2020-04-30,3 km west of Rottnest Island Western Australia AUSTRALIA,3 km west of Rottnest Island,Western Australia,AUSTRALIA,-32.0063677,115.5073002
2841,2020-04-30|3 miles out to sea off Glenelg South Australia AUSTRALIA,0.7706960055184939,-0.4731196607673727,0.061366143126683065,0.011583318389831194,0.4250667667332564,0.18068175618106458,0.12270620609850473,2020-04-30,3 miles out to sea off Glenelg South Australia AUSTRALIA,3 miles out to sea off Glenelg,South Australia,AUSTRALIA,-34.982,138.516
2842,2020-04-30|5 miles south of Sussex Inlet at mouth of Berara Lake New South Wales AUSTRALIA,0.5447711677829645,-0.4357106127007039,0.03884881717923437,0.02953446766120313,0.3030319468415993,0.09182836080660985,0.08747778804102686,2020-04-30,5 miles south of Sussex Inlet at mouth of Berara Lake New South Wales AUSTRALIA,5 miles south of Sussex Inlet at mouth of Berara Lake,New South Wales,AUSTRALIA,-35.206926200000005,150.5515985
2843,2020-04-30|5 nm off Cervantes Western Australia AUSTRALIA,1.0310912644272456,-1.1037230918410386,0.08007019420230241,0.05416248037973539,0.6814554129736871,0.46438147987113837,0.19671923306054293,2020-04-30,5 nm off Cervantes Western Australia AUSTRALIA,5 nm off Cervantes,Western Australia,AUSTRALIA,34.5199402,-105.87009009999998
2844,2020-04-30|50 km east of Townsville Queensland AUSTRALIA,0.7391404247763735,-0.4597772541119556,0.07916472960431246,-0.015001256790575866,0.42278295629574014,0.17874542813416572,0.12204692681306568,2020-04-30,50 km east of Townsville Queensland AUSTRALIA,50 km east of Townsville,Queensland,AUSTRALIA,-19.2589635,146.8169483
2845,2020-04-30|55 miles south of Adelaide South Australia AUSTRALIA,0.77070219355976,-0.4731222538050645,0.0613663904251048,0.011579741442282066,0.42506967147417024,0.18068422560715902,0.122707044624979,2020-04-30,55 miles south of Adelaide South Australia AUSTRALIA,55 miles south of Adelaide,South Australia,AUSTRALIA,-34.9284989,138.6007456
2846,2020-04-30|6 km off Collendina south of Melbourne Victoria AUSTRALIA,0.485586797712524,-0.5537002399306968,0.02880016065202606,0.06635698137881808,0.34247502053544,0.11728913969075004,0.09886402264842944,2020-04-30,6 km off Collendina south of Melbourne Victoria AUSTRALIA,6 km off Collendina,Victoria,AUSTRALIA,-37.835,144.96
2847,2020-04-30|7 Mile Beach Gerroa New South Wales AUSTRALIA,0.5563770516500742,-0.43133386879383023,0.04206566925469817,0.03300549860818868,0.30621073591801135,0.09376501479145008,0.08839542540550864,2020-04-30,7 Mile Beach Gerroa New South Wales AUSTRALIA,7 Mile Beach,New South Wales,AUSTRALIA,-34.7699,150.813133
2848,2020-04-30|7 km off Trigg surf beach Perth Western Australia AUSTRALIA,0.2428490594212597,-0.218378637152674,0.03160687802727802,0.04705323599694241,0.1690994396721967,0.028594620497450894,0.04881480350727883,2020-04-30,7 km off Trigg surf beach Perth Western Australia AUSTRALIA,7 km off Trigg surf beach,Western Australia,AUSTRALIA,-31.8744999,115.7531233
2849,2020-04-30|A pearl farm in Roebuck Bay Western Australia AUSTRALIA,2.1818165798402167,-1.7257980297497144,0.43101672485173376,0.8769199865122174,1.4804029566033738,2.1915929139200108,0.4463582859623799,2020-04-30,A pearl farm in Roebuck Bay Western Australia AUSTRALIA,A pearl farm in Roebuck Bay,Western Australia,AUSTRALIA,-18.0858333,122.28305559999998
2850,2020-04-30|Adelaide South Australia AUSTRALIA,0.77070219355976,-0.4731222538050645,0.0613663904251048,0.011579741442282066,0.42506967147417024,0.18068422560715902,0.122707044624979,2020-04-30,Adelaide South Australia AUSTRALIA,Adelaide,South Australia,AUSTRALIA,-34.9284989,138.6007456
2851,2020-04-30|African Reef off Geraldton Western Australia AUSTRALIA,0.273792834016297,-0.2592776591641575,0.02709163400507521,0.019079945865524802,0.18361678734422698,0.03371512459461507,0.04907365062158763,2020-04-30,African Reef off Geraldton Western Australia AUSTRALIA,African Reef off Geraldton,Western Australia,AUSTRALIA,-28.802443,114.61852209999999
2852,2020-04-30|Albany Western Australia AUSTRALIA,0.2516098647248092,-0.2525250359118234,0.03642362028601554,0.07124710956508955,0.188985814635937,0.03571563813360874,0.056981367077005365,2020-04-30,Albany Western Australia AUSTRALIA,Albany,Western Australia,AUSTRALIA,-35.0269344,117.8837206
2853,2020-04-30|Albany incident took place 200 metres from swimmers Western Australia AUSTRALIA,0.2516098647248092,-0.2525250359118234,0.03642362028601554,0.07124710956508955,0.188985814635937,0.03571563813360874,0.056981367077005365,2020-04-30,Albany incident took place 200 metres from swimmers Western Australia AUSTRALIA,Albany (incident took place 200 metres from swimmers),Western Australia,AUSTRALIA,-35.0269344,117.8837206
2854,2020-04-30|Albert Park in Port Phillip Bay Victoria AUSTRALIA,0.4855873320634724,-0.5536996217002469,0.028798978721631924,0.06634337820737239,0.34247420618720953,0.1172885819035593,0.09886378756634441,2020-04-30,Albert Park in Port Phillip Bay Victoria AUSTRALIA,Albert Park in Port Phillip Bay,Victoria,AUSTRALIA,-37.8438609,144.95145359999998
2855,2020-04-30|Aldinga Beach South Australia AUSTRALIA,0.7242490868128694,-0.4269052523264425,0.05812653443614373,-0.005191958973692869,0.392672106459611,0.15419138319142806,0.1133546731838569,2020-04-30,Aldinga Beach South Australia AUSTRALIA,Aldinga Beach,South Australia,AUSTRALIA,-35.281,138.454
2856,2020-04-30|Alexandra Headland near Mooloolaba Queensland AUSTRALIA,0.6231499029046075,-0.3556326206349425,0.025315587398965597,-0.02995656625673815,0.3380430206164969,0.11427308378752535,0.10192380567120865,2020-04-30,Alexandra Headland near Mooloolaba Queensland AUSTRALIA,Alexandra Headland near Mooloolaba,Queensland,AUSTRALIA,-26.673000000000002,153.101
2857,2020-04-30|Alma Bay Magnetic Island Townsville Queensland AUSTRALIA,0.7413797927699153,-0.46104489823402306,0.08272847292345407,-0.010728060113786249,0.42376753539507633,0.17957892405481726,0.1223311503170858,2020-04-30,Alma Bay Magnetic Island Townsville Queensland AUSTRALIA,Alma Bay,Queensland,AUSTRALIA,-19.148322,146.868517
2858,2020-04-30|Altona Melbourne Victoria AUSTRALIA,0.4829211281021098,-0.5496789938725575,0.02985047359926252,0.06775237946471967,0.34032709525113947,0.11582253176207814,0.09824397002788439,2020-04-30,Altona Melbourne Victoria AUSTRALIA,Altona,Victoria,AUSTRALIA,-37.863151200000004,144.81202180000002
2859,2020-04-30|Amity Point North Stradbroke Island Queensland AUSTRALIA,0.8287994674244422,-0.5241450391792275,0.03920802706182039,0.06277080167252141,0.4466837759023196,0.19952639565435368,0.13468022587338083,2020-04-30,Amity Point North Stradbroke Island Queensland AUSTRALIA,Amity Point,Queensland,AUSTRALIA,-27.397250800000002,153.45375990000002
2860,2020-04-30|Anglesea Victoria AUSTRALIA,0.9573316036048217,-0.8834811795964548,0.1816607393218676,0.32081007674743617,0.5642109703468499,0.31833401905973385,0.15648396798191228,2020-04-30,Anglesea Victoria AUSTRALIA,Anglesea,Victoria,AUSTRALIA,-38.4096639,144.18251709999998
2861,2020-04-30|Angourie New South Wales AUSTRALIA,0.6166182181630205,-0.38784079732287474,0.04669160113520898,0.03115472861591331,0.3224815702897229,0.10399436317652548,0.09309241070773237,2020-04-30,Angourie New South Wales AUSTRALIA,Angourie,New South Wales,AUSTRALIA,-29.479166999999997,153.359444
2862,2020-04-30|Angourie near Yamba New South Wales AUSTRALIA,0.6166334967692023,-0.38783950111399557,0.04669559265737985,0.031156820374444064,0.32248562767787736,0.10399698005879456,0.09309358197480397,2020-04-30,Angourie near Yamba New South Wales AUSTRALIA,Angourie,New South Wales,AUSTRALIA,-29.479166999999997,153.359444
2863,2020-04-30|Arakoons Little Bay New South Wales AUSTRALIA,0.56278299183493,-0.4238552758791384,0.04421058341000276,0.03508494497845295,0.306954755283964,0.09422122179143821,0.08861020529611616,2020-04-30,Arakoons Little Bay New South Wales AUSTRALIA,Arakoon's Little Bay,New South Wales,AUSTRALIA,-33.980540000000005,151.24301
2864,2020-04-30|Archies Beach Queensland AUSTRALIA,1.4683413221652493,-1.1927219101058009,0.2000426774230253,0.2321242718485695,1.0367283126686335,1.074805594288752,0.29927768519787107,2020-04-30,Archies Beach Queensland AUSTRALIA,Archie's Beach,Queensland,AUSTRALIA,-20.9175738,142.7027956
2865,2020-04-30|Ardrossan South Australia AUSTRALIA,0.8825393062215562,-0.7289073754339641,0.023160900858768815,0.012381541891868216,0.5300845392977651,0.28098961880252393,0.14701899898221524,2020-04-30,Ardrossan South Australia AUSTRALIA,Ardrossan,South Australia,AUSTRALIA,-34.419107399999994,137.91780119999999
2866,2020-04-30|Arlington Reef near Cairns Queensland AUSTRALIA,0.615818366110395,-0.3141860285904653,0.10113553234701514,0.02021793542888222,0.36836381111358524,0.1356918973381251,0.11648686506989751,2020-04-30,Arlington Reef near Cairns Queensland AUSTRALIA,Arlington Reef near Cairns,Queensland,AUSTRALIA,-16.688272899999998,146.0357725
2867,2020-04-30|Arrawarra Headland New South Wales AUSTRALIA,0.6069212163719805,-0.3855214456487947,0.04710913843324333,0.03238561319365075,0.31831108992948876,0.10132194997209906,0.09188849672841676,2020-04-30,Arrawarra Headland New South Wales AUSTRALIA,Arrawarra Headland,New South Wales,AUSTRALIA,-30.068610999999997,153.195278
2868,2020-04-30|At Flat Top near Mackay Queensland AUSTRALIA,1.5204011647742222,-1.1216342774217833,0.1518535771949361,0.161218598911244,0.8321490206973493,0.6924719926475574,0.25090237011952704,2020-04-30,At Flat Top near Mackay Queensland AUSTRALIA,At Flat Top,Queensland,AUSTRALIA,-21.162427899999997,149.24560830000001
2869,2020-04-30|Auckland Creek Gladstone Queensland AUSTRALIA,0.94468327269463,-0.6322456022731848,-0.004093212361636187,-0.024346403659048946,0.5193723241013176,0.26974761104240413,0.1565966477762663,2020-04-30,Auckland Creek Gladstone Queensland AUSTRALIA,Auckland Creek,Queensland,AUSTRALIA,-23.875737899999997,151.24061310000002
2870,2020-04-30|Austinmer New South Wales AUSTRALIA,0.5604123702385493,-0.4271877534058327,0.04303723167336542,0.033738508912769895,0.3067828716153454,0.09411573031655748,0.08856058675494304,2020-04-30,Austinmer New South Wales AUSTRALIA,Austinmer,New South Wales,AUSTRALIA,-34.306311,150.93451000000002
2871,2020-04-30|Avalon Beach New South Wales AUSTRALIA,0.5680239548635445,-0.42304399344327903,0.04655134419918417,0.03818101523996549,0.3087115932413541,0.09530284780161526,0.08911736072992703,2020-04-30,Avalon Beach New South Wales AUSTRALIA,Avalon Beach,New South Wales,AUSTRALIA,-33.6302836,151.3297698
2872,2020-04-30|Avalon Beach near Mandurah 50 miles south of Perth Western Australia AUSTRALIA,0.2477900681750465,-0.21999573940887093,0.016991853212733096,0.028062107337687946,0.16426934659767767,0.026984418231627956,0.049529071565576475,2020-04-30,Avalon Beach near Mandurah 50 miles south of Perth Western Australia AUSTRALIA,Avalon Beach,Western Australia,AUSTRALIA,-32.5933864,115.6364088
2873,2020-04-30|Avalon New South Wales AUSTRALIA,0.5680107544038523,-0.42304753499231273,0.04654407596804514,0.038169907934712075,0.3087075676459695,0.09530036232189086,0.08911619864063756,2020-04-30,Avalon New South Wales AUSTRALIA,Avalon,New South Wales,AUSTRALIA,-33.6302836,151.3297698
2874,2020-04-30|Avalon Point Manurah Western Australia AUSTRALIA,0.2485015765801196,-0.22027229145087066,0.01754290554156832,0.029052678094601193,0.16426789262756195,0.026983940548300216,0.049528633177091906,2020-04-30,Avalon Point Manurah Western Australia AUSTRALIA,Avalon Point,Western Australia,AUSTRALIA,-32.5947053,115.6329821
2875,2020-04-30|Avoca Beach New South Wales AUSTRALIA,0.5717667568971305,-0.42163077441787467,0.04727855751073797,0.03882016584476572,0.3097649018911257,0.09595429444361875,0.08942142474616972,2020-04-30,Avoca Beach New South Wales AUSTRALIA,Avoca Beach,New South Wales,AUSTRALIA,-33.465,151.435
2876,2020-04-30|Backbeach Halls Head Western Australia AUSTRALIA,0.2484344026990873,-0.2206627636682702,0.016145321313868158,0.027133392017705222,0.164524477502501,0.02706830369747095,0.04960599642773309,2020-04-30,Backbeach Halls Head Western Australia AUSTRALIA,Backbeach,Western Australia,AUSTRALIA,-32.5293276,115.6941929
2877,2020-04-30|Badger Head Tasmania AUSTRALIA,1.2634847870509613,-1.1479028391849193,0.3207116857691743,0.5236451098183735,0.822006063112647,0.6756939677939531,0.24784415334016824,2020-04-30,Badger Head Tasmania AUSTRALIA,Badger Head,Tasmania,AUSTRALIA,-41.1291591,146.731436
2878,2020-04-30|Bald Island Western Australia AUSTRALIA,0.2526879243868127,-0.2531643667910168,0.030468545381987643,0.06014984697604501,0.19085594437458192,0.03642599150311351,0.057545232409039054,2020-04-30,Bald Island Western Australia AUSTRALIA,Bald Island,Western Australia,AUSTRALIA,-34.9233188,118.46887759999998
2879,2020-04-30|Balmain Sydney Estuary New South Wales AUSTRALIA,0.564205167382753,-0.4230915020147429,0.045190181493181096,0.036435549585623575,0.30730837408970524,0.09443843678565823,0.08871228625245878,2020-04-30,Balmain Sydney Estuary New South Wales AUSTRALIA,Balmain,New South Wales,AUSTRALIA,-33.85895,151.17906000000002
2880,2020-04-30|Bantry Bay near Ironstone Point Middle Harbor Sydney New South Wales AUSTRALIA,0.5656121702426242,-0.4229312158969277,0.04549392508648371,0.036765418059460965,0.3077602028876661,0.0947163424814574,0.08884271799152393,2020-04-30,Bantry Bay near Ironstone Point Middle Harbor Sydney New South Wales AUSTRALIA,Bantry Bay,New South Wales,AUSTRALIA,-33.7806576,151.2151164
2881,2020-04-30|Bar Beach Newcastle New South Wales AUSTRALIA,0.5793511464104716,-0.4177596576064149,0.048262833902449925,0.03914338163222096,0.3119703028458453,0.09732546985772843,0.09005806916360894,2020-04-30,Bar Beach Newcastle New South Wales AUSTRALIA,Bar Beach,New South Wales,AUSTRALIA,-32.94,151.767778
2882,2020-04-30|Bargara Queensland AUSTRALIA,0.8388888970718782,-0.5141971165134421,0.031110666267225348,0.046896400215062375,0.45103904210306545,0.20343621750125082,0.1359933880415618,2020-04-30,Bargara Queensland AUSTRALIA,Bargara,Queensland,AUSTRALIA,-24.8312314,152.4592208
2883,2020-04-30|Barren Joey Island Tasmania AUSTRALIA,1.241177876029054,-1.0888244379438812,0.3422236217385927,0.534860131697118,0.7924579997092706,0.6279896813032182,0.2389350770137472,2020-04-30,Barren Joey Island Tasmania AUSTRALIA,Barren Joey Island,Tasmania,AUSTRALIA,-40.94228579999999,146.98485580000002
2884,2020-04-30|Barrier Reef Queensland AUSTRALIA,0.6194046092075902,-0.38166115648123533,0.049760411999311936,-0.12161605522069144,0.3870954700418298,0.14984290292690516,0.11174483691536759,2020-04-30,Barrier Reef Queensland AUSTRALIA,Barrier Reef,Queensland,AUSTRALIA,-18.2870668,147.6991918
2885,2020-04-30|Barrier Reef off Mackay Queensland AUSTRALIA,1.5017031184936056,-1.1084816369738457,0.14604421171518073,0.16099451239210835,0.8211776680453243,0.6743327624963569,0.24759438282957819,2020-04-30,Barrier Reef off Mackay Queensland AUSTRALIA,Barrier Reef off Mackay,Queensland,AUSTRALIA,-21.1424956,149.1821469
2886,2020-04-30|Barrow Passage Western Australia AUSTRALIA,0.7015088064153152,-0.5676511075727276,0.1174245797361209,0.16869001431476574,0.40147513570351007,0.16118228458815181,0.12104930798050544,2020-04-30,Barrow Passage Western Australia AUSTRALIA,Barrow Passage,Western Australia,AUSTRALIA,-20.780434200000002,115.4022706
2887,2020-04-30|Barrow Point 100 miles north of Cooktown Queensland Queensland AUSTRALIA,0.6004994435702649,-0.3279023615812776,0.08174017308848637,0.0031928876377075796,0.36173162515928814,0.13084976864037973,0.11438958372176189,2020-04-30,Barrow Point 100 miles north of Cooktown Queensland Queensland AUSTRALIA,Barrow Point,Queensland,AUSTRALIA,-15.4758164,145.2470981
2888,2020-04-30|Bass Point New South Wales AUSTRALIA,0.5569740099488792,-0.42988062946930966,0.04261532304823459,0.03371426151298292,0.3061384644878782,0.09372075943899584,0.08837456244068759,2020-04-30,Bass Point New South Wales AUSTRALIA,Bass Point,New South Wales,AUSTRALIA,-34.5959607,150.9018394
2889,2020-04-30|Batemans Bay New South Wales AUSTRALIA,0.540730011651857,-0.43876544830915476,0.03789279185611003,0.028672084598992273,0.3023987160629998,0.09144498347655078,0.08729499006078507,2020-04-30,Batemans Bay New South Wales AUSTRALIA,Bateman's Bay,New South Wales,AUSTRALIA,-35.7143871,150.1794707
2890,2020-04-30|Bathurst Reef Rottnest Island Western Australia AUSTRALIA,0.24064829273355945,-0.2162949729177682,0.03279450725543611,0.049223684940950946,0.16782120960184785,0.028163958392227347,0.04844581026967774,2020-04-30,Bathurst Reef Rottnest Island Western Australia AUSTRALIA,Bathurst Reef,Western Australia,AUSTRALIA,-31.989356899999997,115.5407453
2891,2020-04-30|Batt Reef Queensland AUSTRALIA,0.6233914683394824,-0.3289974287681198,0.0972765388841724,0.019584302818675237,0.37236060957731565,0.1386524235647901,0.11775076371930251,2020-04-30,Batt Reef Queensland AUSTRALIA,Batt Reef,Queensland,AUSTRALIA,-16.415952800000003,145.7710071
2892,2020-04-30|Beechford Tasmania AUSTRALIA,1.25362245357728,-1.1122833170627588,0.33741917908204294,0.5352323256098965,0.805240120551286,0.6484116517454496,0.24278903145537872,2020-04-30,Beechford Tasmania AUSTRALIA,Beechford,Tasmania,AUSTRALIA,-41.042725299999994,146.9720846
2893,2020-04-30|Beecroft Head New South Wales AUSTRALIA,0.5524580438874798,-0.43231544944127676,0.04090311871944934,0.031663027241266836,0.3049089343795425,0.09296945826446813,0.0880196276711754,2020-04-30,Beecroft Head New South Wales AUSTRALIA,Beecroft Head,New South Wales,AUSTRALIA,-35.0135426,150.84937340000002
2894,2020-04-30|Belfast now Port Fairy South Australia AUSTRALIA,0.3133671339743958,-0.41395228356267877,-0.0001595303524781968,0.07268967440523402,0.24083150366076028,0.05799981315550279,0.07261343048544043,2020-04-30,Belfast now Port Fairy South Australia AUSTRALIA,Belfast (now Port Fairy),South Australia,AUSTRALIA,-38.3860016,142.2356621
2895,2020-04-30|Bellambi New South Wales AUSTRALIA,0.5597914729497552,-0.4274910727243086,0.0429244774795605,0.03365919899781385,0.3066467654552489,0.09403223876416643,0.08852129629085799,2020-04-30,Bellambi New South Wales AUSTRALIA,Bellambi,New South Wales,AUSTRALIA,-34.366667,150.916667
2896,2020-04-30|Bellambi Reef New South Wales AUSTRALIA,0.5597914729497552,-0.4274910727243086,0.0429244774795605,0.03365919899781385,0.3066467654552489,0.09403223876416643,0.08852129629085799,2020-04-30,Bellambi Reef New South Wales AUSTRALIA,Bellambi Reef,New South Wales,AUSTRALIA,-34.373611100000005,150.93472219999998
2897,2020-04-30|Bellingen New South Wales AUSTRALIA,0.6032219131873037,-0.38565169255723925,0.04788660026424557,0.033954124632746926,0.3164707058182547,0.1001537076411043,0.09135722359740012,2020-04-30,Bellingen New South Wales AUSTRALIA,Bellingen,New South Wales,AUSTRALIA,-30.4522423,152.8979566
2898,2020-04-30|Bellinger Head New South Wales AUSTRALIA,0.6032083654812571,-0.3856539949179598,0.04787998182715789,0.03394532817423862,0.3164667271414375,0.10015118938761303,0.0913560750523344,2020-04-30,Bellinger Head New South Wales AUSTRALIA,Bellinger Head,New South Wales,AUSTRALIA,-30.502025699999997,153.02505980000004
2899,2020-04-30|Bells Beach Victoria AUSTRALIA,0.9882014765458779,-0.9220552758360772,0.2343231929019133,0.3316592796789439,0.5756255048544537,0.33134472183894476,0.16616877009006656,2020-04-30,Bells Beach Victoria AUSTRALIA,Bells Beach,Victoria,AUSTRALIA,-38.366944000000004,144.284722
2900,2020-04-30|Bellynahinch on the Manning River New South Wales AUSTRALIA,0.5974607284646106,-0.40903047126020275,0.04909323292544529,0.03819916025983421,0.31722752137824767,0.10063330031978657,0.09157569743104453,2020-04-30,Bellynahinch on the Manning River New South Wales AUSTRALIA,"""Bellynahinch"" on the Manning River",New South Wales,AUSTRALIA,-31.8518472,152.10067469999998
2901,2020-04-30|Belongil Bay New South Wales AUSTRALIA,0.6168603946493023,-0.36385016742117204,0.038747455861366686,0.017296297458896027,0.3337289944349341,0.11137504172655228,0.10062307783666197,2020-04-30,Belongil Bay New South Wales AUSTRALIA,Belongil Bay,New South Wales,AUSTRALIA,-28.633732799999997,153.6003455
2902,2020-04-30|Belongil Beach Byron Bay New South Wales AUSTRALIA,0.6168603946493023,-0.36385016742117204,0.038747455861366686,0.017296297458896027,0.3337289944349341,0.11137504172655228,0.10062307783666197,2020-04-30,Belongil Beach Byron Bay New South Wales AUSTRALIA,Belongil Beach,New South Wales,AUSTRALIA,-28.633732799999997,153.6003455
2903,2020-04-30|Bermagui New South Wales AUSTRALIA,0.5367949332525401,-0.4420058375108954,0.03582224726428838,0.026116272668446117,0.3015863512971279,0.09095432728871464,0.08706048055265693,2020-04-30,Bermagui New South Wales AUSTRALIA,Bermagui,New South Wales,AUSTRALIA,-36.4433701,150.061362
2904,2020-04-30|Bernier Island Shark Bay Western Australia AUSTRALIA,0.38602444147124926,-0.3712907585244124,0.03100325228305501,0.006429830818921307,0.23119418446842332,0.05345075093201935,0.06178924486396096,2020-04-30,Bernier Island Shark Bay Western Australia AUSTRALIA,Bernier Island,Western Australia,AUSTRALIA,-24.8504267,113.1381998
2905,2020-04-30|Berrys Bay Sydney Harbour New South Wales AUSTRALIA,0.5642202979251207,-0.42309007917905517,0.045193551643736236,0.03643659618790751,0.30731248710826425,0.09444096473266708,0.08871347357864488,2020-04-30,Berrys Bay Sydney Harbour New South Wales AUSTRALIA,Berry's Bay,New South Wales,AUSTRALIA,-33.8462182,151.2488616
2906,2020-04-30|Between Bay Rock & Magnetic Island Cleveland Bay Queensland AUSTRALIA,0.7412351682020416,-0.46155110246983827,0.08211170572767268,-0.012646325377087642,0.424162374826392,0.17991372021836466,0.1224451306430642,2020-04-30,Between Bay Rock & Magnetic Island Cleveland Bay Queensland AUSTRALIA,Between Bay Rock & Magnetic Island,Queensland,AUSTRALIA,-19.2180556,146.9222222
2907,2020-04-30|Between Carnac and Garden Islands Western Australia AUSTRALIA,0.24202327166006948,-0.21881114267823398,0.013134644887075176,0.020832417397624294,0.16352245945737837,0.026739594746989954,0.04930387661965699,2020-04-30,Between Carnac and Garden Islands Western Australia AUSTRALIA,Between Carnac and Garden Islands,Western Australia,AUSTRALIA,-32.204325399999995,115.67762739999999
2908,2020-04-30|Between De Grey River and Port Walcott Western Australia AUSTRALIA,1.6942892704902286,-1.61260484787569,0.43052712032272217,0.7202646741441538,1.1327438628542816,1.2831086588340397,0.326994987070908,2020-04-30,Between De Grey River and Port Walcott Western Australia AUSTRALIA,Between De Grey River and Port Walcott,Western Australia,AUSTRALIA,-20.342612,118.6718706
2909,2020-04-30|Between Dee Why and Long Reef New South Wales AUSTRALIA,0.5655976983582274,-0.4229333456939965,0.04549018614840781,0.03676383920820993,0.30775642209035625,0.09471401533785752,0.08884162656935164,2020-04-30,Between Dee Why and Long Reef New South Wales AUSTRALIA,Between Dee Why and Long Reef,New South Wales,AUSTRALIA,-33.746083399999996,151.30407160000001
2910,2020-04-30|Between Port Arthur Penal Colony & Forestier Peninsula Tasmania AUSTRALIA,0.3751476442434174,-0.4591901188751588,0.002024559507358107,0.07479146712238376,0.2531236720525785,0.0640715933533813,0.07307051009891138,2020-04-30,Between Port Arthur Penal Colony & Forestier Peninsula Tasmania AUSTRALIA,Between Port Arthur Penal Colony & Forestier Peninsula,Tasmania,AUSTRALIA,-43.177459999999996,147.8420491
2911,2020-04-30|Between Queensland AUSTRALIA,1.4683413221652493,-1.1927219101058009,0.2000426774230253,0.2321242718485695,1.0367283126686335,1.074805594288752,0.29927768519787107,2020-04-30,Between Queensland AUSTRALIA,Between,Queensland,AUSTRALIA,-20.9175738,142.7027956
2912,2020-04-30|Between Smith’s Rock & Moreton Island Queensland AUSTRALIA,0.7734066762731611,-0.47778973325445756,0.01177342667019888,-0.03157377423923299,0.41338915116059866,0.1708905902972803,0.11933516885132127,2020-04-30,Between Smith’s Rock & Moreton Island Queensland AUSTRALIA,Between Smith’s Rock & Moreton Island,Queensland,AUSTRALIA,-27.178901,153.3730896
2913,2020-04-30|Between Wynnum & St Helena Island Queensland AUSTRALIA,0.8202732921645526,-0.5303044423186988,0.02699050931051045,0.04774413560030916,0.44655816735663073,0.19941419683291264,0.13464235347187972,2020-04-30,Between Wynnum & St Helena Island Queensland AUSTRALIA,Between Wynnum & St. Helena Island,Queensland,AUSTRALIA,-27.391666700000002,153.2327778
2914,2020-04-30|Bherwerre Beach New South Wales AUSTRALIA,0.5458207592944447,-0.43573909789122356,0.03916709289073112,0.02986768950112174,0.3033854935488612,0.09204275769588609,0.08757984818433125,2020-04-30,Bherwerre Beach New South Wales AUSTRALIA,Bherwerre Beach,New South Wales,AUSTRALIA,-35.163734600000005,150.6497392
2915,2020-04-30|Bilgola Beach Sydney New South Wales AUSTRALIA,0.5680100948647956,-0.42304682679828953,0.04654444660473653,0.03817043995359323,0.3087072369539111,0.09530015814771824,0.0891161031780631,2020-04-30,Bilgola Beach Sydney New South Wales AUSTRALIA,Bilgola Beach,New South Wales,AUSTRALIA,-33.6444858,151.3275826
2916,2020-04-30|Binalong Bay Tasmania AUSTRALIA,0.4663778509721213,-0.46079147791654196,0.04083676202392272,0.06511716602507645,0.29381529484418084,0.08632742748437292,0.08858864460598102,2020-04-30,Binalong Bay Tasmania AUSTRALIA,Binalong Bay,Tasmania,AUSTRALIA,-41.249126399999994,148.2928957
2917,2020-04-30|Binningup Western Australia AUSTRALIA,0.27086620629306707,-0.24221183547777372,0.0014809872454474016,-0.0011731267735954412,0.18319119430375014,0.03355901367043434,0.052882742672219596,2020-04-30,Binningup Western Australia AUSTRALIA,Binningup,Western Australia,AUSTRALIA,-33.135769399999994,115.72061599999999
2918,2020-04-30|Birubi Point New South Wales AUSTRALIA,0.5802214528152903,-0.4164790725888136,0.04780939780507094,0.03826539124757954,0.3120488442129332,0.09737448117462746,0.0900807421033243,2020-04-30,Birubi Point New South Wales AUSTRALIA,Birubi Point,New South Wales,AUSTRALIA,-32.7884091,152.08031430000003
2919,2020-04-30|Black Head south of Taree New South Wales AUSTRALIA,0.5974614267638082,-0.4090310703268756,0.049092820542093844,0.03819855489593228,0.3172278480413947,0.10063350757297419,0.09157579173057247,2020-04-30,Black Head south of Taree New South Wales AUSTRALIA,Black Head,New South Wales,AUSTRALIA,-31.8894897,152.4444453
2920,2020-04-30|Black Point Eyre Peninsula South Australia AUSTRALIA,0.8621082372003734,-0.6901426359265157,0.033211416151650006,0.012397007216542077,0.5109341807994269,0.2610537371091814,0.1417076451738094,2020-04-30,Black Point Eyre Peninsula South Australia AUSTRALIA,Black Point,South Australia,AUSTRALIA,-34.6106775,137.8773175
2921,2020-04-30|Black Point South Australia AUSTRALIA,0.8621060164851241,-0.6901424469225682,0.033211236049420674,0.012397971176886916,0.5109332874390731,0.2610528242132985,0.1417073974002276,2020-04-30,Black Point South Australia AUSTRALIA,Black Point,South Australia,AUSTRALIA,-34.6106775,137.8773175
2922,2020-04-30|Black’s Beach 9 miles north of Mackay Queensland AUSTRALIA,1.479327112991592,-1.081751161076484,0.1537087241799328,0.18211172335670392,0.8041888138819833,0.6467196483729112,0.24247205056795368,2020-04-30,Black’s Beach 9 miles north of Mackay Queensland AUSTRALIA,Black’s Beach,Queensland,AUSTRALIA,-21.062778,149.1875
2923,2020-04-30|Blairgowrie Victoria AUSTRALIA,1.0342653718659003,-0.9924522715795121,0.21842935127181187,0.31023739525159744,0.6152242970766842,0.3785009357135003,0.177599956764611,2020-04-30,Blairgowrie Victoria AUSTRALIA,Blairgowrie,Victoria,AUSTRALIA,-38.36,144.769
2924,2020-04-30|Blue Bay New South Wales AUSTRALIA,0.573147239402852,-0.4208417316837354,0.047509607672429004,0.038947156312067334,0.31011352681418997,0.09617039951313532,0.08952206409275841,2020-04-30,Blue Bay New South Wales AUSTRALIA,Blue Bay,New South Wales,AUSTRALIA,-33.353,151.501
2925,2020-04-30|Boarding School Bay Victoria AUSTRALIA,0.4829211281021098,-0.5496789938725575,0.02985047359926252,0.06775237946471967,0.34032709525113947,0.11582253176207814,0.09824397002788439,2020-04-30,Boarding School Bay Victoria AUSTRALIA,Boarding School Bay,Victoria,AUSTRALIA,-37.471307700000004,144.7851531
2926,2020-04-30|Boat Harbour north of Cronulla New South Wales AUSTRALIA,0.5804380716890484,-0.41531754564550605,0.04790080014727475,0.03827662106325949,0.3118758668223779,0.0972665563062096,0.09003080783182388,2020-04-30,Boat Harbour north of Cronulla New South Wales AUSTRALIA,Boat Harbour,New South Wales,AUSTRALIA,-32.7844827,152.110421
2927,2020-04-30|Bombo Beach New South Wales AUSTRALIA,0.5569605362719406,-0.42988440510502157,0.042607986816189915,0.03370303569925054,0.3061344397570507,0.09371829520536329,0.08837340060097425,2020-04-30,Bombo Beach New South Wales AUSTRALIA,Bombo Beach,New South Wales,AUSTRALIA,-34.656041200000004,150.8556659
2928,2020-04-30|Bondi Beach New South Wales AUSTRALIA,0.5642183229812241,-0.42308794455603715,0.04519753772921009,0.036446994186842635,0.3073124158895032,0.09444092095984297,0.08871345301955945,2020-04-30,Bondi Beach New South Wales AUSTRALIA,Bondi Beach,New South Wales,AUSTRALIA,-33.8914755,151.2766845
2929,2020-04-30|Bondi Beach Sydney New South Wales AUSTRALIA,0.5642058247174442,-0.423092213341209,0.04518981703834918,0.03643502644883782,0.307308702833037,0.09443863883692384,0.08871238115248432,2020-04-30,Bondi Beach Sydney New South Wales AUSTRALIA,Bondi Beach,New South Wales,AUSTRALIA,-33.8914755,151.2766845
2930,2020-04-30|Bondi New South Wales AUSTRALIA,0.5642058247174442,-0.423092213341209,0.04518981703834918,0.03643502644883782,0.307308702833037,0.09443863883692384,0.08871238115248432,2020-04-30,Bondi New South Wales AUSTRALIA,Bondi,New South Wales,AUSTRALIA,-33.89195,151.26099
2931,2020-04-30|Bondi Sydney New South Wales AUSTRALIA,0.5642058247174442,-0.423092213341209,0.04518981703834918,0.03643502644883782,0.307308702833037,0.09443863883692384,0.08871238115248432,2020-04-30,Bondi Sydney New South Wales AUSTRALIA,Bondi,New South Wales,AUSTRALIA,-33.89195,151.26099
2932,2020-04-30|Boot Reef Torres Strait Queensland AUSTRALIA,1.041813717746821,-1.7498570643438622,0.07619096734093152,0.40071716392619106,0.9702079808167701,0.941303526040554,0.2800749194472428,2020-04-30,Boot Reef Torres Strait Queensland AUSTRALIA,Boot Reef,Queensland,AUSTRALIA,-10.2199025,141.93685449999998
2933,2020-04-30|Booti Booti National Park New South Wales AUSTRALIA,0.5925593330888644,-0.41287631444518186,0.04909532489452969,0.03906230527876582,0.31588704465912715,0.09978462498347739,0.0911887351337312,2020-04-30,Booti Booti National Park New South Wales AUSTRALIA,Booti Booti National Park,New South Wales,AUSTRALIA,-32.312709600000005,152.5179343
2934,2020-04-30|Botany Bay New South Wales AUSTRALIA,0.5614233896181391,-0.42456927485799406,0.04387523019115827,0.03478127203053359,0.30663991234745797,0.0940280358444567,0.08851931796904405,2020-04-30,Botany Bay New South Wales AUSTRALIA,Botany Bay,New South Wales,AUSTRALIA,-33.9930374,151.175278
2935,2020-04-30|Botany Bay Sydney New South Wales AUSTRALIA,0.5614365212304917,-0.42456569820548706,0.04388245580232847,0.034792360130325065,0.3066439003401768,0.0940304816158363,0.08852046920337893,2020-04-30,Botany Bay Sydney New South Wales AUSTRALIA,Botany Bay,New South Wales,AUSTRALIA,-33.9930374,151.175278
2936,2020-04-30|Botany Bay? New South Wales AUSTRALIA,0.5614365212304917,-0.42456569820548706,0.04388245580232847,0.034792360130325065,0.3066439003401768,0.0940304816158363,0.08852046920337893,2020-04-30,Botany Bay? New South Wales AUSTRALIA,Botany Bay?,New South Wales,AUSTRALIA,-33.9930374,151.175278
2937,2020-04-30|Bowen Queensland AUSTRALIA,0.8437120801641903,-0.48209656504086695,0.10691801084803916,0.026368037303566034,0.4594190436003521,0.21106585762266222,0.13852005356057237,2020-04-30,Bowen Queensland AUSTRALIA,Bowen,Queensland,AUSTRALIA,-20.012102399999996,148.24627900000002
2938,2020-04-30|Boyup Brook Western Australia AUSTRALIA,0.27814248094468885,-0.2519038430726787,0.0010768436483003334,-0.002140097056042324,0.1890083386319472,0.03572415207240882,0.054562007594119326,2020-04-30,Boyup Brook Western Australia AUSTRALIA,Boyup Brook,Western Australia,AUSTRALIA,-33.829471500000004,116.3841139
2939,2020-04-30|Bradleys Head Sydney New South Wales AUSTRALIA,0.5655970410820322,-0.4229326358227028,0.04549055275894975,0.03676436538227992,0.30775609211445293,0.09471381223355962,0.08884153131351334,2020-04-30,Bradleys Head Sydney New South Wales AUSTRALIA,Bradleys Head,New South Wales,AUSTRALIA,-33.843012,151.2441915
2940,2020-04-30|Bramble Reef Queensland AUSTRALIA,0.6980203462950471,-0.40793208114661683,0.0699531854629661,-0.044619592723895984,0.4027914482734092,0.16224095080219048,0.11627587554396601,2020-04-30,Bramble Reef Queensland AUSTRALIA,Bramble Reef,Queensland,AUSTRALIA,-18.4082815,146.70503100000002
2941,2020-04-30|Bribie Island Queensland AUSTRALIA,0.6636236832640466,-0.3861708876900918,0.01916722886459807,-0.022085483695246162,0.34691518342540956,0.12035014449108555,0.10014578726831432,2020-04-30,Bribie Island Queensland AUSTRALIA,Bribie Island,Queensland,AUSTRALIA,-26.986100300000004,153.1325243
2942,2020-04-30|Bribie Passage Caloundra Queensland AUSTRALIA,0.6279921737515172,-0.357970860281593,0.0243291599150824,-0.03353853644511699,0.3405889203721514,0.11600081268026767,0.10269142332969623,2020-04-30,Bribie Passage Caloundra Queensland AUSTRALIA,Bribie Passage,Queensland,AUSTRALIA,-26.804309999999997,153.128613
2943,2020-04-30|Brible Island Queensland AUSTRALIA,0.6636236832640466,-0.3861708876900918,0.01916722886459807,-0.022085483695246162,0.34691518342540956,0.12035014449108555,0.10014578726831432,2020-04-30,Brible Island Queensland AUSTRALIA,Brible Island,Queensland,AUSTRALIA,-26.986100300000004,153.1325243
2944,2020-04-30|Bridport Tasmania AUSTRALIA,1.1970401743457302,-1.3524900214488622,0.22937560973466686,0.3553364929359279,0.8664137458474314,0.7506727789933774,0.2501121046973033,2020-04-30,Bridport Tasmania AUSTRALIA,Bridport,Tasmania,AUSTRALIA,-41.014520700000006,147.4070438
2945,2020-04-30|Brighton Beach Adelaide South Australia AUSTRALIA,0.7706918811005048,-0.4731179331673749,0.061365978768437156,0.011585704347619557,0.4250648307470964,0.1806801103380577,0.12270564722743942,2020-04-30,Brighton Beach Adelaide South Australia AUSTRALIA,Brighton Beach,South Australia,AUSTRALIA,-35.0244116,138.51712980000002
2946,2020-04-30|Brighton Victoria AUSTRALIA,0.4855873320634724,-0.5536996217002469,0.028798978721631924,0.06634337820737239,0.34247420618720953,0.1172885819035593,0.09886378756634441,2020-04-30,Brighton Victoria AUSTRALIA,Brighton,Victoria,AUSTRALIA,-37.9043383,144.9931825
2947,2020-04-30|Brisbane Queensland AUSTRALIA,0.8287879064481923,-0.5716293663953881,0.06710026608644772,0.007761922035029274,0.5029285748256961,0.25293715137620576,0.14518297402938524,2020-04-30,Brisbane Queensland AUSTRALIA,Brisbane,Queensland,AUSTRALIA,-27.469770699999998,153.0251235
2948,2020-04-30|Brisbane River Queensland AUSTRALIA,0.6231370597158448,-0.35563253949351803,0.02531165272880478,-0.029956035258903748,0.3380397505968694,0.11427087298359369,0.10192281972319397,2020-04-30,Brisbane River Queensland AUSTRALIA,Brisbane River,Queensland,AUSTRALIA,-26.895106800000004,152.318608
2949,2020-04-30|Broken Head Beach New South Wales AUSTRALIA,0.6184073512217987,-0.3667366424808578,0.038184201454977,0.017057569856474334,0.3348096104705618,0.11209747526344933,0.10094889583053637,2020-04-30,Broken Head Beach New South Wales AUSTRALIA,Broken Head Beach,New South Wales,AUSTRALIA,-28.701846399999997,153.6139946
2950,2020-04-30|Broken Head New South Wales AUSTRALIA,0.6195704416147146,-0.3700390596362182,0.043112994070487666,0.02423850859640387,0.32069762949779873,0.10284696956550739,0.09257743135951449,2020-04-30,Broken Head New South Wales AUSTRALIA,Broken Head,New South Wales,AUSTRALIA,-28.7264578,153.5983166
2951,2020-04-30|Bronte Beach New South Wales AUSTRALIA,0.5642058247174442,-0.423092213341209,0.04518981703834918,0.03643502644883782,0.307308702833037,0.09443863883692384,0.08871238115248432,2020-04-30,Bronte Beach New South Wales AUSTRALIA,Bronte Beach,New South Wales,AUSTRALIA,-33.90532,151.26068999999998
2952,2020-04-30|Bronte New South Wales AUSTRALIA,0.5642058247174442,-0.423092213341209,0.04518981703834918,0.03643502644883782,0.307308702833037,0.09443863883692384,0.08871238115248432,2020-04-30,Bronte New South Wales AUSTRALIA,Bronte,New South Wales,AUSTRALIA,-33.90532,151.26068999999998
2953,2020-04-30|Broome Head New South Wales AUSTRALIA,0.6114454540278969,-0.3852983502730829,0.04738850946359663,0.03251932756057257,0.3200863372652218,0.10245526330386533,0.09240096649199858,2020-04-30,Broome Head New South Wales AUSTRALIA,Broome Head,New South Wales,AUSTRALIA,-29.6430001,153.30745190000002
2954,2020-04-30|Broome Western Australia AUSTRALIA,2.1416709087551133,-1.656847332491879,0.4470014368599133,0.8733877723863394,1.4320045963694799,2.050637164023317,0.4317656312928996,2020-04-30,Broome Western Australia AUSTRALIA,Broome,Western Australia,AUSTRALIA,-17.964429100000004,122.23036570000001
2955,2020-04-30|Broomfield Island Queensland AUSTRALIA,0.930848341592488,-0.6271861977237344,-0.006399113132668361,-0.02956292276738919,0.5125314091113917,0.2626884453257088,0.15453403429951157,2020-04-30,Broomfield Island Queensland AUSTRALIA,Broomfield Island,Queensland,AUSTRALIA,-26.9601877,149.0840869
2956,2020-04-30|Broomfield Reef Queensland AUSTRALIA,0.8301614338097926,-0.4347816105528613,0.03354935617722686,-0.021790008687658194,0.434536129157892,0.1888216475435242,0.13741238937720435,2020-04-30,Broomfield Reef Queensland AUSTRALIA,Broomfield Reef,Queensland,AUSTRALIA,-23.2670335,151.93534019999998
2957,2020-04-30|Broughton Island New South Wales AUSTRALIA,0.58295368559199,-0.41523103158450325,0.04801958407700477,0.03829747741804964,0.31282213730460856,0.09785768958782336,0.09030397259064492,2020-04-30,Broughton Island New South Wales AUSTRALIA,Broughton Island,New South Wales,AUSTRALIA,-32.6157855,152.31398269999997
2958,2020-04-30|Browns Inlet Broadwater Queensland AUSTRALIA,1.4683413221652493,-1.1927219101058009,0.2000426774230253,0.2321242718485695,1.0367283126686335,1.074805594288752,0.29927768519787107,2020-04-30,Browns Inlet Broadwater Queensland AUSTRALIA,Brown's Inlet,Queensland,AUSTRALIA,-20.9175738,142.7027956
2959,2020-04-30|Brunswick Heads New South Wales AUSTRALIA,0.6158302880885557,-0.36232251822992395,0.03870739115355412,0.017494378940949733,0.3331254904275175,0.11097259237257406,0.10044111453192772,2020-04-30,Brunswick Heads New South Wales AUSTRALIA,Brunswick Heads,New South Wales,AUSTRALIA,-28.5557919,153.54363940000002
2960,2020-04-30|Buddina Beach south of Noosa Queensland AUSTRALIA,0.6227362307332223,-0.35503261058947627,0.02567617554416146,-0.027825077746918447,0.33773950273520187,0.11406797170782142,0.10183229158671599,2020-04-30,Buddina Beach south of Noosa Queensland AUSTRALIA,Buddina Beach,Queensland,AUSTRALIA,-26.3864103,153.0923901
2961,2020-04-30|Bullcock Beach Queensland AUSTRALIA,0.6279921737515172,-0.357970860281593,0.0243291599150824,-0.03353853644511699,0.3405889203721514,0.11600081268026767,0.10269142332969623,2020-04-30,Bullcock Beach Queensland AUSTRALIA,Bullcock Beach,Queensland,AUSTRALIA,-26.806945199999998,153.131696
2962,2020-04-30|Bunbury Western Australia AUSTRALIA,0.27601495218325917,-0.24840220006826857,0.0013069495262937557,-0.0018737107736457315,0.1866611576288145,0.03484238776732913,0.053884434802121614,2020-04-30,Bunbury Western Australia AUSTRALIA,Bunbury,Western Australia,AUSTRALIA,-33.3209971,115.63834820000001
2963,2020-04-30|Bundegi Sanctuary Zone Ningaloo Western Australia AUSTRALIA,0.4375473077594525,-0.3465841564893867,0.04065180527370405,0.016146571981890807,0.2382252031845819,0.056751247432335325,0.07182760132449423,2020-04-30,Bundegi Sanctuary Zone Ningaloo Western Australia AUSTRALIA,Bundegi Sanctuary Zone,Western Australia,AUSTRALIA,-22.6799051,113.69804909999999
2964,2020-04-30|Bunker Bay Western Australia AUSTRALIA,0.2650153577351642,-0.25258198365683937,0.019216996971333198,0.03636801359616487,0.18266620115197857,0.033366941043295094,0.055075931918245294,2020-04-30,Bunker Bay Western Australia AUSTRALIA,Bunker Bay,Western Australia,AUSTRALIA,-33.5426804,115.0391851
2965,2020-04-30|Burleigh Heads Brisbane Queensland AUSTRALIA,0.6225892681803549,-0.364217266196663,0.037433971784363536,0.019137604652127434,0.33656730516545796,0.11327755090633851,0.10147886072135172,2020-04-30,Burleigh Heads Brisbane Queensland AUSTRALIA,Burleigh Heads,Queensland,AUSTRALIA,-28.104,153.436
2966,2020-04-30|Burleigh Lake on the Gold Coast Queensland AUSTRALIA,0.6230584919775779,-0.36322877168941525,0.0368811547869673,0.017803281311816712,0.3366722753023344,0.11334822095725083,0.10151051040846185,2020-04-30,Burleigh Lake on the Gold Coast Queensland AUSTRALIA,Burleigh Lake on the Gold Coast,Queensland,AUSTRALIA,-28.087777799999998,153.4408333
2967,2020-04-30|Burnett River Queensland AUSTRALIA,0.8164824093704774,-0.4993970708295959,0.03141565065130337,0.028501527293807012,0.4342428272795509,0.18856683304373784,0.13092913872630696,2020-04-30,Burnett River Queensland AUSTRALIA,Burnett River,Queensland,AUSTRALIA,-25.3273915,151.813121
2968,2020-04-30|Burns Beach Perth Western Australia AUSTRALIA,0.24217729236018,-0.23466546962770043,0.01129084007516711,0.01904491527488094,0.17739160364628268,0.031467781044199845,0.049199578675650536,2020-04-30,Burns Beach Perth Western Australia AUSTRALIA,Burns Beach,Western Australia,AUSTRALIA,-31.724687199999998,115.7248959
2969,2020-04-30|Bushrangers Pass at Bass Point New South Wales AUSTRALIA,0.5569740099488792,-0.42988062946930966,0.04261532304823459,0.03371426151298292,0.3061384644878782,0.09372075943899584,0.08837456244068759,2020-04-30,Bushrangers Pass at Bass Point New South Wales AUSTRALIA,Bushrangers Pass at Bass Point,New South Wales,AUSTRALIA,-34.5973075,150.8997956
2970,2020-04-30|Bushy Ilet Queensland AUSTRALIA,1.2791559010951477,-0.8752393425969395,0.25828279170042445,0.36699044712198714,0.6983756794756988,0.487728589683144,0.21056819013912723,2020-04-30,Bushy Ilet Queensland AUSTRALIA,Bushy Ilet,Queensland,AUSTRALIA,-20.9539613,150.0725668
2971,2020-04-30|Busselton Western Australia AUSTRALIA,0.27656717669097075,-0.2536458816089106,0.0001010532576035672,-0.0032537108172585247,0.19041584105716777,0.036258192525508576,0.05496831854616241,2020-04-30,Busselton Western Australia AUSTRALIA,Busselton,Western Australia,AUSTRALIA,-33.653158399999995,115.3454892
2972,2020-04-30|Byron Bay New South Wales AUSTRALIA,0.6168603946493023,-0.36385016742117204,0.038747455861366686,0.017296297458896027,0.3337289944349341,0.11137504172655228,0.10062307783666197,2020-04-30,Byron Bay New South Wales AUSTRALIA,Byron Bay,New South Wales,AUSTRALIA,-28.647367100000004,153.601977
2973,2020-04-30|Cabbage Tree Creek Sandgate Queensland AUSTRALIA,0.785189846874602,-0.4999017610540309,0.025435672154602063,0.03508394388010367,0.42346274607144546,0.1793206973103695,0.1276788219465936,2020-04-30,Cabbage Tree Creek Sandgate Queensland AUSTRALIA,Cabbage Tree Creek,Queensland,AUSTRALIA,-27.357138199999998,153.00638469999998
2974,2020-04-30|Cabramatta Creek George’s River New South Wales AUSTRALIA,0.5604059918960851,-0.4258145317828106,0.04331833445000136,0.034117611292083586,0.3065215525709051,0.09395546219047812,0.08848515044461704,2020-04-30,Cabramatta Creek George’s River New South Wales AUSTRALIA,Cabramatta Creek,New South Wales,AUSTRALIA,-33.9224412,150.9010938
2975,2020-04-30|Cactus Beach South Australia AUSTRALIA,0.39189285643528793,-0.4072587371087567,0.019573219692672672,-0.013886518534583414,0.26762250767519785,0.07162180661436132,0.08069122212842177,2020-04-30,Cactus Beach South Australia AUSTRALIA,Cactus Beach,South Australia,AUSTRALIA,-32.083500300000004,132.982204
2976,2020-04-30|Cactus Beach near Ceduna South Australia AUSTRALIA,0.39189285643528793,-0.4072587371087567,0.019573219692672672,-0.013886518534583414,0.26762250767519785,0.07162180661436132,0.08069122212842177,2020-04-30,Cactus Beach near Ceduna South Australia AUSTRALIA,Cactus Beach,South Australia,AUSTRALIA,-32.083500300000004,132.982204
2977,2020-04-30|Cactus Beach near Penong South Australia AUSTRALIA,0.39189285643528793,-0.4072587371087567,0.019573219692672672,-0.013886518534583414,0.26762250767519785,0.07162180661436132,0.08069122212842177,2020-04-30,Cactus Beach near Penong South Australia AUSTRALIA,Cactus Beach near Penong,South Australia,AUSTRALIA,-32.083500300000004,132.982204
2978,2020-04-30|Cairns Aquarium Queensland AUSTRALIA,0.6254615242090052,-0.32537457709542883,0.09873069129712346,0.020748311984631812,0.37391810465319036,0.1398147489874342,0.11824328690772859,2020-04-30,Cairns Aquarium Queensland AUSTRALIA,Cairns Aquarium,Queensland,AUSTRALIA,-16.9184171,145.7738313
2979,2020-04-30|Calliope River Queensland AUSTRALIA,0.9446813026987294,-0.6322437606336592,-0.004096019698499992,-0.024353817568926687,0.5193711172718748,0.26974635745623554,0.15659628390349833,2020-04-30,Calliope River Queensland AUSTRALIA,Calliope River,Queensland,AUSTRALIA,-23.9815319,151.0075239
2980,2020-04-30|Caloundra Heads Queensland AUSTRALIA,0.6279921737515172,-0.357970860281593,0.0243291599150824,-0.03353853644511699,0.3405889203721514,0.11600081268026767,0.10269142332969623,2020-04-30,Caloundra Heads Queensland AUSTRALIA,Caloundra Heads,Queensland,AUSTRALIA,-26.799,153.13299999999998
2981,2020-04-30|Caloundra Queensland AUSTRALIA,0.6279921737515172,-0.357970860281593,0.0243291599150824,-0.03353853644511699,0.3405889203721514,0.11600081268026767,0.10269142332969623,2020-04-30,Caloundra Queensland AUSTRALIA,Caloundra,Queensland,AUSTRALIA,-26.799,153.13299999999998
2982,2020-04-30|Canadian Bay near Mount Eliza Victoria AUSTRALIA,0.4915173345670179,-0.5679640296981491,0.02581356826217096,0.06905271832869153,0.3460383607682612,0.11974254712318531,0.09989267036974624,2020-04-30,Canadian Bay near Mount Eliza Victoria AUSTRALIA,Canadian Bay near Mount Eliza,Victoria,AUSTRALIA,-38.191611,145.09546559999998
2983,2020-04-30|Cape Douglas South Australia AUSTRALIA,0.3114682405100766,-0.37803422651552554,0.015517542040706055,0.0435645597260313,0.24230821505217243,0.058713271081769845,0.07305867572261841,2020-04-30,Cape Douglas South Australia AUSTRALIA,Cape Douglas,South Australia,AUSTRALIA,-38.0146455,140.5819172
2984,2020-04-30|Cape Elizabeth South Australia AUSTRALIA,0.49449334469051437,-0.3340607365130996,0.13063261515426544,0.15988601601717492,0.32288682498829824,0.10425590175102394,0.10762894166276608,2020-04-30,Cape Elizabeth South Australia AUSTRALIA,Cape Elizabeth,South Australia,AUSTRALIA,-34.1333333,137.45
2985,2020-04-30|Cape Howe New South Wales AUSTRALIA,0.5269115791939302,-0.4594876462936419,0.031953108877965083,0.02341535577401481,0.3019171747375938,0.09115398040153072,0.08715598105386052,2020-04-30,Cape Howe New South Wales AUSTRALIA,Cape Howe,New South Wales,AUSTRALIA,-37.5021775,149.9781828
2986,2020-04-30|Cape Jervis South Australia AUSTRALIA,0.49878789490482595,-0.2575436579406712,0.0302827316752521,-0.09635796018159916,0.2685621496652375,0.07212562823281343,0.0744857385589883,2020-04-30,Cape Jervis South Australia AUSTRALIA,Cape Jervis,South Australia,AUSTRALIA,-35.6061701,138.11540459999998
2987,2020-04-30|Cape Levêque Western Australia AUSTRALIA,1.9049551277561445,-2.162013113719969,0.18864217072356912,0.4101050447640791,1.3871477625988924,1.924178915283113,0.4004350670711288,2020-04-30,Cape Levêque Western Australia AUSTRALIA,Cape Levêque,Western Australia,AUSTRALIA,-16.4,122.93333329999999
2988,2020-04-30|Cape Moreton Queensland AUSTRALIA,0.6192695629183014,-0.3396608612499984,0.03153322834067473,-0.009625636613014845,0.33265487887280415,0.11065926843788002,0.10029921980929227,2020-04-30,Cape Moreton Queensland AUSTRALIA,Cape Moreton,Queensland,AUSTRALIA,-27.0333333,153.4666667
2989,2020-04-30|Cape Nelson Victoria AUSTRALIA,0.3101284309986137,-0.3927320490921368,0.01619638001651261,0.05375261831903253,0.2478020512993322,0.06140585662815686,0.0747151296763896,2020-04-30,Cape Nelson Victoria AUSTRALIA,Cape Nelson,Victoria,AUSTRALIA,-38.384739399999994,141.565049
2990,2020-04-30|Cape Pillar Storm Bay Tasmania AUSTRALIA,0.38035622915622086,-0.47577429261387183,0.006665899509206335,0.09146057063509341,0.26408170524442803,0.06973914704480498,0.07623382180546297,2020-04-30,Cape Pillar Storm Bay Tasmania AUSTRALIA,Cape Pillar,Tasmania,AUSTRALIA,-43.17,147.44
2991,2020-04-30|Carnac Island Western Australia AUSTRALIA,0.2410949022125109,-0.21842666289460547,0.013038349196829686,0.020541492883048892,0.16318603999016837,0.026629683647672826,0.04920244233375637,2020-04-30,Carnac Island Western Australia AUSTRALIA,Carnac Island,Western Australia,AUSTRALIA,-32.12095789999999,115.66209009999999
2992,2020-04-30|Carnarvon Western Australia AUSTRALIA,0.46216322089673056,-0.4819062695454301,0.014879151724382192,0.046023243084839266,0.2852000572196492,0.08133907263809119,0.079100263851593,2020-04-30,Carnarvon Western Australia AUSTRALIA,Carnarvon,Western Australia,AUSTRALIA,-24.8877473,113.6621827
2993,2020-04-30|Carrara Nerang River Queensland AUSTRALIA,0.6234965702376674,-0.36240960688540375,0.0363134643987092,0.016703948522252262,0.33677801937521235,0.11341943433429089,0.10154239344605641,2020-04-30,Carrara Nerang River Queensland AUSTRALIA,Carrara,Queensland,AUSTRALIA,-28.0211196,153.3618544
2994,2020-04-30|Carrickalinga Head South Australia AUSTRALIA,0.6959293077472621,-0.40825234232896584,0.05391706946263707,-0.009442106974324519,0.37449144672540186,0.1402438436704845,0.10810636878806158,2020-04-30,Carrickalinga Head South Australia AUSTRALIA,Carrickalinga Head,South Australia,AUSTRALIA,-35.428351899999996,138.3308642
2995,2020-04-30|Carrum Victoria AUSTRALIA,0.4914481367593788,-0.565054370402021,0.027164344103656608,0.06858535977711464,0.3459137551742062,0.11965632601872067,0.09985669983311113,2020-04-30,Carrum Victoria AUSTRALIA,Carrum,Victoria,AUSTRALIA,-38.076,145.122
2996,2020-04-30|Castle Rock north of Dunsborough Western Australia AUSTRALIA,0.2650153577351642,-0.25258198365683937,0.019216996971333198,0.03636801359616487,0.18266620115197857,0.033366941043295094,0.055075931918245294,2020-04-30,Castle Rock north of Dunsborough Western Australia AUSTRALIA,Castle Rock,Western Australia,AUSTRALIA,-33.583762899999996,115.09000060000001
2997,2020-04-30|Cathedral Rock Victoria AUSTRALIA,0.2658863255989191,-0.23854390438822404,0.03932880715983121,0.06260308028007966,0.18701269205693302,0.034973746990381256,0.05913860582595878,2020-04-30,Cathedral Rock Victoria AUSTRALIA,Cathedral Rock,Victoria,AUSTRALIA,-31.434438800000002,120.85630420000001
2998,2020-04-30|Catseye Beach Hamilton Island Whitsundays Queensland AUSTRALIA,1.214075942081094,-0.6900237726162027,0.30048854867989205,0.207501505759425,0.6386914271362859,0.40792673909738564,0.1925727109661523,2020-04-30,Catseye Beach Hamilton Island Whitsundays Queensland AUSTRALIA,Catseye Beach,Queensland,AUSTRALIA,-20.3464395,148.9574515
2999,2020-04-30|Cave at Shell Harbour New South Wales AUSTRALIA,0.5569605362719406,-0.42988440510502157,0.042607986816189915,0.03370303569925054,0.3061344397570507,0.09371829520536329,0.08837340060097425,2020-04-30,Cave at Shell Harbour New South Wales AUSTRALIA,Cave at Shell Harbour,New South Wales,AUSTRALIA,-34.64434779999999,150.8558397
3000,2020-04-30|Caves Beach New South Wales AUSTRALIA,0.5774063566444759,-0.4189416622281494,0.048292391803851524,0.039555810549023865,0.3113955557015106,0.0969671921106526,0.08989215395436014,2020-04-30,Caves Beach New South Wales AUSTRALIA,Caves Beach,New South Wales,AUSTRALIA,-33.1063425,151.6450391
3001,2020-04-30|Ceduna South Australia AUSTRALIA,0.4213336876460179,-0.37838584029343886,0.05902167992706918,0.00988482596065527,0.2622010973307948,0.06874941544147291,0.08291526725608071,2020-04-30,Ceduna South Australia AUSTRALIA,Ceduna,South Australia,AUSTRALIA,-32.130585100000005,133.6817145
3002,2020-04-30|Cellito Beach New South Wales AUSTRALIA,0.5903537887867536,-0.4129271440255271,0.04892770628220247,0.03898311678656566,0.31504028522142524,0.09925038131239695,0.09094429673908318,2020-04-30,Cellito Beach New South Wales AUSTRALIA,Cellito Beach,New South Wales,AUSTRALIA,-32.3789104,152.529459
3003,2020-04-30|Charles Street Wharf Parramatta River New South Wales AUSTRALIA,0.5655976983582274,-0.4229333456939965,0.04549018614840781,0.03676383920820993,0.30775642209035625,0.09471401533785752,0.08884162656935164,2020-04-30,Charles Street Wharf Parramatta River New South Wales AUSTRALIA,Charles Street Wharf,New South Wales,AUSTRALIA,-33.834442700000004,151.0923358
3004,2020-04-30|Cheviot Beach Portsea Port Phillip Bay Victoria AUSTRALIA,0.8711245163513092,-0.8404728861440276,0.15279468444490416,0.21381779336012674,0.5217724463859488,0.2722464858075778,0.15062273118832856,2020-04-30,Cheviot Beach Portsea Port Phillip Bay Victoria AUSTRALIA,Cheviot Beach,Victoria,AUSTRALIA,-38.3136027,144.66766669999998
3005,2020-04-30|Cheynes Beach Western Australia AUSTRALIA,0.25383952406562155,-0.2549732403425061,0.030470854194858808,0.06057088865461319,0.1920593917333996,0.03688680995300343,0.05790808544032473,2020-04-30,Cheynes Beach Western Australia AUSTRALIA,Cheynes Beach,Western Australia,AUSTRALIA,-34.88414,118.404629
3006,2020-04-30|Chimney Point George’s Bay Tasmania AUSTRALIA,0.4663778509721213,-0.46079147791654196,0.04083676202392272,0.06511716602507645,0.29381529484418084,0.08632742748437292,0.08858864460598102,2020-04-30,Chimney Point George’s Bay Tasmania AUSTRALIA,Chimney Point,Tasmania,AUSTRALIA,-41.31,148.29
3007,2020-04-30|Chowder Bay Sydney New South Wales AUSTRALIA,0.5655976983582274,-0.4229333456939965,0.04549018614840781,0.03676383920820993,0.30775642209035625,0.09471401533785752,0.08884162656935164,2020-04-30,Chowder Bay Sydney New South Wales AUSTRALIA,Chowder Bay,New South Wales,AUSTRALIA,-33.833420600000004,151.25995830000002
3008,2020-04-30|Cid Harbor Whitsundays Queensland AUSTRALIA,1.0252306990576046,-0.7052885661735177,0.1283304875098828,0.12069643577129609,0.5526870342254478,0.3054629578009214,0.16664141082001124,2020-04-30,Cid Harbor Whitsundays Queensland AUSTRALIA,Cid Harbor,Queensland,AUSTRALIA,-20.25,148.93333330000002
3009,2020-04-30|City Beach Perth Western Australia AUSTRALIA,0.2431843456131728,-0.2188525944889058,0.031392779690503914,0.04690122906776557,0.16947581366266865,0.02872205141662358,0.0489234533196363,2020-04-30,City Beach Perth Western Australia AUSTRALIA,City Beach,Western Australia,AUSTRALIA,-31.9339651,115.76420859999999
3010,2020-04-30|Clairview Queensland AUSTRALIA,2.275537826753229,-2.215982163238286,0.12181074697583218,0.32983973092371877,1.5307200865199682,2.343103983275699,0.42454536617926303,2020-04-30,Clairview Queensland AUSTRALIA,Clairview,Queensland,AUSTRALIA,-22.0422664,149.4835735
3011,2020-04-30|Clarence Head New South Wales AUSTRALIA,0.6182849309812845,-0.3884301751298019,0.0463910911883417,0.03060769705436627,0.32325539507842543,0.1044940504473089,0.09331579468276388,2020-04-30,Clarence Head New South Wales AUSTRALIA,Clarence Head,New South Wales,AUSTRALIA,-29.431929999999998,153.36539969999998
3012,2020-04-30|Clarence Heads New South Wales AUSTRALIA,0.5604117080452917,-0.42718702167581507,0.04303759070004346,0.03373902378426358,0.30678253696749164,0.09411552498821037,0.08856049015042881,2020-04-30,Clarence Heads New South Wales AUSTRALIA,Clarence Heads,New South Wales,AUSTRALIA,-33.482099100000006,150.22437649999998
3013,2020-04-30|Clarence River New South Wales AUSTRALIA,0.618300352105303,-0.3884288868038411,0.046395115638986,0.030609805393053677,0.323259488364203,0.10449669681748629,0.09331697631258665,2020-04-30,Clarence River New South Wales AUSTRALIA,Clarence River,New South Wales,AUSTRALIA,-29.4612304,153.14638190000002
3014,2020-04-30|Clark Island Sydney Harbour New South Wales AUSTRALIA,0.5642058247174442,-0.423092213341209,0.04518981703834918,0.03643502644883782,0.307308702833037,0.09443863883692384,0.08871238115248432,2020-04-30,Clark Island Sydney Harbour New South Wales AUSTRALIA,Clark Island,New South Wales,AUSTRALIA,-33.8626215,151.241028
3015,2020-04-30|Clarkes Beach Byron Bay New South Wales AUSTRALIA,0.6168603946493023,-0.36385016742117204,0.038747455861366686,0.017296297458896027,0.3337289944349341,0.11137504172655228,0.10062307783666197,2020-04-30,Clarkes Beach Byron Bay New South Wales AUSTRALIA,Clarkes Beach,New South Wales,AUSTRALIA,-28.6396907,153.6272755
3016,2020-04-30|Clarks Beach Byron Bay New South Wales AUSTRALIA,0.6168603946493023,-0.36385016742117204,0.038747455861366686,0.017296297458896027,0.3337289944349341,0.11137504172655228,0.10062307783666197,2020-04-30,Clarks Beach Byron Bay New South Wales AUSTRALIA,Clarks Beach,New South Wales,AUSTRALIA,-28.6396907,153.6272755
3017,2020-04-30|Clarks Island Sydney Harbor New South Wales AUSTRALIA,0.564205167382753,-0.4230915020147429,0.045190181493181096,0.036435549585623575,0.30730837408970524,0.09443843678565823,0.08871228625245878,2020-04-30,Clarks Island Sydney Harbor New South Wales AUSTRALIA,Clark's Island,New South Wales,AUSTRALIA,-33.8626215,151.241028
3018,2020-04-30|Cleveland Queensland AUSTRALIA,0.8625939939491076,-0.5203876847004205,0.11295868457992571,-0.0009441104060051442,0.507436229792859,0.2574915273063912,0.15299777993231595,2020-04-30,Cleveland Queensland AUSTRALIA,Cleveland,Queensland,AUSTRALIA,-27.533333000000002,153.26666699999998
3019,2020-04-30|Clifton Beach Tasmania AUSTRALIA,0.3860464403359397,-0.4983317187783633,0.0002121691705964518,0.08640849700368851,0.27111679305780506,0.0735043154779487,0.07826467672687591,2020-04-30,Clifton Beach Tasmania AUSTRALIA,Clifton Beach,Tasmania,AUSTRALIA,-42.989444,147.52166699999998
3020,2020-04-30|Clifton Beach southwest of Hobart Tasmania AUSTRALIA,0.3860464403359397,-0.4983317187783633,0.0002121691705964518,0.08640849700368851,0.27111679305780506,0.0735043154779487,0.07826467672687591,2020-04-30,Clifton Beach southwest of Hobart Tasmania AUSTRALIA,Clifton Beach,Tasmania,AUSTRALIA,-42.989444,147.52166699999998
3021,2020-04-30|Coalcliff New South Wales AUSTRALIA,0.5604117080452917,-0.42718702167581507,0.04303759070004346,0.03373902378426358,0.30678253696749164,0.09411552498821037,0.08856049015042881,2020-04-30,Coalcliff New South Wales AUSTRALIA,Coalcliff,New South Wales,AUSTRALIA,-34.245726399999995,150.97291940000002
3022,2020-04-30|Cobblestones Margaret River Area Western Australia AUSTRALIA,0.26205128955505785,-0.2703299209748996,0.03024468533912218,0.06204805043308348,0.19737816753061238,0.03895814101774249,0.05697816907797706,2020-04-30,Cobblestones Margaret River Area Western Australia AUSTRALIA,Cobblestones,Western Australia,AUSTRALIA,-33.9610465,115.0767388
3023,2020-04-30|Cockatoo Island Sydney New South Wales AUSTRALIA,0.5642058247174442,-0.423092213341209,0.04518981703834918,0.03643502644883782,0.307308702833037,0.09443863883692384,0.08871238115248432,2020-04-30,Cockatoo Island Sydney New South Wales AUSTRALIA,Cockatoo Island,New South Wales,AUSTRALIA,-33.84705579999999,151.1716362
3024,2020-04-30|Cockle Bay Sydney Harbour New South Wales AUSTRALIA,0.564205167382753,-0.4230915020147429,0.045190181493181096,0.036435549585623575,0.30730837408970524,0.09443843678565823,0.08871228625245878,2020-04-30,Cockle Bay Sydney Harbour New South Wales AUSTRALIA,Cockle Bay,New South Wales,AUSTRALIA,-33.8661517,151.2005002
3025,2020-04-30|Coffee Head New South Wales AUSTRALIA,0.5642058247174442,-0.423092213341209,0.04518981703834918,0.03643502644883782,0.307308702833037,0.09443863883692384,0.08871238115248432,2020-04-30,Coffee Head New South Wales AUSTRALIA,Coffee Head,New South Wales,AUSTRALIA,-33.8594282,151.2777455
3026,2020-04-30|Coffin Bay South Australia AUSTRALIA,0.3687421604844488,-0.3316160438796806,0.05065551474005441,0.0023371358848689504,0.23447626881688555,0.05497912063828838,0.07069725508255631,2020-04-30,Coffin Bay South Australia AUSTRALIA,Coffin Bay,South Australia,AUSTRALIA,-34.6235585,135.4654638
3027,2020-04-30|Coff’s Harbor New South Wales AUSTRALIA,0.6030735981431289,-0.3854535750143176,0.04718828791302828,0.03300254783406614,0.3164171245955396,0.10011979673730922,0.09134175603072107,2020-04-30,Coff’s Harbor New South Wales AUSTRALIA,Coff’s Harbor,New South Wales,AUSTRALIA,-30.298612,153.10939219999997
3028,2020-04-30|Coledale Beach New South Wales AUSTRALIA,0.5604123702385493,-0.4271877534058327,0.04303723167336542,0.033738508912769895,0.3067828716153454,0.09411573031655748,0.08856058675494304,2020-04-30,Coledale Beach New South Wales AUSTRALIA,Coledale Beach,New South Wales,AUSTRALIA,-34.28763370000001,150.9490069
3029,2020-04-30|Collaroy New South Wales AUSTRALIA,0.5667452096416001,-0.4227203249039387,0.045781322177272044,0.03705081386845914,0.30815669255382017,0.09496054716570965,0.08895717469926641,2020-04-30,Collaroy New South Wales AUSTRALIA,Collaroy,New South Wales,AUSTRALIA,-33.73,151.3
3030,2020-04-30|Colledges Crossing Brisbane River Queensland AUSTRALIA,0.8287879064481923,-0.5716293663953881,0.06710026608644772,0.007761922035029274,0.5029285748256961,0.25293715137620576,0.14518297402938524,2020-04-30,Colledges Crossing Brisbane River Queensland AUSTRALIA,Colledge's Crossing,Queensland,AUSTRALIA,-27.5568063,152.80267419999998
3031,2020-04-30|College’s Crossing 54 miles above mouth of the Brisbane River Queensland AUSTRALIA,0.6231370597158448,-0.35563253949351803,0.02531165272880478,-0.029956035258903748,0.3380397505968694,0.11427087298359369,0.10192281972319397,2020-04-30,College’s Crossing 54 miles above mouth of the Brisbane River Queensland AUSTRALIA,College’s Crossing,Queensland,AUSTRALIA,-26.895106800000004,152.318608
3032,2020-04-30|Collendina Beach east of Ocean Grove Victoria AUSTRALIA,1.0260301732038826,-0.9667067278308012,0.23326944484106105,0.3292107883140375,0.6042963705007431,0.36517410340037143,0.17444533608945895,2020-04-30,Collendina Beach east of Ocean Grove Victoria AUSTRALIA,Collendina Beach east of Ocean Grove,Victoria,AUSTRALIA,-38.271434,144.55914099999998
3033,2020-04-30|Collie River Western Australia AUSTRALIA,0.27601495218325917,-0.24840220006826857,0.0013069495262937557,-0.0018737107736457315,0.1866611576288145,0.03484238776732913,0.053884434802121614,2020-04-30,Collie River Western Australia AUSTRALIA,Collie River,Western Australia,AUSTRALIA,-33.3057308,115.788155
3034,2020-04-30|Condon 88 km NE of Port Hedland Western Australia AUSTRALIA,1.62343486143149,-1.4583557614644906,0.1338810655667719,0.23439529516437296,1.095788877969768,1.200753265082243,0.3303927779700237,2020-04-30,Condon 88 km NE of Port Hedland Western Australia AUSTRALIA,Condon,Western Australia,AUSTRALIA,-20.3068645,118.61767090000001
3035,2020-04-30|Cone Bay Western Australia AUSTRALIA,2.007995555935576,-2.4735605643332996,0.10712303196607598,0.3501500604544301,1.6087812348816748,2.5881770617074062,0.4644151395130768,2020-04-30,Cone Bay Western Australia AUSTRALIA,Cone Bay,Western Australia,AUSTRALIA,-16.4683333,123.53527779999999
3036,2020-04-30|Conspicuous Beach near Walpole Western Australia AUSTRALIA,0.23530708386940657,-0.2561866736243602,0.008378590395777243,0.03071360702227044,0.18439972651518355,0.03400325913887449,0.055598609481364886,2020-04-30,Conspicuous Beach near Walpole Western Australia AUSTRALIA,Conspicuous Beach,Western Australia,AUSTRALIA,-35.0169764,116.861579
3037,2020-04-30|Coogee Bay near Sydney New South Wales AUSTRALIA,0.5634238536445563,-0.42344976655401284,0.044707680639326036,0.0357717213444494,0.3070988912859638,0.09430972902906821,0.08865181377589341,2020-04-30,Coogee Bay near Sydney New South Wales AUSTRALIA,Coogee Bay,New South Wales,AUSTRALIA,-33.9197737,151.249673
3038,2020-04-30|Coogee New South Wales AUSTRALIA,0.5634238536445563,-0.42344976655401284,0.044707680639326036,0.0357717213444494,0.3070988912859638,0.09430972902906821,0.08865181377589341,2020-04-30,Coogee New South Wales AUSTRALIA,Coogee,New South Wales,AUSTRALIA,-33.919000000000004,151.2555
3039,2020-04-30|Cook Island New South Wales AUSTRALIA,0.620223493279951,-0.3630869676721667,0.03796960359785306,0.019430750582180606,0.3352526039847078,0.1123943084785273,0.10108246340062577,2020-04-30,Cook Island New South Wales AUSTRALIA,Cook Island,New South Wales,AUSTRALIA,-28.195873100000004,153.57802900000002
3040,2020-04-30|Cooks Hill Newcastle New South Wales AUSTRALIA,0.5793511464104716,-0.4177596576064149,0.048262833902449925,0.03914338163222096,0.3119703028458453,0.09732546985772843,0.09005806916360894,2020-04-30,Cooks Hill Newcastle New South Wales AUSTRALIA,Cooks Hill,New South Wales,AUSTRALIA,-32.9338,151.7696
3041,2020-04-30|Cooktown Queensland AUSTRALIA,0.6004994435702649,-0.3279023615812776,0.08174017308848637,0.0031928876377075796,0.36173162515928814,0.13084976864037973,0.11438958372176189,2020-04-30,Cooktown Queensland AUSTRALIA,Cooktown,Queensland,AUSTRALIA,-15.4758164,145.2470981
3042,2020-04-30|Coolum Beach Queensland AUSTRALIA,0.6221012237353997,-0.35458931226999574,0.025895881465000693,-0.02782683166362677,0.3373534845462172,0.11380737353547483,0.10171590272352375,2020-04-30,Coolum Beach Queensland AUSTRALIA,Coolum Beach,Queensland,AUSTRALIA,-26.527691700000002,153.0736329
3043,2020-04-30|Coopers Point Queensland AUSTRALIA,0.9517143367045879,-0.8541786089955936,-0.03414098893631587,-0.09188623605955984,0.5493527782517555,0.30178847497292255,0.1523630469465618,2020-04-30,Coopers Point Queensland AUSTRALIA,Cooper's Point,Queensland,AUSTRALIA,-27.4137404,140.0047273
3044,2020-04-30|Cooranbong New South Wales AUSTRALIA,0.5764205241972706,-0.41978053447048136,0.048203613418626334,0.03962166750920375,0.311169368451609,0.0968263758625732,0.08982685931955114,2020-04-30,Cooranbong New South Wales AUSTRALIA,Cooranbong,New South Wales,AUSTRALIA,-33.074,151.451
3045,2020-04-30|Coral Bay Western Australia AUSTRALIA,0.43335576875363835,-0.34643689886858076,0.03939633109267376,0.008436459677907187,0.23730684046689574,0.05631453653238071,0.07155070454667459,2020-04-30,Coral Bay Western Australia AUSTRALIA,Coral Bay,Western Australia,AUSTRALIA,-23.143670800000002,113.77153590000002
3046,2020-04-30|Corio Bay Port Phillip South Australia AUSTRALIA,0.4864178620027637,-0.5499851325827103,0.024347866527474744,0.05057114175999697,0.350307888701373,0.12271561688641355,0.1011251769204936,2020-04-30,Corio Bay Port Phillip South Australia AUSTRALIA,Corio Bay,South Australia,AUSTRALIA,-38.1166667,144.43333330000002
3047,2020-04-30|Cottesloe Beach Perth Western Australia AUSTRALIA,0.2438931819833584,-0.2198506154554827,0.0308997456890882,0.0464209938997739,0.17017047781477654,0.028957991519709358,0.04912398558724424,2020-04-30,Cottesloe Beach Perth Western Australia AUSTRALIA,Cottesloe Beach,Western Australia,AUSTRALIA,-32.0135412,115.76343659999999
3048,2020-04-30|Cottesloe Beach Western Australia AUSTRALIA,0.2438931819833584,-0.2198506154554827,0.0308997456890882,0.0464209938997739,0.17017047781477654,0.028957991519709358,0.04912398558724424,2020-04-30,Cottesloe Beach Western Australia AUSTRALIA,Cottesloe Beach,Western Australia,AUSTRALIA,-31.9938622,115.7510477
3049,2020-04-30|Cottesloe Perth Western Australia AUSTRALIA,0.2438931819833584,-0.2198506154554827,0.0308997456890882,0.0464209938997739,0.17017047781477654,0.028957991519709358,0.04912398558724424,2020-04-30,Cottesloe Perth Western Australia AUSTRALIA,Cottesloe,Western Australia,AUSTRALIA,-31.9896506,115.7630503
3050,2020-04-30|Cowaramup Bay Western Australia AUSTRALIA,0.2593313450636948,-0.26407785043237797,0.03115586848585233,0.06185059536522436,0.1937514184455282,0.037539612149654164,0.05593121679769877,2020-04-30,Cowaramup Bay Western Australia AUSTRALIA,Cowaramup Bay,Western Australia,AUSTRALIA,-33.8606025,114.9857991
3051,2020-04-30|Cowell South Australia AUSTRALIA,0.6126926607384929,-0.3520543144210965,0.034188126138651874,-0.11735886227063898,0.3690749601543159,0.13621632621290986,0.11128028748611232,2020-04-30,Cowell South Australia AUSTRALIA,Cowell,South Australia,AUSTRALIA,-33.683333000000005,136.916667
3052,2020-04-30|Cowes Victoria AUSTRALIA,0.5800440829147053,-0.6431194489091111,0.08509116244917168,0.15516186412433153,0.3784666923941978,0.14323703725180434,0.1092539233665487,2020-04-30,Cowes Victoria AUSTRALIA,Cowes,Victoria,AUSTRALIA,-38.451111,145.241944
3053,2020-04-30|Crescent Head New South Wales AUSTRALIA,0.6014189056358538,-0.39178267972206265,0.04851529971879399,0.03571378974702753,0.3162667230248568,0.10002464009288149,0.09129833883706095,2020-04-30,Crescent Head New South Wales AUSTRALIA,Crescent Head,New South Wales,AUSTRALIA,-31.1861501,152.9132368
3054,2020-04-30|Cronulla New South Wales AUSTRALIA,0.5608930576474997,-0.4252265992802362,0.04353342125942347,0.0343568089598007,0.30657942367964525,0.09399094302374342,0.08850185639472176,2020-04-30,Cronulla New South Wales AUSTRALIA,Cronulla,New South Wales,AUSTRALIA,-34.05744,151.15219
3055,2020-04-30|Cronulla near Sydney New South Wales AUSTRALIA,0.5608930576474997,-0.4252265992802362,0.04353342125942347,0.0343568089598007,0.30657942367964525,0.09399094302374342,0.08850185639472176,2020-04-30,Cronulla near Sydney New South Wales AUSTRALIA,Cronulla,New South Wales,AUSTRALIA,-34.05744,151.15219
3056,2020-04-30|Crookhaven New South Wales AUSTRALIA,0.5541043665705192,-0.4325079495128598,0.04158192384026162,0.03257767418683546,0.30554656811470315,0.09335870528667295,0.0882036966754951,2020-04-30,Crookhaven New South Wales AUSTRALIA,Crookhaven,New South Wales,AUSTRALIA,-34.9211517,150.7225905
3057,2020-04-30|Crowdy Head New South Wales AUSTRALIA,0.5996953655869645,-0.40650100651148,0.04847897168589518,0.0367741743313353,0.3176757363652265,0.1009178734751889,0.09170508595273806,2020-04-30,Crowdy Head New South Wales AUSTRALIA,Crowdy Head,New South Wales,AUSTRALIA,-31.844324100000005,152.72650990000002
3058,2020-04-30|Cudgen Creek New South Wales AUSTRALIA,0.6177043489201658,-0.3616648898865982,0.038113112428532395,0.01839242698540883,0.33386093430589026,0.11146312345560198,0.10066285920455738,2020-04-30,Cudgen Creek New South Wales AUSTRALIA,Cudgen Creek,New South Wales,AUSTRALIA,-28.2765787,153.5730286
3059,2020-04-30|Cull Island  Esperance Western Australia AUSTRALIA,0.27096321519079064,-0.2433143766199761,0.035799275768484774,0.05675036654353362,0.19108253627397245,0.036512535668894,0.060425603570749706,2020-04-30,Cull Island  Esperance Western Australia AUSTRALIA,Cull Island / Esperance,Western Australia,AUSTRALIA,-33.9221794,121.90321809999999
3060,2020-04-30|Curl Curl New South Wales AUSTRALIA,0.5655976983582274,-0.4229333456939965,0.04549018614840781,0.03676383920820993,0.30775642209035625,0.09471401533785752,0.08884162656935164,2020-04-30,Curl Curl New South Wales AUSTRALIA,Curl Curl,New South Wales,AUSTRALIA,-33.77213,151.28992
3061,2020-04-30|Currumbin Queensland AUSTRALIA,0.6225885480847728,-0.3642169389607944,0.037434366253534045,0.019137294356142694,0.3365669523461616,0.1132773134115834,0.10147875434233128,2020-04-30,Currumbin Queensland AUSTRALIA,Currumbin,Queensland,AUSTRALIA,-28.136,153.483
3062,2020-04-30|Currumbin Rock Queensland AUSTRALIA,0.6225892681803549,-0.364217266196663,0.037433971784363536,0.019137604652127434,0.33656730516545796,0.11327755090633851,0.10147886072135172,2020-04-30,Currumbin Rock Queensland AUSTRALIA,Currumbin Rock,Queensland,AUSTRALIA,-28.133333299999997,153.5
3063,2020-04-30|Dampiers Creek Broome Western Australia AUSTRALIA,2.1416709087551133,-1.656847332491879,0.4470014368599133,0.8733877723863394,1.4320045963694799,2.050637164023317,0.4317656312928996,2020-04-30,Dampiers Creek Broome Western Australia AUSTRALIA,Dampier's Creek,Western Australia,AUSTRALIA,-17.9420122,122.250175
3064,2020-04-30|Dangerous Reef South Australia AUSTRALIA,0.4542982352368963,-0.3071265530149387,0.0647593453762365,-0.05529906031886265,0.2766739100280626,0.07654845249021647,0.08342032262214835,2020-04-30,Dangerous Reef South Australia AUSTRALIA,Dangerous Reef,South Australia,AUSTRALIA,-34.8166667,136.22916669999998
3065,2020-04-30|Dangerous Reef South Neptune Island South Australia AUSTRALIA,0.45430499405113434,-0.30713208808645603,0.06475994855981464,-0.05529910593561221,0.27667820192976716,0.07655082742308902,0.08342161667920209,2020-04-30,Dangerous Reef South Neptune Island South Australia AUSTRALIA,Dangerous Reef,South Australia,AUSTRALIA,-34.8166667,136.22916669999998
3066,2020-04-30|Darling Harbor Sydney New South Wales AUSTRALIA,0.5642058247174442,-0.423092213341209,0.04518981703834918,0.03643502644883782,0.307308702833037,0.09443863883692384,0.08871238115248432,2020-04-30,Darling Harbor Sydney New South Wales AUSTRALIA,Darling Harbor,New South Wales,AUSTRALIA,-33.87488,151.2009
3067,2020-04-30|Dee Why north of Queenscliff New South Wales AUSTRALIA,0.5655976983582274,-0.4229333456939965,0.04549018614840781,0.03676383920820993,0.30775642209035625,0.09471401533785752,0.08884162656935164,2020-04-30,Dee Why north of Queenscliff New South Wales AUSTRALIA,Dee Why,New South Wales,AUSTRALIA,-33.7544,151.2854
3068,2020-04-30|Denmark Western Australia AUSTRALIA,0.2471239431301457,-0.26405173154650874,0.022387928080273813,0.0536261926119295,0.19567615475931685,0.038289157541392116,0.05648684031214123,2020-04-30,Denmark Western Australia AUSTRALIA,Denmark,Western Australia,AUSTRALIA,-34.9617565,117.35065
3069,2020-04-30|Dent Island Whitsundays Queensland AUSTRALIA,1.214075942081094,-0.6900237726162027,0.30048854867989205,0.207501505759425,0.6386914271362859,0.40792673909738564,0.1925727109661523,2020-04-30,Dent Island Whitsundays Queensland AUSTRALIA,Dent Island,Queensland,AUSTRALIA,-20.3496288,148.93201430000002
3070,2020-04-30|Depth of 40 m on the wreck of the St Paul off Brisbane Queensland AUSTRALIA,1.870343342887593,-1.8401307875287105,0.3508647726659894,0.630857706141061,1.33257744998692,1.7757626602136423,0.40178721869956385,2020-04-30,Depth of 40 m on the wreck of the St Paul off Brisbane Queensland AUSTRALIA,Depth of 40 m on the wreck of the St. Paul off Brisbane,Queensland,AUSTRALIA,44.953702899999996,-93.0899578
3071,2020-04-30|Derwent Island Queensland AUSTRALIA,1.3628882444106807,-0.9541596614553283,0.235625096044457,0.3327775129280193,0.7416229019146823,0.5500045286443545,0.22360771832595877,2020-04-30,Derwent Island Queensland AUSTRALIA,Derwent Island,Queensland,AUSTRALIA,-20.9866702,149.7855122
3072,2020-04-30|Derwent River Tasmania AUSTRALIA,0.28878341564616167,-0.36152825796189186,0.02916009584384451,0.0950776865003328,0.22305223205334787,0.04975229822398055,0.07053530904729953,2020-04-30,Derwent River Tasmania AUSTRALIA,Derwent River,Tasmania,AUSTRALIA,-42.133391100000004,146.22308940000002
3073,2020-04-30|Derwent River empties into the sea at Hobart Tasmania AUSTRALIA,0.28878341564616167,-0.36152825796189186,0.02916009584384451,0.0950776865003328,0.22305223205334787,0.04975229822398055,0.07053530904729953,2020-04-30,Derwent River empties into the sea at Hobart Tasmania AUSTRALIA,Derwent River (empties into the sea at Hobart),Tasmania,AUSTRALIA,-42.133391100000004,146.22308940000002
3074,2020-04-30|Dicky Beach Queensland AUSTRALIA,0.6279921737515172,-0.357970860281593,0.0243291599150824,-0.03353853644511699,0.3405889203721514,0.11600081268026767,0.10269142332969623,2020-04-30,Dicky Beach Queensland AUSTRALIA,Dicky Beach,Queensland,AUSTRALIA,-26.783,153.13299999999998
3075,2020-04-30|Dingo Reef 80 nm off Townsville Queensland AUSTRALIA,0.6918672027036448,-0.42710216518798744,0.052874292718462744,-0.08886498583788173,0.42396504356462533,0.17974635816475468,0.12238816601451394,2020-04-30,Dingo Reef 80 nm off Townsville Queensland AUSTRALIA,Dingo Reef,Queensland,AUSTRALIA,-19.150384600000002,148.3894903
3076,2020-04-30|Direction Island Cocos Islands Western Australia AUSTRALIA,0.3762407909223132,-0.2401064290396992,0.022885511119109147,0.00589721753572767,0.2156519677510044,0.046505771194880245,0.06225336081615745,2020-04-30,Direction Island Cocos Islands Western Australia AUSTRALIA,Direction Island,Western Australia,AUSTRALIA,-12.188700599999999,96.8293902
3077,2020-04-30|Dobroyd Head Watson Bay Sydney New South Wales AUSTRALIA,0.5655970410820322,-0.4229326358227028,0.04549055275894975,0.03676436538227992,0.30775609211445293,0.09471381223355962,0.08884153131351334,2020-04-30,Dobroyd Head Watson Bay Sydney New South Wales AUSTRALIA,Dobroyd Head,New South Wales,AUSTRALIA,-33.8115783,151.2731683
3078,2020-04-30|Dolphin Bay Innes National Park South Australia AUSTRALIA,0.35949382595343304,-0.29534390875207606,0.04349707064330854,-0.011671023696175929,0.2272947019103796,0.051662881516528314,0.07187689581258244,2020-04-30,Dolphin Bay Innes National Park South Australia AUSTRALIA,Dolphin Bay,South Australia,AUSTRALIA,-35.2367081,136.897156
3079,2020-04-30|Double Island Beach Queensland AUSTRALIA,0.6264649417361263,-0.3587913754299133,0.02232991004589211,-0.03219071885366854,0.3397833314490865,0.11545271233063978,0.102448529130326,2020-04-30,Double Island Beach Queensland AUSTRALIA,Double Island Beach,Queensland,AUSTRALIA,-25.9090307,153.0924523
3080,2020-04-30|Dover Heights Sydney New South Wales AUSTRALIA,0.5642058247174442,-0.423092213341209,0.04518981703834918,0.03643502644883782,0.307308702833037,0.09443863883692384,0.08871238115248432,2020-04-30,Dover Heights Sydney New South Wales AUSTRALIA,Dover Heights,New South Wales,AUSTRALIA,-33.87185,151.27837
3081,2020-04-30|Dugong Bay Westerm Australia AUSTRALIA,2.735660600380036,-2.7404887071711643,0.17388021303632858,0.24975683047780917,1.9346229104551818,3.742765805658078,0.5584775290658582,2020-04-30,Dugong Bay Westerm Australia AUSTRALIA,Dugong Bay,Western Australia,AUSTRALIA,-16.395,123.87222220000001
3082,2020-04-30|Duranbah Greenmount Beach Queensland AUSTRALIA,0.620209231897657,-0.36308862242697565,0.037963394192982496,0.019424756023504092,0.33524859405644875,0.11239161981682558,0.10108125436176471,2020-04-30,Duranbah Greenmount Beach Queensland AUSTRALIA,Duranbah,Queensland,AUSTRALIA,-28.1675,153.55194440000002
3083,2020-04-30|Duranbah Queensland AUSTRALIA,0.6163657475878175,-0.3615698065518641,0.03826301424933246,0.01806116984723816,0.3332376944061724,0.11104736097314154,0.10047494530439895,2020-04-30,Duranbah Queensland AUSTRALIA,Duranbah,Queensland,AUSTRALIA,-28.316667,153.533333
3084,2020-04-30|Eaglehawk Neck Tasmania AUSTRALIA,0.37348744830000136,-0.4205512477879265,0.03592693111291027,0.08474096528328792,0.25028045603240556,0.0626403066717889,0.07224974433160583,2020-04-30,Eaglehawk Neck Tasmania AUSTRALIA,Eaglehawk Neck,Tasmania,AUSTRALIA,-43.019722200000004,147.925
3085,2020-04-30|East Ballina New South Wales AUSTRALIA,0.6191607846578938,-0.37297562916987254,0.04333314009218853,0.024809990317884854,0.3209140222581714,0.10298580968191812,0.09263989856874041,2020-04-30,East Ballina New South Wales AUSTRALIA,East Ballina,New South Wales,AUSTRALIA,-28.8537305,153.5865127
3086,2020-04-30|East of Station Pier Port Melbourne Victoria AUSTRALIA,0.4855894717761185,-0.553697150950533,0.028803758140777496,0.06634120284280809,0.34247425739228754,0.11728861697639884,0.0988638023479772,2020-04-30,East of Station Pier Port Melbourne Victoria AUSTRALIA,East of Station Pier,Victoria,AUSTRALIA,-37.8423661,144.93221259999999
3087,2020-04-30|Egg Rock Middle Harbor Sydney New South Wales AUSTRALIA,0.5655976983582274,-0.4229333456939965,0.04549018614840781,0.03676383920820993,0.30775642209035625,0.09471401533785752,0.08884162656935164,2020-04-30,Egg Rock Middle Harbor Sydney New South Wales AUSTRALIA,Egg Rock,New South Wales,AUSTRALIA,-33.7859956,151.2260866
3088,2020-04-30|Eight-mile reef off Port Kembla New South Wales AUSTRALIA,0.5589592423350466,-0.4284916866922961,0.04284834530697845,0.03368449309920744,0.3065216395820223,0.09395551553205116,0.08848517556256301,2020-04-30,Eight-mile reef off Port Kembla New South Wales AUSTRALIA,Eight-mile reef off Port Kembla,New South Wales,AUSTRALIA,-34.485392,150.8995794
3089,2020-04-30|Elephant Rock Currumbin near Southport Queensland AUSTRALIA,0.6225885480847728,-0.3642169389607944,0.037434366253534045,0.019137294356142694,0.3365669523461616,0.1132773134115834,0.10147875434233128,2020-04-30,Elephant Rock Currumbin near Southport Queensland AUSTRALIA,Elephant Rock,Queensland,AUSTRALIA,-28.131834499999997,153.48836269999998
3090,2020-04-30|Elliot Head near Bundaberg Queensland AUSTRALIA,0.8682801763107111,-0.5330745987210902,0.03379156219956106,0.045332605335275604,0.4701547113928773,0.22104545264491976,0.14175697919163682,2020-04-30,Elliot Head near Bundaberg Queensland AUSTRALIA,Elliot Head,Queensland,AUSTRALIA,-24.916667,152.48333300000002
3091,2020-04-30|Elliots Cove Tasmania AUSTRALIA,0.27584382524362666,-0.35288736516709995,0.02719409531155436,0.11392328417813039,0.22828199796350965,0.05211267059421182,0.07609399932116988,2020-04-30,Elliots Cove Tasmania AUSTRALIA,Elliot's Cove,Tasmania,AUSTRALIA,-42.98,145.56
3092,2020-04-30|Ellis Beach Queensland AUSTRALIA,0.6237200101023364,-0.3284197522161276,0.09526889831999943,0.01799932802946634,0.37334389009192215,0.13938566026896926,0.11806170431980441,2020-04-30,Ellis Beach Queensland AUSTRALIA,Ellis Beach,Queensland,AUSTRALIA,-16.722874800000003,145.67572130000002
3093,2020-04-30|Elliston Eyre Peninsula South Australia AUSTRALIA,0.48186497608588524,-0.3270824661290294,0.07015284606005323,-0.06334548837555558,0.2958043112727949,0.08750019056757254,0.08918835562375971,2020-04-30,Elliston Eyre Peninsula South Australia AUSTRALIA,Elliston,South Australia,AUSTRALIA,-34.3333333,135.75
3094,2020-04-30|Elwood Beach Victoria AUSTRALIA,0.4855894717761185,-0.553697150950533,0.028803758140777496,0.06634120284280809,0.34247425739228754,0.11728861697639884,0.0988638023479772,2020-04-30,Elwood Beach Victoria AUSTRALIA,Elwood Beach,Victoria,AUSTRALIA,-37.890226500000004,144.9845562
3095,2020-04-30|Elwood Victoria AUSTRALIA,0.4855873320634724,-0.5536996217002469,0.028798978721631924,0.06634337820737239,0.34247420618720953,0.1172885819035593,0.09886378756634441,2020-04-30,Elwood Victoria AUSTRALIA,Elwood,Victoria,AUSTRALIA,-37.882248600000004,144.9825759
3096,2020-04-30|Emerald Beach New South Wales AUSTRALIA,0.606173391035481,-0.38687292430120224,0.04690994949251567,0.0322187478126866,0.31825649851840127,0.10128719884919314,0.09187273754547336,2020-04-30,Emerald Beach New South Wales AUSTRALIA,Emerald Beach,New South Wales,AUSTRALIA,-30.1574794,153.1501948
3097,2020-04-30|Emerald Hill Victoria AUSTRALIA,0.485586797712524,-0.5537002399306968,0.02880016065202606,0.06635698137881808,0.34247502053544,0.11728913969075004,0.09886402264842944,2020-04-30,Emerald Hill Victoria AUSTRALIA,Emerald Hill,Victoria,AUSTRALIA,-37.835,144.96
3098,2020-04-30|Emu Channel Western Australia AUSTRALIA,0.29307167871598544,-0.295946199378483,0.0613777032462826,0.09309421715314695,0.21621499131750999,0.046748922470430915,0.0683731836836862,2020-04-30,Emu Channel Western Australia AUSTRALIA,Emu Channel,Western Australia,AUSTRALIA,-27.6728168,121.6283098
3099,2020-04-30|Emu Point Western Australia AUSTRALIA,0.2528259227354121,-0.2542496415920577,0.035422627044457256,0.0696629895114521,0.19023345753887655,0.03618876836719555,0.05735754556622357,2020-04-30,Emu Point Western Australia AUSTRALIA,Emu Point,Western Australia,AUSTRALIA,-34.9977653,117.9383683
3100,2020-04-30|Encounter Bay South Australia AUSTRALIA,0.3125066834638925,-0.3398087742327066,7.860934034856215e-05,0.009264581857357582,0.2189016851794952,0.04791794777442283,0.06922279088163293,2020-04-30,Encounter Bay South Australia AUSTRALIA,Encounter Bay,South Australia,AUSTRALIA,-35.5753024,138.5962997
3101,2020-04-30|Esperance Westerm Australia AUSTRALIA,0.27096321519079064,-0.2433143766199761,0.035799275768484774,0.05675036654353362,0.19108253627397245,0.036512535668894,0.060425603570749706,2020-04-30,Esperance Westerm Australia AUSTRALIA,Esperance,Western Australia,AUSTRALIA,-33.86131029999999,121.89142379999998
3102,2020-04-30|Esperance Western Australia AUSTRALIA,0.27096321519079064,-0.2433143766199761,0.035799275768484774,0.05675036654353362,0.19108253627397245,0.036512535668894,0.060425603570749706,2020-04-30,Esperance Western Australia AUSTRALIA,Esperance,Western Australia,AUSTRALIA,-33.86131029999999,121.89142379999998
3103,2020-04-30|Eva Rock Queensland AUSTRALIA,0.689172932081032,-0.3832932340568518,0.1176392682874782,0.041101988818005336,0.4085392178647351,0.1669042925335295,0.12919144419563142,2020-04-30,Eva Rock Queensland AUSTRALIA,Eva Rock,Queensland,AUSTRALIA,-18.235612,146.3256112
3104,2020-04-30|Evans Head New South Wales AUSTRALIA,0.6225068833970813,-0.3852739492317507,0.04421583600172855,0.02672185008710649,0.3243220714422743,0.10518480602460768,0.09362371762566707,2020-04-30,Evans Head New South Wales AUSTRALIA,Evans Head,New South Wales,AUSTRALIA,-29.108617100000004,153.4217078
3105,2020-04-30|Exmouth Western Australia AUSTRALIA,0.5837495546245731,-0.5860147406731553,0.031370405389964474,0.054816319240356154,0.3482688979296018,0.1212912252650994,0.10053657098501495,2020-04-30,Exmouth Western Australia AUSTRALIA,Exmouth,Western Australia,AUSTRALIA,-21.9313388,114.1236812
3106,2020-04-30|Fairhaven Beach Lorne Victoria AUSTRALIA,0.9230632019867091,-0.8415514680104282,0.1840691671494283,0.32705625449223036,0.5391030179470507,0.2906320639596181,0.14952027492042114,2020-04-30,Fairhaven Beach Lorne Victoria AUSTRALIA,Fairhaven Beach,Victoria,AUSTRALIA,-38.468452500000005,144.0776499
3107,2020-04-30|Fairy Bower New South Wales AUSTRALIA,0.5655976983582274,-0.4229333456939965,0.04549018614840781,0.03676383920820993,0.30775642209035625,0.09471401533785752,0.08884162656935164,2020-04-30,Fairy Bower New South Wales AUSTRALIA,Fairy Bower,New South Wales,AUSTRALIA,-33.8007906,151.2936784
3108,2020-04-30|Fairy Bower near North Steyne New South Wales AUSTRALIA,0.5655976983582274,-0.4229333456939965,0.04549018614840781,0.03676383920820993,0.30775642209035625,0.09471401533785752,0.08884162656935164,2020-04-30,Fairy Bower near North Steyne New South Wales AUSTRALIA,Fairy Bower,New South Wales,AUSTRALIA,-33.8007906,151.2936784
3109,2020-04-30|Falcon Bay Beach Mandurah Western Australia AUSTRALIA,0.2477900681750465,-0.21999573940887093,0.016991853212733096,0.028062107337687946,0.16426934659767767,0.026984418231627956,0.049529071565576475,2020-04-30,Falcon Bay Beach Mandurah Western Australia AUSTRALIA,Falcon Bay Beach,Western Australia,AUSTRALIA,-32.5785751,115.65358130000001
3110,2020-04-30|Falcon Beach Mandurah Western Australia AUSTRALIA,0.2477900681750465,-0.21999573940887093,0.016991853212733096,0.028062107337687946,0.16426934659767767,0.026984418231627956,0.049529071565576475,2020-04-30,Falcon Beach Mandurah Western Australia AUSTRALIA,Falcon Beach,Western Australia,AUSTRALIA,-32.5785751,115.65358130000001
3111,2020-04-30|Fantome Island Queensland AUSTRALIA,0.7292341135206096,-0.45095264257849627,0.07250683620519144,-0.013850234302501822,0.4200682189090792,0.17645730853744607,0.12126324963258177,2020-04-30,Fantome Island Queensland AUSTRALIA,Fantome Island,Queensland,AUSTRALIA,-18.6932861,146.5196111
3112,2020-04-30|Fidos Reef 300 m east of Cook Island Cook Island is 2 miles from Tweed Heads Gold Coast Queensland AUSTRALIA,0.620209231897657,-0.36308862242697565,0.037963394192982496,0.019424756023504092,0.33524859405644875,0.11239161981682558,0.10108125436176471,2020-04-30,Fidos Reef 300 m east of Cook Island Cook Island is 2 miles from Tweed Heads Gold Coast Queensland AUSTRALIA,Fido's Reef,Queensland,AUSTRALIA,-28.178665600000002,153.5370011
3113,2020-04-30|Fig Tree Bridge Lane Cove River near Sydney New South Wales AUSTRALIA,0.5655970410820322,-0.4229326358227028,0.04549055275894975,0.03676436538227992,0.30775609211445293,0.09471381223355962,0.08884153131351334,2020-04-30,Fig Tree Bridge Lane Cove River near Sydney New South Wales AUSTRALIA,Fig Tree Bridge,New South Wales,AUSTRALIA,-33.8298,151.1461246
3114,2020-04-30|Figtree Ledge Hervey Bay Queensland AUSTRALIA,0.932530820149499,-0.5891050146630503,0.031525217313829276,0.011660797947261988,0.5159073601716726,0.2661604042793039,0.15555192184292557,2020-04-30,Figtree Ledge Hervey Bay Queensland AUSTRALIA,Figtree Ledge,Queensland,AUSTRALIA,-25.288153899999998,152.7676633
3115,2020-04-30|Fingal Bay New South Wales AUSTRALIA,0.5810878056952388,-0.4151069846490219,0.04799613106994807,0.0383695793792497,0.31209299673921626,0.09740203861366446,0.09009348783979175,2020-04-30,Fingal Bay New South Wales AUSTRALIA,Fingal Bay,New South Wales,AUSTRALIA,-32.750155,152.16318700000002
3116,2020-04-30|Fingal Beach New South Wales AUSTRALIA,0.620209231897657,-0.36308862242697565,0.037963394192982496,0.019424756023504092,0.33524859405644875,0.11239161981682558,0.10108125436176471,2020-04-30,Fingal Beach New South Wales AUSTRALIA,Fingal Beach,New South Wales,AUSTRALIA,-28.2,153.5667
3117,2020-04-30|Fingal Beach Queensland AUSTRALIA,0.620209231897657,-0.36308862242697565,0.037963394192982496,0.019424756023504092,0.33524859405644875,0.11239161981682558,0.10108125436176471,2020-04-30,Fingal Beach Queensland AUSTRALIA,Fingal Beach,Queensland,AUSTRALIA,-28.2,153.5667
3118,2020-04-30|Fingal Beach near Tweed Heads Queensland AUSTRALIA,0.620223493279951,-0.3630869676721667,0.03796960359785306,0.019430750582180606,0.3352526039847078,0.1123943084785273,0.10108246340062577,2020-04-30,Fingal Beach near Tweed Heads Queensland AUSTRALIA,Fingal Beach,Queensland,AUSTRALIA,-28.2,153.5667
3119,2020-04-30|First Beach Forster New South Wales AUSTRALIA,0.5965116148620174,-0.409355499166169,0.049215115553293144,0.03851587689205699,0.3168950694724718,0.10042248505596273,0.09147972683239838,2020-04-30,First Beach Forster New South Wales AUSTRALIA,First Beach,New South Wales,AUSTRALIA,-32.1777906,152.5131044
3120,2020-04-30|First Sun Beach Byron Bay New South Wales AUSTRALIA,0.6168603946493023,-0.36385016742117204,0.038747455861366686,0.017296297458896027,0.3337289944349341,0.11137504172655228,0.10062307783666197,2020-04-30,First Sun Beach Byron Bay New South Wales AUSTRALIA,First Sun Beach,New South Wales,AUSTRALIA,-28.6410983,153.611705
3121,2020-04-30|Fishery Bay Eyre Peninsula South Australia AUSTRALIA,0.3493580716088966,-0.2917532867561298,0.046423197050343076,-0.03491749496501992,0.21774286609874005,0.04741195573689384,0.06565194432964706,2020-04-30,Fishery Bay Eyre Peninsula South Australia AUSTRALIA,Fishery Bay,South Australia,AUSTRALIA,-34.9141667,135.6861111
3122,2020-04-30|Fishery Bay South Australia AUSTRALIA,0.3493580716088966,-0.2917532867561298,0.046423197050343076,-0.03491749496501992,0.21774286609874005,0.04741195573689384,0.06565194432964706,2020-04-30,Fishery Bay South Australia AUSTRALIA,Fishery Bay,South Australia,AUSTRALIA,-34.9141667,135.6861111
3123,2020-04-30|Fitzroy Island Queensland AUSTRALIA,0.62870177238979,-0.3239283631335845,0.10184138852622512,0.023777665023897755,0.37500471297211513,0.14062853475129844,0.11858690262895749,2020-04-30,Fitzroy Island Queensland AUSTRALIA,Fitzroy Island,Queensland,AUSTRALIA,-16.9336669,145.9943465
3124,2020-04-30|Fitzroy River at Rockhampton Queensland AUSTRALIA,1.4495265749498385,-0.9644858070005815,0.20609495866368893,0.18445843322858507,0.8114641148356325,0.6584740096659767,0.24466563634069635,2020-04-30,Fitzroy River at Rockhampton Queensland AUSTRALIA,Fitzroy River at Rockhampton,Queensland,AUSTRALIA,-23.265825699999997,150.35923630000002
3125,2020-04-30|Fitzroy River near Rockhampton Queensland AUSTRALIA,1.4495263640015315,-0.9644855590482192,0.2060936750748196,0.18445991145857027,0.8114631542781783,0.6584724507510906,0.24466534672172677,2020-04-30,Fitzroy River near Rockhampton Queensland AUSTRALIA,Fitzroy River near Rockhampton,Queensland,AUSTRALIA,-23.265825699999997,150.35923630000002
3126,2020-04-30|Flat Rock Ballina New South Wales AUSTRALIA,0.6193874789725659,-0.3719715597343871,0.04304352863251134,0.02431808071951924,0.3208686662127711,0.10295670095716271,0.09262680540622979,2020-04-30,Flat Rock Ballina New South Wales AUSTRALIA,Flat Rock,New South Wales,AUSTRALIA,-28.842362599999998,153.60194730000003
3127,2020-04-30|Flat Rock Beach Lennox Head New South Wales AUSTRALIA,0.6194016677810469,-0.37196978610899706,0.04305007362263963,0.024326108422322093,0.3208726403012052,0.10295925129386661,0.0926279526267434,2020-04-30,Flat Rock Beach Lennox Head New South Wales AUSTRALIA,Flat Rock Beach,New South Wales,AUSTRALIA,-28.842362599999998,153.60194730000003
3128,2020-04-30|Flat Rock New South Wales AUSTRALIA,0.5447711677829645,-0.4357106127007039,0.03884881717923437,0.02953446766120313,0.3030319468415993,0.09182836080660985,0.08747778804102686,2020-04-30,Flat Rock New South Wales AUSTRALIA,Flat Rock,New South Wales,AUSTRALIA,-35.2341806,150.52992930000002
3129,2020-04-30|Flat Rock Yamba New South Wales AUSTRALIA,0.6182849309812845,-0.3884301751298019,0.0463910911883417,0.03060769705436627,0.32325539507842543,0.1044940504473089,0.09331579468276388,2020-04-30,Flat Rock Yamba New South Wales AUSTRALIA,Flat Rock,New South Wales,AUSTRALIA,-29.4372663,153.3652792
3130,2020-04-30|Flinders Cay Queensland AUSTRALIA,0.7426835350980326,-0.4846498052083389,0.07411472410150018,-0.0029690679931074337,0.42870440420585965,0.1837874661855011,0.12375630158551561,2020-04-30,Flinders Cay Queensland AUSTRALIA,Flinders Cay,Queensland,AUSTRALIA,-21.0184301,144.4342138
3131,2020-04-30|Flinders Island Tasmania AUSTRALIA,0.6151195075136751,-0.5886253767772416,0.03407342569898574,0.028212623385319293,0.3828935494982611,0.1466074702473773,0.11544674893937319,2020-04-30,Flinders Island Tasmania AUSTRALIA,Flinders Island,Tasmania,AUSTRALIA,-39.9836386,148.052689
3132,2020-04-30|Flinders Island Victoria AUSTRALIA,0.48791812569994436,-0.5591285059760347,0.027833329977247353,0.067560518762516,0.3439811296139007,0.11832301753045517,0.09929879888936857,2020-04-30,Flinders Island Victoria AUSTRALIA,Flinders Island,Victoria,AUSTRALIA,-37.908132,145.101076
3133,2020-04-30|Flinders Mornington Penisula Victoria AUSTRALIA,1.0764172811472326,-1.0722110496619348,0.2090268692886669,0.3166788972269653,0.6596285015876313,0.43510976010674374,0.1904183464783842,2020-04-30,Flinders Mornington Penisula Victoria AUSTRALIA,Flinders,Victoria,AUSTRALIA,-38.474000000000004,145.02200000000002
3134,2020-04-30|Flinders Victoria AUSTRALIA,1.076425678497608,-1.072225742825625,0.20902316525970588,0.31667049956386284,0.6596357869007032,0.43511937136011003,0.19042044956711582,2020-04-30,Flinders Victoria AUSTRALIA,Flinders,Victoria,AUSTRALIA,-38.474000000000004,145.02200000000002
3135,2020-04-30|Floreat Beach Western Australia AUSTRALIA,0.24318089955641664,-0.2188481321430163,0.03139306275378664,0.04690126323801215,0.16947292335892977,0.02872107175182169,0.04892261896081546,2020-04-30,Floreat Beach Western Australia AUSTRALIA,Floreat Beach,Western Australia,AUSTRALIA,-31.928959399999997,115.7548856
3136,2020-04-30|Fluted Cape Bruny Island Tasmania AUSTRALIA,0.36930875007389624,-0.46856960266187686,0.007601402674047392,0.09448187817357107,0.26091305108580254,0.06807562022690261,0.07531911013973734,2020-04-30,Fluted Cape Bruny Island Tasmania AUSTRALIA,Fluted Cape,Tasmania,AUSTRALIA,-43.3582342,147.3630217
3137,2020-04-30|Fourth Beach  Twilgth Beach Western Australia AUSTRALIA,0.2704865014168919,-0.2426828406840919,0.03601707175104214,0.05698557658626412,0.1906290557220197,0.036339436885468895,0.060282200428873604,2020-04-30,Fourth Beach  Twilgth Beach Western Australia AUSTRALIA,Fourth Beach / Twilgth Beach,Western Australia,AUSTRALIA,-33.887392299999995,121.84184979999999
3138,2020-04-30|Frankston Victoria AUSTRALIA,0.4915151453930583,-0.5679664267371002,0.025808862567902324,0.06905484200255305,0.3460384129326836,0.11974258322497047,0.09989268542831789,2020-04-30,Frankston Victoria AUSTRALIA,Frankston,Victoria,AUSTRALIA,-38.1466246,145.135722
3139,2020-04-30|Fraser Island Queensland AUSTRALIA,0.9294117126680225,-0.5650495331221598,0.051969514255450884,0.059573068678725805,0.5041807441769691,0.25419822279884235,0.15201621408701543,2020-04-30,Fraser Island Queensland AUSTRALIA,Fraser Island,Queensland,AUSTRALIA,-25.2398229,153.1325243
3140,2020-04-30|Frasers Reef New South Wales AUSTRALIA,0.5680107544038523,-0.42304753499231273,0.04654407596804514,0.038169907934712075,0.3087075676459695,0.09530036232189086,0.08911619864063756,2020-04-30,Frasers Reef New South Wales AUSTRALIA,Fraser's Reef,New South Wales,AUSTRALIA,-31.2532183,146.921099
3141,2020-04-30|Fremantle Western Australia AUSTRALIA,0.24396729053081845,-0.22043003104968267,0.030738148374604132,0.04661503961719489,0.1704706507771444,0.029060242776383124,0.04921063805755751,2020-04-30,Fremantle Western Australia AUSTRALIA,Fremantle,Western Australia,AUSTRALIA,-32.051819099999996,115.75510849999999
3142,2020-04-30|Frenchman Bay Western Australia AUSTRALIA,0.25127582915534885,-0.25027277806813203,0.03920846162782106,0.07450687915292274,0.1877618060284584,0.035254495803068435,0.05661231459598974,2020-04-30,Frenchman Bay Western Australia AUSTRALIA,Frenchman Bay,Western Australia,AUSTRALIA,-35.0943154,117.9496472
3143,2020-04-30|Freo Western Australia AUSTRALIA,0.24396729053081845,-0.22043003104968267,0.030738148374604132,0.04661503961719489,0.1704706507771444,0.029060242776383124,0.04921063805755751,2020-04-30,Freo Western Australia AUSTRALIA,Freo,Western Australia,AUSTRALIA,-32.051819099999996,115.75510849999999
3144,2020-04-30|Garden Island Sydney New South Wales AUSTRALIA,0.564205167382753,-0.4230915020147429,0.045190181493181096,0.036435549585623575,0.30730837408970524,0.09443843678565823,0.08871228625245878,2020-04-30,Garden Island Sydney New South Wales AUSTRALIA,Garden Island,New South Wales,AUSTRALIA,-33.858892100000006,151.2294331
3145,2020-04-30|Garden Point Woolloomooloo Sydney Harbour New South Wales AUSTRALIA,0.5642058247174442,-0.423092213341209,0.04518981703834918,0.03643502644883782,0.307308702833037,0.09443863883692384,0.08871238115248432,2020-04-30,Garden Point Woolloomooloo Sydney Harbour New South Wales AUSTRALIA,Garden Point,New South Wales,AUSTRALIA,-33.8641859,151.2165708
3146,2020-04-30|Gay’s Corner Bulimba Reach of Brisbane River Queensland AUSTRALIA,0.8287879064481923,-0.5716293663953881,0.06710026608644772,0.007761922035029274,0.5029285748256961,0.25293715137620576,0.14518297402938524,2020-04-30,Gay’s Corner Bulimba Reach of Brisbane River Queensland AUSTRALIA,Gay’s Corner,Queensland,AUSTRALIA,-27.45,153.058
3147,2020-04-30|Gearys Beach Western Australia AUSTRALIA,0.29307167871598544,-0.295946199378483,0.0613777032462826,0.09309421715314695,0.21621499131750999,0.046748922470430915,0.0683731836836862,2020-04-30,Gearys Beach Western Australia AUSTRALIA,Gearys Beach,Western Australia,AUSTRALIA,-27.6728168,121.6283098
3148,2020-04-30|Geelong Victoria AUSTRALIA,0.48641738747102453,-0.5499858009274442,0.024349220581974376,0.05058600376841502,0.35030874064500567,0.12271621377228983,0.10112542285543641,2020-04-30,Geelong Victoria AUSTRALIA,Geelong,Victoria,AUSTRALIA,-38.1499181,144.3617186
3149,2020-04-30|Geographe Bay Western Australia AUSTRALIA,0.2760360718060675,-0.2534279411890946,0.00020444394242990124,-0.00251893329989223,0.19074911322024501,0.03638522419430985,0.05506452593269543,2020-04-30,Geographe Bay Western Australia AUSTRALIA,Geographe Bay,Western Australia,AUSTRALIA,-33.625,115.3197222
3150,2020-04-30|George Town Cove Tasmania AUSTRALIA,1.2634875135999208,-1.1479091615333885,0.32070973547781273,0.5236469127340714,0.8220100071975456,0.675700451932909,0.2478453425265091,2020-04-30,George Town Cove Tasmania AUSTRALIA,George Town Cove,Tasmania,AUSTRALIA,-41.112004999999996,146.82339299999998
3151,2020-04-30|Georges Head off Port Jackson New South Wales AUSTRALIA,0.5642058247174442,-0.423092213341209,0.04518981703834918,0.03643502644883782,0.307308702833037,0.09443863883692384,0.08871238115248432,2020-04-30,Georges Head off Port Jackson New South Wales AUSTRALIA,Georges Head,New South Wales,AUSTRALIA,-33.8462182,151.2488616
3152,2020-04-30|Georges River New South Wales AUSTRALIA,0.5604431742801098,-0.4264463446130171,0.04316769089112585,0.033887433772198924,0.3066433559397458,0.09403014774198963,0.08852031204851124,2020-04-30,Georges River New South Wales AUSTRALIA,Georges River,New South Wales,AUSTRALIA,-34.0494645,150.8953368
3153,2020-04-30|George’s River New South Wales AUSTRALIA,0.5604431742801098,-0.4264463446130171,0.04316769089112585,0.033887433772198924,0.3066433559397458,0.09403014774198963,0.08852031204851124,2020-04-30,George’s River New South Wales AUSTRALIA,George’s River,New South Wales,AUSTRALIA,-34.0494645,150.8953368
3154,2020-04-30|George’s River at Kentucky New South Wales AUSTRALIA,0.5604431742801098,-0.4264463446130171,0.04316769089112585,0.033887433772198924,0.3066433559397458,0.09403014774198963,0.08852031204851124,2020-04-30,George’s River at Kentucky New South Wales AUSTRALIA,George’s River at Kentucky,New South Wales,AUSTRALIA,-34.0494645,150.8953368
3155,2020-04-30|Geraldton Western Australia AUSTRALIA,0.27766527151295856,-0.2607051310946559,0.027311270961875935,0.01663658072328587,0.18436132035622915,0.033989096443492156,0.04927263543902013,2020-04-30,Geraldton Western Australia AUSTRALIA,Geraldton,Western Australia,AUSTRALIA,-28.7796535,114.6144452
3156,2020-04-30|Gerringong New South Wales AUSTRALIA,0.5563770516500742,-0.43133386879383023,0.04206566925469817,0.03300549860818868,0.30621073591801135,0.09376501479145008,0.08839542540550864,2020-04-30,Gerringong New South Wales AUSTRALIA,Gerringong,New South Wales,AUSTRALIA,-34.7391385,150.8249873
3157,2020-04-30|Gin Arm Creek Queensland AUSTRALIA,1.395388840644294,-1.186819416374766,0.15796900200540012,0.19685990156073824,0.9630086014807261,0.927385566525864,0.2903580182724055,2020-04-30,Gin Arm Creek Queensland AUSTRALIA,Gin Arm Creek,Queensland,AUSTRALIA,-17.563458999999998,139.44820280000002
3158,2020-04-30|Gladstone Queensland AUSTRALIA,0.9446813026987294,-0.6322437606336592,-0.004096019698499992,-0.024353817568926687,0.5193711172718748,0.26974635745623554,0.15659628390349833,2020-04-30,Gladstone Queensland AUSTRALIA,Gladstone,Queensland,AUSTRALIA,-23.8415948,151.24977080000002
3159,2020-04-30|Gladstone Reef Queensland AUSTRALIA,0.9446813026987294,-0.6322437606336592,-0.004096019698499992,-0.024353817568926687,0.5193711172718748,0.26974635745623554,0.15659628390349833,2020-04-30,Gladstone Reef Queensland AUSTRALIA,Gladstone Reef,Queensland,AUSTRALIA,-23.8397556,151.2543694
3160,2020-04-30|Glenelg Breakwater South Australia AUSTRALIA,0.77070219355976,-0.4731222538050645,0.0613663904251048,0.011579741442282066,0.42506967147417024,0.18068422560715902,0.122707044624979,2020-04-30,Glenelg Breakwater South Australia AUSTRALIA,Glenelg Breakwater,South Australia,AUSTRALIA,-34.982,138.516
3161,2020-04-30|Glenelg South Australia AUSTRALIA,0.7706918811005048,-0.4731179331673749,0.061365978768437156,0.011585704347619557,0.4250648307470964,0.1806801103380577,0.12270564722743942,2020-04-30,Glenelg South Australia AUSTRALIA,Glenelg,South Australia,AUSTRALIA,-34.982,138.516
3162,2020-04-30|Glenelg Western Australia AUSTRALIA,0.77070219355976,-0.4731222538050645,0.0613663904251048,0.011579741442282066,0.42506967147417024,0.18068422560715902,0.122707044624979,2020-04-30,Glenelg Western Australia AUSTRALIA,Glenelg,Western Australia,AUSTRALIA,-34.982,138.516
3163,2020-04-30|Gnaraloo Western Australia AUSTRALIA,0.42315883394775755,-0.3486703474166037,0.036533722810623594,0.01650830091417602,0.22477194538733541,0.05052242743320729,0.06488607158782699,2020-04-30,Gnaraloo Western Australia AUSTRALIA,Gnaraloo,Western Australia,AUSTRALIA,-23.8214,113.523903
3164,2020-04-30|Golden Beach Caloundra Queensland AUSTRALIA,0.6279921737515172,-0.357970860281593,0.0243291599150824,-0.03353853644511699,0.3405889203721514,0.11600081268026767,0.10269142332969623,2020-04-30,Golden Beach Caloundra Queensland AUSTRALIA,Golden Beach,Queensland,AUSTRALIA,-26.799,153.13299999999998
3165,2020-04-30|Golden Beach Queensland AUSTRALIA,0.6279921737515172,-0.357970860281593,0.0243291599150824,-0.03353853644511699,0.3405889203721514,0.11600081268026767,0.10269142332969623,2020-04-30,Golden Beach Queensland AUSTRALIA,Golden Beach,Queensland,AUSTRALIA,-26.823,153.118
3166,2020-04-30|Goldsmith Beach Yorke Peninsula South Australia AUSTRALIA,0.6115000598715782,-0.3613543747019798,0.011720408030198711,-0.05543280355629599,0.3269852180806065,0.10691933284322178,0.09439250183993332,2020-04-30,Goldsmith Beach Yorke Peninsula South Australia AUSTRALIA,Goldsmith Beach,South Australia,AUSTRALIA,-35.15153370000001,137.68547780000003
3167,2020-04-30|Goolwa Beach Fleurieu Peninsula South Australia AUSTRALIA,0.3060090616092571,-0.33548718682371714,-0.0018160455550174203,0.0071614198327986465,0.21512259917671764,0.046277732676546716,0.06802773895738908,2020-04-30,Goolwa Beach Fleurieu Peninsula South Australia AUSTRALIA,Goolwa Beach,South Australia,AUSTRALIA,-35.5,138.5
3168,2020-04-30|Goolwa Beach South Australia AUSTRALIA,0.31831201537219245,-0.34433497889402204,0.002263332109310667,0.012068134315355163,0.22268921121380203,0.049590484791025326,0.07042051177819239,2020-04-30,Goolwa Beach South Australia AUSTRALIA,Goolwa Beach,South Australia,AUSTRALIA,-35.5121467,138.7618244
3169,2020-04-30|Goolwa Victoria AUSTRALIA,0.31831446393916707,-0.34434039544273715,0.0022595129368420453,0.012062615393818024,0.2226916252382593,0.04959155995125733,0.07042127515975362,2020-04-30,Goolwa Victoria AUSTRALIA,Goolwa,Victoria,AUSTRALIA,-35.498028600000005,138.7783094
3170,2020-04-30|Governors Reef Port Phillip Bay Victoria AUSTRALIA,0.48061990260162096,-0.5500309646797016,0.03339849533536277,0.07980382682689673,0.3360935372358946,0.11295886577173567,0.09702184709801863,2020-04-30,Governors Reef Port Phillip Bay Victoria AUSTRALIA,Governor's Reef,Victoria,AUSTRALIA,-38.1552778,144.7263889
3171,2020-04-30|Gracetown Western Australia AUSTRALIA,0.25933787892971866,-0.26408609748946416,0.031155205983829922,0.06185023265660766,0.1937568461205971,0.03754171541860074,0.05593278363252982,2020-04-30,Gracetown Western Australia AUSTRALIA,Gracetown,Western Australia,AUSTRALIA,-33.8641558,114.9882251
3172,2020-04-30|Graceville Queensland AUSTRALIA,0.8287997786558853,-0.5716298841385824,0.06710178106622651,0.007762758105059011,0.5029303290093686,0.25293891583747175,0.14518348041859302,2020-04-30,Graceville Queensland AUSTRALIA,Graceville,Queensland,AUSTRALIA,-27.520922,152.98091200000002
3173,2020-04-30|Grange South Australia AUSTRALIA,0.7970686906002468,-0.6238707772092376,0.012283942092133819,-0.03923584392560223,0.4655690462446814,0.2167545368211823,0.12912562065415878,2020-04-30,Grange South Australia AUSTRALIA,Grange,South Australia,AUSTRALIA,-34.9,138.489
3174,2020-04-30|Great Barrier Reef Queensland AUSTRALIA,0.6194046092075902,-0.38166115648123533,0.049760411999311936,-0.12161605522069144,0.3870954700418298,0.14984290292690516,0.11174483691536759,2020-04-30,Great Barrier Reef Queensland AUSTRALIA,Great Barrier Reef,Queensland,AUSTRALIA,-18.2870668,147.6991918
3175,2020-04-30|Great Barrier Reef near Upolu Bay Queensland AUSTRALIA,0.6227198306573444,-0.3199565020000777,0.10093046778834369,0.02207297430122905,0.3719806253219594,0.13836958561491594,0.11763060214710963,2020-04-30,Great Barrier Reef near Upolu Bay Queensland AUSTRALIA,Great Barrier Reef (near Upolu Bay),Queensland,AUSTRALIA,-16.6722064,145.9334219
3176,2020-04-30|Great Barrier Reef off Cairns Queensland AUSTRALIA,0.6254564009221659,-0.32536755430299996,0.09872915467585497,0.020740541336298955,0.3739125172406391,0.13981057054923127,0.1182415200127397,2020-04-30,Great Barrier Reef off Cairns Queensland AUSTRALIA,Great Barrier Reef,Queensland,AUSTRALIA,-16.9185514,145.7780548
3177,2020-04-30|Great Keppel Island Queensland AUSTRALIA,1.183766766372922,-0.8380097272426454,0.15130941757744074,0.1424902573088488,0.7375042791854279,0.5439125618168176,0.21289914705810387,2020-04-30,Great Keppel Island Queensland AUSTRALIA,Great Keppel Island,Queensland,AUSTRALIA,-23.1262002,150.97441619999998
3178,2020-04-30|Green Island New South Wales AUSTRALIA,0.5447846256045356,-0.43570663018600975,0.03885618908997129,0.029545883495467808,0.30303591276873815,0.09183076442758228,0.08747893290557747,2020-04-30,Green Island New South Wales AUSTRALIA,Green Island,New South Wales,AUSTRALIA,-35.2721138,150.5160592
3179,2020-04-30|Green Island Queensland AUSTRALIA,0.6223812966952095,-0.3193497021835122,0.10118291609322876,0.021987658151638133,0.37181111966651026,0.13824350870766403,0.11757699975235973,2020-04-30,Green Island Queensland AUSTRALIA,Green Island,Queensland,AUSTRALIA,-16.7597228,145.97380159999997
3180,2020-04-30|Greenmount Beach Queensland AUSTRALIA,0.620209231897657,-0.36308862242697565,0.037963394192982496,0.019424756023504092,0.33524859405644875,0.11239161981682558,0.10108125436176471,2020-04-30,Greenmount Beach Queensland AUSTRALIA,Greenmount Beach,Queensland,AUSTRALIA,-28.1639838,153.54760100000001
3181,2020-04-30|Grey’s Point Port Hacking New South Wales AUSTRALIA,0.5608930576474997,-0.4252265992802362,0.04353342125942347,0.0343568089598007,0.30657942367964525,0.09399094302374342,0.08850185639472176,2020-04-30,Grey’s Point Port Hacking New South Wales AUSTRALIA,Grey’s Point,New South Wales,AUSTRALIA,-34.05508,151.07492
3182,2020-04-30|Guillotines surf break Shire of Augusta Margaret River Western Australia AUSTRALIA,0.2627088186438615,-0.2811974341434578,0.02482994148036018,0.05763317586307763,0.20255012850356865,0.04102655455681217,0.05847118560796433,2020-04-30,Guillotines surf break Shire of Augusta Margaret River Western Australia AUSTRALIA,Guillotines surf break,Western Australia,AUSTRALIA,-34.1622739,115.18891599999999
3183,2020-04-30|Half Tide Beach Evans Head New South Wales AUSTRALIA,0.6225068833970813,-0.3852739492317507,0.04421583600172855,0.02672185008710649,0.3243220714422743,0.10518480602460768,0.09362371762566707,2020-04-30,Half Tide Beach Evans Head New South Wales AUSTRALIA,Half Tide Beach,New South Wales,AUSTRALIA,-29.108617100000004,153.4217078
3184,2020-04-30|Hallidays Point New South Wales AUSTRALIA,0.5974614267638082,-0.4090310703268756,0.049092820542093844,0.03819855489593228,0.3172278480413947,0.10063350757297419,0.09157579173057247,2020-04-30,Hallidays Point New South Wales AUSTRALIA,Hallidays Point,New South Wales,AUSTRALIA,-32.0683509,152.51499819999998
3185,2020-04-30|Hamelin Bay Western Australia AUSTRALIA,0.2634294570297548,-0.28570082290618515,0.022308325190941888,0.055061873736316345,0.2048461625425229,0.041961950308397715,0.05913399354319372,2020-04-30,Hamelin Bay Western Australia AUSTRALIA,Hamelin Bay,Western Australia,AUSTRALIA,-34.2283311,115.0559483
3186,2020-04-30|Hamelin Harbour at Faure Island Western Australia AUSTRALIA,0.45446569119527136,-0.5065483313897063,0.03951797118652127,0.06690525804448354,0.2891463462039979,0.0836056095231222,0.07465726556432052,2020-04-30,Hamelin Harbour at Faure Island Western Australia AUSTRALIA,Hamelin Harbour,Western Australia,AUSTRALIA,-25.8438664,113.89416570000002
3187,2020-04-30|Hams Beach New South Wales AUSTRALIA,0.5774063566444759,-0.4189416622281494,0.048292391803851524,0.039555810549023865,0.3113955557015106,0.0969671921106526,0.08989215395436014,2020-04-30,Hams Beach New South Wales AUSTRALIA,Hams Beach,New South Wales,AUSTRALIA,-33.097531,151.658097
3188,2020-04-30|Happy Valley Beach Caloundra Queensland AUSTRALIA,0.6279921737515172,-0.357970860281593,0.0243291599150824,-0.03353853644511699,0.3405889203721514,0.11600081268026767,0.10269142332969623,2020-04-30,Happy Valley Beach Caloundra Queensland AUSTRALIA,Happy Valley Beach,Queensland,AUSTRALIA,-26.8071839,153.13424890000002
3189,2020-04-30|Hardwicke Bay Yorke Peninsula South Australia AUSTRALIA,0.45318707986344964,-0.37798068644151517,0.06618926698014656,0.09617777899263029,0.32120515947337275,0.10317275447231483,0.10706838649112425,2020-04-30,Hardwicke Bay Yorke Peninsula South Australia AUSTRALIA,Hardwicke Bay,South Australia,AUSTRALIA,-34.889309600000004,137.45835280000003
3190,2020-04-30|Harvey Bay Queensland AUSTRALIA,0.9325325343159802,-0.5891016692851243,0.03152148629263757,0.011661137405274137,0.515907109756356,0.26616014589715675,0.15555184633986677,2020-04-30,Harvey Bay Queensland AUSTRALIA,Harvey Bay,Queensland,AUSTRALIA,-25.288153899999998,152.7676633
3191,2020-04-30|Hawkesbury Bridge Sydney New South Wales AUSTRALIA,0.5608930576474997,-0.4252265992802362,0.04353342125942347,0.0343568089598007,0.30657942367964525,0.09399094302374342,0.08850185639472176,2020-04-30,Hawkesbury Bridge Sydney New South Wales AUSTRALIA,Hawkesbury Bridge,New South Wales,AUSTRALIA,-33.874241299999994,150.92112269999998
3192,2020-04-30|Hawkesbury River New South Wales AUSTRALIA,0.5680107544038523,-0.42304753499231273,0.04654407596804514,0.038169907934712075,0.3087075676459695,0.09530036232189086,0.08911619864063756,2020-04-30,Hawkesbury River New South Wales AUSTRALIA,Hawkesbury River,New South Wales,AUSTRALIA,-33.4594721,151.0642231
3193,2020-04-30|Hawks Nest Beach New South Wales AUSTRALIA,0.5820240724734111,-0.41529410285402246,0.04802170263227398,0.038356884364470004,0.31248883855515563,0.09764927422155013,0.09020775752928631,2020-04-30,Hawks Nest Beach New South Wales AUSTRALIA,Hawks Nest Beach,New South Wales,AUSTRALIA,-32.6742413,152.1858925
3194,2020-04-30|Heron Island Queensland AUSTRALIA,0.8292049949098774,-0.43881146499975165,0.04496205003634611,-0.004997684507041737,0.4308936142309376,0.18566930678500004,0.13626052501917055,2020-04-30,Heron Island Queensland AUSTRALIA,Heron Island,Queensland,AUSTRALIA,-23.442297600000003,151.9148004
3195,2020-04-30|Hinchinbrook Channel Queensland Queensland AUSTRALIA,0.689172932081032,-0.3832932340568518,0.1176392682874782,0.041101988818005336,0.4085392178647351,0.1669042925335295,0.12919144419563142,2020-04-30,Hinchinbrook Channel Queensland Queensland AUSTRALIA,Hinchinbrook Channel,Queensland,AUSTRALIA,-18.292160600000003,146.2440175
3196,2020-04-30|Hobart Tasmania AUSTRALIA,0.38493008452907596,-0.4863744499812659,0.006155835227764225,0.09206561207672007,0.2674581715560911,0.07153387353212745,0.07720852367243715,2020-04-30,Hobart Tasmania AUSTRALIA,Hobart,Tasmania,AUSTRALIA,-42.8821377,147.3271949
3197,2020-04-30|Hobson Bay Victoria AUSTRALIA,0.4829211281021098,-0.5496789938725575,0.02985047359926252,0.06775237946471967,0.34032709525113947,0.11582253176207814,0.09824397002788439,2020-04-30,Hobson Bay Victoria AUSTRALIA,Hobson Bay,Victoria,AUSTRALIA,-37.8360799,144.8401227
3198,2020-04-30|Hobsons Bay Victoria AUSTRALIA,0.4829211281021098,-0.5496789938725575,0.02985047359926252,0.06775237946471967,0.34032709525113947,0.11582253176207814,0.09824397002788439,2020-04-30,Hobsons Bay Victoria AUSTRALIA,Hobson's Bay,Victoria,AUSTRALIA,-37.8360799,144.8401227
3199,2020-04-30|Hog Bay South Australia AUSTRALIA,0.5361472196025562,-0.2729635921417809,0.045186583601023615,-0.08465439058209821,0.2907013785099169,0.08450729146756597,0.08062605585119775,2020-04-30,Hog Bay South Australia AUSTRALIA,Hog Bay,South Australia,AUSTRALIA,-35.7189386,137.9434671
3200,2020-04-30|Holmes Reef Queensland AUSTRALIA,0.8358443807071606,-1.2464219803379368,0.1057613725627606,0.399121630149637,0.6787153228876365,0.46065448952246857,0.18139430009994184,2020-04-30,Holmes Reef Queensland AUSTRALIA,Holmes Reef,Queensland,AUSTRALIA,-10.6005556,142.23138889999998
3201,2020-04-30|Homebush Bay Parramatta River Sydney New South Wales AUSTRALIA,0.5655970410820322,-0.4229326358227028,0.04549055275894975,0.03676436538227992,0.30775609211445293,0.09471381223355962,0.08884153131351334,2020-04-30,Homebush Bay Parramatta River Sydney New South Wales AUSTRALIA,Homebush Bay,New South Wales,AUSTRALIA,-33.8321521,151.08061709999998
3202,2020-04-30|Honeycombs 250 km south of Perth Western Australia AUSTRALIA,0.2431820482541648,-0.21884961963072308,0.031392968406551515,0.0469012518741645,0.16947388681054815,0.028721398310674485,0.048922897085341074,2020-04-30,Honeycombs 250 km south of Perth Western Australia AUSTRALIA,Honeycombs,Western Australia,AUSTRALIA,-31.950526899999996,115.8604572
3203,2020-04-30|Honeymoon Island near Hopetown Western Australia AUSTRALIA,0.2471239431301457,-0.26405173154650874,0.022387928080273813,0.0536261926119295,0.19567615475931685,0.038289157541392116,0.05648684031214123,2020-04-30,Honeymoon Island near Hopetown Western Australia AUSTRALIA,Honeymoon Island,Western Australia,AUSTRALIA,-34.99101160000001,117.34502920000001
3204,2020-04-30|Honeysuckle Point Eden New South Wales AUSTRALIA,0.5402337364995323,-0.447315732640877,0.034227201774080784,0.023859167447499642,0.30369330360430735,0.09222962265409801,0.08766870529351681,2020-04-30,Honeysuckle Point Eden New South Wales AUSTRALIA,Honeysuckle Point,New South Wales,AUSTRALIA,-36.9640598,149.8899148
3205,2020-04-30|Horizontal Falls Western Australia AUSTRALIA,2.1416709087551133,-1.656847332491879,0.4470014368599133,0.8733877723863394,1.4320045963694799,2.050637164023317,0.4317656312928996,2020-04-30,Horizontal Falls Western Australia AUSTRALIA,Horizontal Falls,Western Australia,AUSTRALIA,-17.947279,122.231078
3206,2020-04-30|Horn Point Ladys Bay South Australia AUSTRALIA,0.9517210964556353,-0.8541804403649708,-0.03414090805694013,-0.09189193139489507,0.5493563808567261,0.30179243318800025,0.15236404612940385,2020-04-30,Horn Point Ladys Bay South Australia AUSTRALIA,Horn Point,South Australia,AUSTRALIA,-30.0002315,136.20915469999997
3207,2020-04-30|Horseshoe Bay New South Wales AUSTRALIA,0.5371039435213697,-0.44172781624342905,0.03616632003186158,0.02657733146081336,0.3016703129715671,0.09100497772836326,0.08708471820032647,2020-04-30,Horseshoe Bay New South Wales AUSTRALIA,Horseshoe Bay,New South Wales,AUSTRALIA,-36.4058391,150.075097
3208,2020-04-30|Horseshoe Bay near Kempsey New South Wales AUSTRALIA,0.6021054226805208,-0.38802533678126744,0.048560443371443274,0.03535541097832066,0.316136036497329,0.09994199357224055,0.09126061288613714,2020-04-30,Horseshoe Bay near Kempsey New South Wales AUSTRALIA,Horseshoe Bay,New South Wales,AUSTRALIA,-30.8840947,153.039412
3209,2020-04-30|Iluka Beach New South Wales AUSTRALIA,0.6182849309812845,-0.3884301751298019,0.0463910911883417,0.03060769705436627,0.32325539507842543,0.1044940504473089,0.09331579468276388,2020-04-30,Iluka Beach New South Wales AUSTRALIA,Iluka Beach,New South Wales,AUSTRALIA,-29.4120103,153.3647477
3210,2020-04-30|In Swan River at Freshwater Bay Claremont 5 miles from river mouth Western Australia AUSTRALIA,0.2438931819833584,-0.2198506154554827,0.0308997456890882,0.0464209938997739,0.17017047781477654,0.028957991519709358,0.04912398558724424,2020-04-30,In Swan River at Freshwater Bay Claremont 5 miles from river mouth Western Australia AUSTRALIA,In Swan River at Freshwater Bay,Western Australia,AUSTRALIA,-31.9842456,115.77800049999999
3211,2020-04-30|In a tidal creek 5 km from Wickham Western Australia AUSTRALIA,1.3435707795082852,-1.2285108991817022,0.22069545854289388,0.3443963056240282,0.8558400699627998,0.7324622253539301,0.27064039339203044,2020-04-30,In a tidal creek 5 km from Wickham Western Australia AUSTRALIA,In a tidal creek 5 km from Wickham,Western Australia,AUSTRALIA,-20.673199399999998,117.147269
3212,2020-04-30|Injidup Western Australia AUSTRALIA,0.26013551669091467,-0.25692228666746136,0.03516118890243869,0.06550626549566546,0.19039366293280333,0.03624974688496993,0.05496191627312644,2020-04-30,Injidup Western Australia AUSTRALIA,Injidup,Western Australia,AUSTRALIA,-33.6930914,114.9857991
3213,2020-04-30|Ipswich Queensland AUSTRALIA,0.8287997786558853,-0.5716298841385824,0.06710178106622651,0.007762758105059011,0.5029303290093686,0.25293891583747175,0.14518348041859302,2020-04-30,Ipswich Queensland AUSTRALIA,Ipswich,Queensland,AUSTRALIA,-27.623,152.76
3214,2020-04-30|Iron Cove Bridge Sydney Estuary New South Wales AUSTRALIA,0.564205167382753,-0.4230915020147429,0.045190181493181096,0.036435549585623575,0.30730837408970524,0.09443843678565823,0.08871228625245878,2020-04-30,Iron Cove Bridge Sydney Estuary New South Wales AUSTRALIA,Iron Cove Bridge,New South Wales,AUSTRALIA,-33.8592696,151.1619465
3215,2020-04-30|Iron Cove Sydney New South Wales AUSTRALIA,0.5642058247174442,-0.423092213341209,0.04518981703834918,0.03643502644883782,0.307308702833037,0.09443863883692384,0.08871238115248432,2020-04-30,Iron Cove Sydney New South Wales AUSTRALIA,Iron Cove,New South Wales,AUSTRALIA,-33.8642907,151.1583441
3216,2020-04-30|Jan Juc Beach Victoria AUSTRALIA,0.9882014765458779,-0.9220552758360772,0.2343231929019133,0.3316592796789439,0.5756255048544537,0.33134472183894476,0.16616877009006656,2020-04-30,Jan Juc Beach Victoria AUSTRALIA,Jan Juc Beach,Victoria,AUSTRALIA,-38.346092299999995,144.3099291
3217,2020-04-30|Jervis Bay & Long Reef New South Wales AUSTRALIA,0.5524115240308922,-0.43284864644570087,0.04118535354689292,0.0321965927520888,0.30498877916483963,0.0930181554164593,0.08804267687531775,2020-04-30,Jervis Bay & Long Reef New South Wales AUSTRALIA,Jervis Bay & Long Reef,New South Wales,AUSTRALIA,-35.0480805,150.7446771
3218,2020-04-30|Jervis Bay New South Wales AUSTRALIA,0.5524115240308922,-0.43284864644570087,0.04118535354689292,0.0321965927520888,0.30498877916483963,0.0930181554164593,0.08804267687531775,2020-04-30,Jervis Bay New South Wales AUSTRALIA,Jervis Bay,New South Wales,AUSTRALIA,-35.0480805,150.7446771
3219,2020-04-30|Jimmys Beach New South Wales AUSTRALIA,0.5810878056952388,-0.4151069846490219,0.04799613106994807,0.0383695793792497,0.31209299673921626,0.09740203861366446,0.09009348783979175,2020-04-30,Jimmys Beach New South Wales AUSTRALIA,Jimmy's Beach,New South Wales,AUSTRALIA,-32.6790132,152.1762756
3220,2020-04-30|Jimmys Beach Port Stephens New South Wales AUSTRALIA,0.581101008550622,-0.4151037767902848,0.04800329504441902,0.038380318349160475,0.3120970639696561,0.09740457733847961,0.09009466194808641,2020-04-30,Jimmys Beach Port Stephens New South Wales AUSTRALIA,Jimmys Beach,New South Wales,AUSTRALIA,-32.6790132,152.1762756
3221,2020-04-30|Johnstones Bay Sydney New South Wales AUSTRALIA,0.5642058247174442,-0.423092213341209,0.04518981703834918,0.03643502644883782,0.307308702833037,0.09443863883692384,0.08871238115248432,2020-04-30,Johnstones Bay Sydney New South Wales AUSTRALIA,Johnstone's Bay,New South Wales,AUSTRALIA,-33.864072,151.1898785
3222,2020-04-30|Julian Rocks Byron Bay New South Wales AUSTRALIA,0.6168603946493023,-0.36385016742117204,0.038747455861366686,0.017296297458896027,0.3337289944349341,0.11137504172655228,0.10062307783666197,2020-04-30,Julian Rocks Byron Bay New South Wales AUSTRALIA,Julian Rocks,New South Wales,AUSTRALIA,-28.643715999999998,153.615072
3223,2020-04-30|Junpinpin off Stradbroke Island Queensland AUSTRALIA,0.6260967683537436,-0.36039735372916787,0.03366738985316819,0.013387032119577489,0.3377869566393155,0.11410002807565081,0.10184659947715076,2020-04-30,Junpinpin off Stradbroke Island Queensland AUSTRALIA,Junpinpin,Queensland,AUSTRALIA,-27.731177600000002,153.4428803
3224,2020-04-30|Jurien Bay Western Australia AUSTRALIA,0.2418486414001933,-0.2294050664117639,0.013782992825445789,0.01908684977701865,0.1729297079318,0.02990468388537765,0.04796207146147051,2020-04-30,Jurien Bay Western Australia AUSTRALIA,Jurien Bay,Western Australia,AUSTRALIA,-30.293831400000002,115.11776540000001
3225,2020-04-30|Just below Roseville Bridge opposite Killarney picnic reserve Middle Harbor Sydney New South Wales AUSTRALIA,0.5656121702426242,-0.4229312158969277,0.04549392508648371,0.036765418059460965,0.3077602028876661,0.0947163424814574,0.08884271799152393,2020-04-30,Just below Roseville Bridge opposite Killarney picnic reserve Middle Harbor Sydney New South Wales AUSTRALIA,Just below Roseville Bridge,New South Wales,AUSTRALIA,-33.773044899999995,151.2037718
3226,2020-04-30|Just north of Fingal Spit New South Wales AUSTRALIA,0.5810878056952388,-0.4151069846490219,0.04799613106994807,0.0383695793792497,0.31209299673921626,0.09740203861366446,0.09009348783979175,2020-04-30,Just north of Fingal Spit New South Wales AUSTRALIA,Just north of Fingal Spit,New South Wales,AUSTRALIA,-32.750155,152.16318700000002
3227,2020-04-30|Kalbarri Western Australia AUSTRALIA,0.28235606352395726,-0.24481478943818416,0.0048688211562643675,-0.012923393440206772,0.17432523223475319,0.03038928659370063,0.04659037806373193,2020-04-30,Kalbarri Western Australia AUSTRALIA,Kalbarri,Western Australia,AUSTRALIA,-27.710419199999997,114.1646201
3228,2020-04-30|Kangaroo Island South Australia AUSTRALIA,0.39900305466943536,-0.238538489769887,0.04121435296715672,-0.004102177693503236,0.23588717918445729,0.055642761303600255,0.07459407570551448,2020-04-30,Kangaroo Island South Australia AUSTRALIA,Kangaroo Island,South Australia,AUSTRALIA,-35.775242600000006,137.2142417
3229,2020-04-30|Karra Garra Queensland AUSTRALIA,0.8800858590490045,-0.5354381485608418,0.11356479584444465,0.0004737780268353542,0.5191406206795083,0.2695069840395051,0.1565267865660133,2020-04-30,Karra Garra Queensland AUSTRALIA,Karra Garra,Queensland,AUSTRALIA,-27.637184,153.3718169
3230,2020-04-30|Katana Downs Reach Brisbane River Queensland AUSTRALIA,0.8287978000002144,-0.5716319545608114,0.06710553692987992,0.007768785631941861,0.5029309535269494,0.2529395440155265,0.1451836607012897,2020-04-30,Katana Downs Reach Brisbane River Queensland AUSTRALIA,Katana Downs Reach,Queensland,AUSTRALIA,-27.55,152.822222
3231,2020-04-30|Kelpids Beach Wylie Bay Esperance Western Australia AUSTRALIA,0.2727571554988466,-0.2449420311092178,0.035930615241724674,0.05705798731717636,0.19247353355321276,0.03704606111845972,0.060865475532899366,2020-04-30,Kelpids Beach Wylie Bay Esperance Western Australia AUSTRALIA,Kelpids Beach,Western Australia,AUSTRALIA,-33.8356954,121.9840825
3232,2020-04-30|Kelpies near Wylie Bay Western Australia AUSTRALIA,0.2727571554988466,-0.2449420311092178,0.035930615241724674,0.05705798731717636,0.19247353355321276,0.03704606111845972,0.060865475532899366,2020-04-30,Kelpies near Wylie Bay Western Australia AUSTRALIA,Kelpies near Wylie Bay,Western Australia,AUSTRALIA,-33.8324777,121.9970721
3233,2020-04-30|Kempsey New South Wales AUSTRALIA,0.6014189056358538,-0.39178267972206265,0.04851529971879399,0.03571378974702753,0.3162667230248568,0.10002464009288149,0.09129833883706095,2020-04-30,Kempsey New South Wales AUSTRALIA,Kempsey,New South Wales,AUSTRALIA,-31.060476899999998,152.8481977
3234,2020-04-30|Kerosene Bay New South Wales AUSTRALIA,0.5680107544038523,-0.42304753499231273,0.04654407596804514,0.038169907934712075,0.3087075676459695,0.09530036232189086,0.08911619864063756,2020-04-30,Kerosene Bay New South Wales AUSTRALIA,Kerosene Bay,New South Wales,AUSTRALIA,-31.2532183,146.921099
3235,2020-04-30|Kiah Creek Eden New South Wales AUSTRALIA,0.5402329520256024,-0.4473148434391085,0.03422750781205219,0.023859610153949322,0.3036928602922252,0.092229353392473,0.08766857732034182,2020-04-30,Kiah Creek Eden New South Wales AUSTRALIA,Kiah Creek,New South Wales,AUSTRALIA,-37.137766,149.871076
3236,2020-04-30|Kiama New South Wales AUSTRALIA,0.5566841313762991,-0.43067026480439374,0.04238592517034717,0.033433880156933604,0.30620626361191006,0.09376227587516656,0.08839413436194289,2020-04-30,Kiama New South Wales AUSTRALIA,Kiama,New South Wales,AUSTRALIA,-34.6738221,150.8443706
3237,2020-04-30|Kilcunda Victoria AUSTRALIA,1.1225901729797152,-1.1577077534759799,0.1860517378335246,0.2925503281047185,0.7093205786697412,0.5031356833243765,0.2047632135183581,2020-04-30,Kilcunda Victoria AUSTRALIA,Kilcunda,Victoria,AUSTRALIA,-38.5498,145.4761
3238,2020-04-30|Kings Beach Caloundra Queensland AUSTRALIA,0.6279921737515172,-0.357970860281593,0.0243291599150824,-0.03353853644511699,0.3405889203721514,0.11600081268026767,0.10269142332969623,2020-04-30,Kings Beach Caloundra Queensland AUSTRALIA,Kings Beach,Queensland,AUSTRALIA,-26.801,153.141
3239,2020-04-30|Kingscliff Beach New South Wales AUSTRALIA,0.6177184019733398,-0.36166324948150386,0.038119263183724945,0.018398456013016967,0.33386490726177914,0.1114657763009164,0.10066405709582939,2020-04-30,Kingscliff Beach New South Wales AUSTRALIA,Kingscliff Beach,New South Wales,AUSTRALIA,-28.251915000000004,153.574525
3240,2020-04-30|Kingscliff New South Wales AUSTRALIA,0.6177043489201658,-0.3616648898865982,0.038113112428532395,0.01839242698540883,0.33386093430589026,0.11146312345560198,0.10066285920455738,2020-04-30,Kingscliff New South Wales AUSTRALIA,Kingscliff,New South Wales,AUSTRALIA,-28.264593800000004,153.5776602
3241,2020-04-30|Kingscliffe Beach south of Tweed Heads New South Wales AUSTRALIA,0.6177184019733398,-0.36166324948150386,0.038119263183724945,0.018398456013016967,0.33386490726177914,0.1114657763009164,0.10066405709582939,2020-04-30,Kingscliffe Beach south of Tweed Heads New South Wales AUSTRALIA,Kingscliffe Beach,New South Wales,AUSTRALIA,-28.2732826,153.5811643
3242,2020-04-30|King’s Beach Caloundra Queensland AUSTRALIA,0.6279921737515172,-0.357970860281593,0.0243291599150824,-0.03353853644511699,0.3405889203721514,0.11600081268026767,0.10269142332969623,2020-04-30,King’s Beach Caloundra Queensland AUSTRALIA,King’s Beach,Queensland,AUSTRALIA,-26.801,153.141
3243,2020-04-30|Kirra Beach Coolangatta Queensland AUSTRALIA,0.6202249200387976,-0.3630876297640409,0.03796736306007484,0.019423812621114662,0.33525280815524533,0.11239444537597773,0.10108252496035906,2020-04-30,Kirra Beach Coolangatta Queensland AUSTRALIA,Kirra Beach,Queensland,AUSTRALIA,-28.165981300000002,153.5286085
3244,2020-04-30|Kirra Queensland AUSTRALIA,0.620209231897657,-0.36308862242697565,0.037963394192982496,0.019424756023504092,0.33524859405644875,0.11239161981682558,0.10108125436176471,2020-04-30,Kirra Queensland AUSTRALIA,Kirra,Queensland,AUSTRALIA,-28.1673738,153.53098530000003
3245,2020-04-30|Kissing Point Camp Townsville Queensland AUSTRALIA,0.7391521126032747,-0.45975039562599057,0.07916700470449982,-0.015009715944774899,0.42278860111827254,0.17875020123554577,0.12204855633296999,2020-04-30,Kissing Point Camp Townsville Queensland AUSTRALIA,Kissing Point Camp,Queensland,AUSTRALIA,-19.239290899999997,146.80543889999998
3246,2020-04-30|Knobbys Beach Newcastle New South Wales AUSTRALIA,0.5793511464104716,-0.4177596576064149,0.048262833902449925,0.03914338163222096,0.3119703028458453,0.09732546985772843,0.09005806916360894,2020-04-30,Knobbys Beach Newcastle New South Wales AUSTRALIA,Knobby's Beach,New South Wales,AUSTRALIA,-32.923841700000004,151.7928437
3247,2020-04-30|Koonya Beach Melbourne Victoria AUSTRALIA,1.0342593246642187,-0.992441237952264,0.2184331273836728,0.31024498213665663,0.6152187825690517,0.3784941504257462,0.17759836486337793,2020-04-30,Koonya Beach Melbourne Victoria AUSTRALIA,Koonya Beach,Victoria,AUSTRALIA,-38.3632275,144.7513372
3248,2020-04-30|Kurnell Botany Bay New South Wales AUSTRALIA,0.5614233896181391,-0.42456927485799406,0.04387523019115827,0.03478127203053359,0.30663991234745797,0.0940280358444567,0.08851931796904405,2020-04-30,Kurnell Botany Bay New South Wales AUSTRALIA,Kurnell,New South Wales,AUSTRALIA,-34.011590000000005,151.20686
3249,2020-04-30|Kylies Beach Diamond Head New South Wales AUSTRALIA,0.599206886752491,-0.40410422751739744,0.04846067484559899,0.03661480477616417,0.3171100741723942,0.10055879914162134,0.09154179334308699,2020-04-30,Kylies Beach Diamond Head New South Wales AUSTRALIA,Kylie's Beach,New South Wales,AUSTRALIA,-31.735303100000003,152.7916418
3250,2020-04-30|Lachan Island Mercury Passage Tasmania AUSTRALIA,0.38392676163023476,-0.43552084404385555,0.04421784146633872,0.09512449984213034,0.256950466547792,0.066023542259128,0.07417521051488384,2020-04-30,Lachan Island Mercury Passage Tasmania AUSTRALIA,Lachan Island,Tasmania,AUSTRALIA,-42.642743599999996,147.97761830000002
3251,2020-04-30|Lady Beach at Warrnambool Victoria AUSTRALIA,0.3176650995115588,-0.42250316344604494,0.0020489782401602926,0.07980027459386807,0.2455337751332329,0.060286834731176984,0.07403121867967531,2020-04-30,Lady Beach at Warrnambool Victoria AUSTRALIA,Lady Beach at Warrnambool,Victoria,AUSTRALIA,-38.3974833,142.4726155
3252,2020-04-30|Lady Julia Percy Island Victoria AUSTRALIA,0.31013990774297795,-0.4053549029289316,-0.012167818321086965,0.059076580205054414,0.2468584778380261,0.060939108080507225,0.0780635049690361,2020-04-30,Lady Julia Percy Island Victoria AUSTRALIA,Lady Julia Percy Island,Victoria,AUSTRALIA,-38.4160708,142.00376599999998
3253,2020-04-30|Lady Martin’s Beach Sydney Harbor New South Wales AUSTRALIA,0.5642058247174442,-0.423092213341209,0.04518981703834918,0.03643502644883782,0.307308702833037,0.09443863883692384,0.08871238115248432,2020-04-30,Lady Martin’s Beach Sydney Harbor New South Wales AUSTRALIA,Lady Martin’s Beach,New South Wales,AUSTRALIA,-33.865044299999994,151.2534844
3254,2020-04-30|Lake Conjola near Milton New South Wales AUSTRALIA,0.5447859725598573,-0.4357082233323466,0.038852552536578884,0.02953590474226235,0.3030357189637907,0.09183064696790154,0.08747887695890819,2020-04-30,Lake Conjola near Milton New South Wales AUSTRALIA,Lake Conjola,New South Wales,AUSTRALIA,-35.2696191,150.4810158
3255,2020-04-30|Lake Illawarra New South Wales AUSTRALIA,0.5583574939087567,-0.42908596861221227,0.04258558699902162,0.03339008511512074,0.30644049129159323,0.09390577470303302,0.08846175006890127,2020-04-30,Lake Illawarra New South Wales AUSTRALIA,Lake Illawarra,New South Wales,AUSTRALIA,-34.541667,150.85833300000002
3256,2020-04-30|Lake Macquarie New South Wales AUSTRALIA,0.5774189689932878,-0.41893761618190306,0.048300143268268196,0.0395676696777536,0.3113993474835697,0.09696955361319297,0.08989324854755638,2020-04-30,Lake Macquarie New South Wales AUSTRALIA,Lake Macquarie,New South Wales,AUSTRALIA,-33.031122499999995,151.56032439999998
3257,2020-04-30|Lamberts Beach Mackay Queensland AUSTRALIA,1.4808919254061883,-1.074518577961024,0.1648352056049931,0.19595449082680233,0.80323550363027,0.6451872742921735,0.24218461671215982,2020-04-30,Lamberts Beach Mackay Queensland AUSTRALIA,Lambert's Beach,Queensland,AUSTRALIA,-21.074391600000002,149.22827949999999
3258,2020-04-30|Lambert’s Beach Mackay Queensland AUSTRALIA,1.4808919254061883,-1.074518577961024,0.1648352056049931,0.19595449082680233,0.80323550363027,0.6451872742921735,0.24218461671215982,2020-04-30,Lambert’s Beach Mackay Queensland AUSTRALIA,Lambert’s Beach,Queensland,AUSTRALIA,-21.074391600000002,149.22827949999999
3259,2020-04-30|Lambeth Street Wharf New South Wales AUSTRALIA,0.560892402214573,-0.42522588043622944,0.04353378124239168,0.034357325068393195,0.3065790957230325,0.09399074193435233,0.08850176172180244,2020-04-30,Lambeth Street Wharf New South Wales AUSTRALIA,Lambeth Street Wharf,New South Wales,AUSTRALIA,-33.9633441,150.99770900000001
3260,2020-04-30|Lamont Reef Queensland AUSTRALIA,0.8155731767593558,-0.4996900191795355,0.007818481882994357,-0.030606672103949382,0.4317071596396246,0.1863710716841123,0.13016460616679046,2020-04-30,Lamont Reef Queensland AUSTRALIA,Lamont Reef,Queensland,AUSTRALIA,-23.6013947,152.0308565
3261,2020-04-30|Lancelin Island Western Australia AUSTRALIA,0.24054070503191263,-0.23182587003283617,0.013103725272556634,0.020331198231116614,0.17475027740781376,0.030537659454107868,0.04846700658426376,2020-04-30,Lancelin Island Western Australia AUSTRALIA,Lancelin Island,Western Australia,AUSTRALIA,-31.007032899999995,115.3167243
3262,2020-04-30|Lancelin Western Australia AUSTRALIA,0.24053495848061357,-0.23181841113144405,0.013104709481368514,0.02033202442679943,0.17474524495095284,0.030535900632968505,0.048465610831859636,2020-04-30,Lancelin Western Australia AUSTRALIA,Lancelin,Western Australia,AUSTRALIA,-31.045409799999998,115.35327749999999
3263,2020-04-30|Lane Cove River Sydney Harbor Estuary New South Wales AUSTRALIA,0.5655976983582274,-0.4229333456939965,0.04549018614840781,0.03676383920820993,0.30775642209035625,0.09471401533785752,0.08884162656935164,2020-04-30,Lane Cove River Sydney Harbor Estuary New South Wales AUSTRALIA,Lane Cove River,New South Wales,AUSTRALIA,-33.7827054,151.14003469999997
3264,2020-04-30|Lane Cove River Sydney Harbor New South Wales AUSTRALIA,0.5655976983582274,-0.4229333456939965,0.04549018614840781,0.03676383920820993,0.30775642209035625,0.09471401533785752,0.08884162656935164,2020-04-30,Lane Cove River Sydney Harbor New South Wales AUSTRALIA,Lane Cove River,New South Wales,AUSTRALIA,-33.7827054,151.14003469999997
3265,2020-04-30|Largs Bay South Australia AUSTRALIA,0.81496476891644,-0.6531469372359798,0.0068288206361428565,-0.03688266855980085,0.48096209877751994,0.23132454046047687,0.13339488528439417,2020-04-30,Largs Bay South Australia AUSTRALIA,Largs Bay,South Australia,AUSTRALIA,-34.821,138.494
3266,2020-04-30|Latitude Reef near Forster New South Wales AUSTRALIA,0.5965255750996727,-0.40935248335707464,0.049222336404519416,0.038526225807748844,0.31689929317534177,0.10042516201503121,0.09148094611039286,2020-04-30,Latitude Reef near Forster New South Wales AUSTRALIA,Latitude Reef,New South Wales,AUSTRALIA,-32.180556,152.511667
3267,2020-04-30|Laura Bay South Australia AUSTRALIA,0.41980651415678166,-0.3801281150229846,0.05682238334558731,0.00950136749842298,0.26187767648481397,0.0685799174410849,0.08281299260447293,2020-04-30,Laura Bay South Australia AUSTRALIA,Laura Bay,South Australia,AUSTRALIA,-32.2280904,133.83199679999998
3268,2020-04-30|Left break at the ‘Hot Spot’ at Sheringa Beach Western Australia AUSTRALIA,0.36779444682027984,-0.3308702707356588,0.054436710700121085,-0.0012529007896941913,0.2344261629750813,0.054955625887219375,0.07068214760282271,2020-04-30,Left break at the ‘Hot Spot’ at Sheringa Beach Western Australia AUSTRALIA,Left break at the ‘Hot Spot’ at Sheringa Beach,Western Australia,AUSTRALIA,-33.891765299999996,135.18893730000002
3269,2020-04-30|Lefthanders Beach Margaret River Western Australia AUSTRALIA,0.25933787892971866,-0.26408609748946416,0.031155205983829922,0.06185023265660766,0.1937568461205971,0.03754171541860074,0.05593278363252982,2020-04-30,Lefthanders Beach Margaret River Western Australia AUSTRALIA,Lefthanders Beach,Western Australia,AUSTRALIA,-33.8752851,114.98611319999999
3270,2020-04-30|Lefthanders Margaret River Area Western Australia AUSTRALIA,0.25933787892971866,-0.26408609748946416,0.031155205983829922,0.06185023265660766,0.1937568461205971,0.03754171541860074,0.05593278363252982,2020-04-30,Lefthanders Margaret River Area Western Australia AUSTRALIA,Lefthanders,Western Australia,AUSTRALIA,-33.8752851,114.98611319999999
3271,2020-04-30|Leichardt Sydney New South Wales AUSTRALIA,0.5642058247174442,-0.423092213341209,0.04518981703834918,0.03643502644883782,0.307308702833037,0.09443863883692384,0.08871238115248432,2020-04-30,Leichardt Sydney New South Wales AUSTRALIA,Leichardt,New South Wales,AUSTRALIA,-33.8837222,151.157028
3272,2020-04-30|Leighton Beach North Fremantle Western Australia AUSTRALIA,0.2438931819833584,-0.2198506154554827,0.0308997456890882,0.0464209938997739,0.17017047781477654,0.028957991519709358,0.04912398558724424,2020-04-30,Leighton Beach North Fremantle Western Australia AUSTRALIA,Leighton Beach,Western Australia,AUSTRALIA,-32.028432,115.7503284
3273,2020-04-30|Leighton Beach north of Freemantle Western Australia AUSTRALIA,0.2438931819833584,-0.2198506154554827,0.0308997456890882,0.0464209938997739,0.17017047781477654,0.028957991519709358,0.04912398558724424,2020-04-30,Leighton Beach north of Freemantle Western Australia AUSTRALIA,Leighton Beach,Western Australia,AUSTRALIA,-32.024505600000005,115.7503081
3274,2020-04-30|Leighton Beach south of North Cottesloe Western Australia AUSTRALIA,0.2438931819833584,-0.2198506154554827,0.0308997456890882,0.0464209938997739,0.17017047781477654,0.028957991519709358,0.04912398558724424,2020-04-30,Leighton Beach south of North Cottesloe Western Australia AUSTRALIA,Leighton Beach,Western Australia,AUSTRALIA,-32.028432,115.7503284
3275,2020-04-30|Lennox Head Ballina New South Wales AUSTRALIA,0.6193874789725659,-0.3719715597343871,0.04304352863251134,0.02431808071951924,0.3208686662127711,0.10295670095716271,0.09262680540622979,2020-04-30,Lennox Head Ballina New South Wales AUSTRALIA,Lennox Head,New South Wales,AUSTRALIA,-28.8,153.583333
3276,2020-04-30|Lennox Head New South Wales AUSTRALIA,0.6193874789725659,-0.3719715597343871,0.04304352863251134,0.02431808071951924,0.3208686662127711,0.10295670095716271,0.09262680540622979,2020-04-30,Lennox Head New South Wales AUSTRALIA,Lennox Head,New South Wales,AUSTRALIA,-28.8,153.583333
3277,2020-04-30|Lennox Heads New South Wales AUSTRALIA,0.6193874789725659,-0.3719715597343871,0.04304352863251134,0.02431808071951924,0.3208686662127711,0.10295670095716271,0.09262680540622979,2020-04-30,Lennox Heads New South Wales AUSTRALIA,Lennox Heads,New South Wales,AUSTRALIA,-28.8,153.583333
3278,2020-04-30|Levys Beach Victoria AUSTRALIA,0.48292371751652274,-0.5496758802519891,0.02985400534985855,0.06773632546989145,0.34032631351651843,0.1158219996717436,0.09824374436053745,2020-04-30,Levys Beach Victoria AUSTRALIA,Levys Beach,Victoria,AUSTRALIA,-37.471307700000004,144.7851531
3279,2020-04-30|Lighthouse Beach Ballina New South Wales AUSTRALIA,0.6191607846578938,-0.37297562916987254,0.04333314009218853,0.024809990317884854,0.3209140222581714,0.10298580968191812,0.09263989856874041,2020-04-30,Lighthouse Beach Ballina New South Wales AUSTRALIA,Lighthouse Beach,New South Wales,AUSTRALIA,-28.8725999,153.58992469999998
3280,2020-04-30|Lighthouse Beach New South Wales AUSTRALIA,0.6022952659262816,-0.39852559155664175,0.048613384504508084,0.036283011059582856,0.3173894757942743,0.10073607934496422,0.09162244964388924,2020-04-30,Lighthouse Beach New South Wales AUSTRALIA,Lighthouse Beach,New South Wales,AUSTRALIA,-31.4789172,152.9298045
3281,2020-04-30|Lighthouse Beach Seal Rocks New South Wales AUSTRALIA,0.5875657746329543,-0.4133847504733677,0.04875742744837189,0.039042826924024776,0.31405855333337157,0.0986327749218502,0.09066089515416326,2020-04-30,Lighthouse Beach Seal Rocks New South Wales AUSTRALIA,Lighthouse Beach,New South Wales,AUSTRALIA,-32.4436471,152.52793569999997
3282,2020-04-30|Line Reef Queensland AUSTRALIA,0.7989833594624908,-0.48890521297257555,0.08698194362328442,0.011258136519961381,0.45253234924493885,0.2047855271131433,0.13063483682678959,2020-04-30,Line Reef Queensland AUSTRALIA,Line Reef,Queensland,AUSTRALIA,-19.674144000000002,149.1746224
3283,2020-04-30|Line Reef northeast of Hamilton Island Whitsundays Queensland AUSTRALIA,0.7989833594624908,-0.48890521297257555,0.08698194362328442,0.011258136519961381,0.45253234924493885,0.2047855271131433,0.13063483682678959,2020-04-30,Line Reef northeast of Hamilton Island Whitsundays Queensland AUSTRALIA,Line Reef,Queensland,AUSTRALIA,-19.674144000000002,149.1746224
3284,2020-04-30|Lipson Cove Tumby Bay South Australia AUSTRALIA,0.5525063779053592,-0.3805374411713914,0.0051209533818734705,-0.15423194254128358,0.3238297475796108,0.10486570541747446,0.09348159596834843,2020-04-30,Lipson Cove Tumby Bay South Australia AUSTRALIA,Lipson Cove,South Australia,AUSTRALIA,-34.2592315,136.2625804
3285,2020-04-30|Lismore New South Wales AUSTRALIA,0.6221224876121009,-0.38092489509249106,0.043345669147265224,0.02514061143407592,0.3233845250038166,0.10457755101194409,0.09335307128135639,2020-04-30,Lismore New South Wales AUSTRALIA,Lismore,New South Wales,AUSTRALIA,-28.8093154,153.2882876
3286,2020-04-30|Little Beach Reef Bremer Bay Western Australia AUSTRALIA,0.2564756767457621,-0.2583447570736914,0.024771558849440066,0.05121883570303462,0.1952246500399634,0.03811266398322618,0.05886244672827272,2020-04-30,Little Beach Reef Bremer Bay Western Australia AUSTRALIA,Little Beach Reef,Western Australia,AUSTRALIA,-34.4650904,119.0936263
3287,2020-04-30|Little Congwong Beach La Perouse New South Wales AUSTRALIA,0.5614233896181391,-0.42456927485799406,0.04387523019115827,0.03478127203053359,0.30663991234745797,0.0940280358444567,0.08851931796904405,2020-04-30,Little Congwong Beach La Perouse New South Wales AUSTRALIA,Little Congwong Beach,New South Wales,AUSTRALIA,-33.9915566,151.2383626
3288,2020-04-30|Little Island near Hillarys Western Australia AUSTRALIA,0.24207078956869627,-0.21759793039997802,0.03185123591420585,0.04740552263808289,0.16845446676318876,0.02837690737247027,0.04862861586596095,2020-04-30,Little Island near Hillarys Western Australia AUSTRALIA,Little Island,Western Australia,AUSTRALIA,-31.8123368,115.70911540000002
3289,2020-04-30|Lizard Island Queensland AUSTRALIA,0.5964275926466394,-0.31845600835500937,0.06963067196027155,-0.08673675443273998,0.34289883178358566,0.11757960883854779,0.1033878878252133,2020-04-30,Lizard Island Queensland AUSTRALIA,Lizard Island,Queensland,AUSTRALIA,-14.668043300000003,145.463777
3290,2020-04-30|Logan River Queensland AUSTRALIA,0.6230584919775779,-0.36322877168941525,0.0368811547869673,0.017803281311816712,0.3366722753023344,0.11334822095725083,0.10151051040846185,2020-04-30,Logan River Queensland AUSTRALIA,Logan River,Queensland,AUSTRALIA,-28.073537800000004,152.924704
3291,2020-04-30|Long Reef Collaroy New South Wales AUSTRALIA,0.5667458661762059,-0.42272103109669085,0.04578095398217172,0.03705028531532926,0.30815702073406814,0.0949607494276969,0.08895726943674367,2020-04-30,Long Reef Collaroy New South Wales AUSTRALIA,Long Reef,New South Wales,AUSTRALIA,-33.741958399999994,151.31703280000002
3292,2020-04-30|Long Reef North Manly New South Wales AUSTRALIA,0.5667590066352329,-0.4227174995585224,0.04578819382718994,0.03706136281243895,0.3081610269068051,0.09496321850425664,0.08895842591919771,2020-04-30,Long Reef North Manly New South Wales AUSTRALIA,Long Reef,New South Wales,AUSTRALIA,-33.7419539,151.3170694
3293,2020-04-30|Long Reef north of Sydney New South Wales AUSTRALIA,0.5655976983582274,-0.4229333456939965,0.04549018614840781,0.03676383920820993,0.30775642209035625,0.09471401533785752,0.08884162656935164,2020-04-30,Long Reef north of Sydney New South Wales AUSTRALIA,Long Reef,New South Wales,AUSTRALIA,-33.746083399999996,151.30407160000001
3294,2020-04-30|Lookout Point Queensland AUSTRALIA,0.6200845126361978,-0.3441850473691985,0.031031836316153093,0.0016436195943223919,0.3331990427989807,0.11102160212215699,0.10046329140634448,2020-04-30,Lookout Point Queensland AUSTRALIA,Lookout Point,Queensland,AUSTRALIA,-27.434650800000004,153.5304523
3295,2020-04-30|Lord Howe Island New South Wales AUSTRALIA,0.59112046229698,-0.43166858604991964,0.016096539052736128,-0.011602258115745398,0.3416463675070617,0.11672224043077026,0.09862481112392994,2020-04-30,Lord Howe Island New South Wales AUSTRALIA,Lord Howe Island,New South Wales,AUSTRALIA,-31.555326300000004,159.0821211
3296,2020-04-30|Lord Howe Island island group 440 miles northeast of Sydney New South Wales AUSTRALIA,0.5911139178557075,-0.43166696416413325,0.016093192135790173,-0.011607843574863618,0.341643777596749,0.1167204707705769,0.09862406348122185,2020-04-30,Lord Howe Island island group 440 miles northeast of Sydney New South Wales AUSTRALIA,Lord Howe Island (island group 440 miles northeast of Sydney),New South Wales,AUSTRALIA,-31.555326300000004,159.0821211
3297,2020-04-30|Lorne Victoria AUSTRALIA,0.8988728166779604,-0.8130836625482499,0.18535497394793662,0.32989437821162293,0.5220270876839046,0.272512280275739,0.1447842639865734,2020-04-30,Lorne Victoria AUSTRALIA,Lorne,Victoria,AUSTRALIA,-38.5366556,143.97154840000002
3298,2020-04-30|Maatsuyker Island Tasmania AUSTRALIA,0.2446142383559663,-0.40777669485299584,0.016130173332775055,0.14168864678618381,0.23648273918172577,0.05592408593089213,0.06826668656263472,2020-04-30,Maatsuyker Island Tasmania AUSTRALIA,Maatsuyker Island,Tasmania,AUSTRALIA,-43.6522707,146.27698130000002
3299,2020-04-30|Mackay Queensland AUSTRALIA,1.50170336161225,-1.1084820314096877,0.14604237792331745,0.16099458983068665,0.8211777588549192,0.6743329116379878,0.24759441020970122,2020-04-30,Mackay Queensland AUSTRALIA,Mackay,Queensland,AUSTRALIA,-21.1424956,149.1821469
3300,2020-04-30|Macleay River New South Wales AUSTRALIA,0.6024681982458686,-0.3878116539087027,0.04816571899140035,0.034661809503251005,0.31631795524559275,0.10005704881075284,0.09131312830527749,2020-04-30,Macleay River New South Wales AUSTRALIA,Macleay River,New South Wales,AUSTRALIA,-30.8273843,152.45621
3301,2020-04-30|Magnetic Island Queensland AUSTRALIA,0.7442411160959262,-0.4676053381830507,0.08331141268581062,-0.006820115548273621,0.4255622601704311,0.18110323728136565,0.12284924273317198,2020-04-30,Magnetic Island Queensland AUSTRALIA,Magnetic Island,Queensland,AUSTRALIA,-19.135865300000003,146.8423556
3302,2020-04-30|Magra Islet Queensland AUSTRALIA,0.6800395426029973,-0.38181388598764643,0.1360586202981025,0.022654621838383095,0.37710285783877007,0.14220656539016763,0.11370078971108481,2020-04-30,Magra Islet Queensland AUSTRALIA,Magra Islet,Queensland,AUSTRALIA,-11.8573472,143.2815326
3303,2020-04-30|Main Beach Gold Coast Queensland AUSTRALIA,0.6239633481992144,-0.3616912655792255,0.03571536336570604,0.015672362937889216,0.3369145889905965,0.11351144027470257,0.10158357073441936,2020-04-30,Main Beach Gold Coast Queensland AUSTRALIA,Main Beach,Queensland,AUSTRALIA,-27.963,153.42600000000002
3304,2020-04-30|Main Beach Southport Queensland AUSTRALIA,0.6239488068846637,-0.3616927871978817,0.035709163409242135,0.015666814709110546,0.33691054781528923,0.11350871722919828,0.10158235227421877,2020-04-30,Main Beach Southport Queensland AUSTRALIA,Main Beach,Queensland,AUSTRALIA,-27.963,153.42600000000002
3305,2020-04-30|Malagil Barrier Reef Queensland AUSTRALIA,0.739248264974552,-0.45988159014507174,0.07974917774083862,-0.015612497884268713,0.42317242562371,0.17907490180825436,0.12215935692373793,2020-04-30,Malagil Barrier Reef Queensland AUSTRALIA,Malagil,Queensland,AUSTRALIA,-19.3594967,146.885081
3306,2020-04-30|Manley Beach New South Wales AUSTRALIA,0.5655970410820322,-0.4229326358227028,0.04549055275894975,0.03676436538227992,0.30775609211445293,0.09471381223355962,0.08884153131351334,2020-04-30,Manley Beach New South Wales AUSTRALIA,Manley Beach,New South Wales,AUSTRALIA,-33.7931501,151.2876488
3307,2020-04-30|Manly Marineland Sydney New South Wales AUSTRALIA,0.5655976983582274,-0.4229333456939965,0.04549018614840781,0.03676383920820993,0.30775642209035625,0.09471401533785752,0.08884162656935164,2020-04-30,Manly Marineland Sydney New South Wales AUSTRALIA,Manly Marineland,New South Wales,AUSTRALIA,-33.8060158,151.29477749999998
3308,2020-04-30|Manly New South Wales AUSTRALIA,0.5655976983582274,-0.4229333456939965,0.04549018614840781,0.03676383920820993,0.30775642209035625,0.09471401533785752,0.08884162656935164,2020-04-30,Manly New South Wales AUSTRALIA,Manly,New South Wales,AUSTRALIA,-33.8060158,151.29477749999998
3309,2020-04-30|Manning River New South Wales AUSTRALIA,0.5974607284646106,-0.40903047126020275,0.04909323292544529,0.03819916025983421,0.31722752137824767,0.10063330031978657,0.09157569743104453,2020-04-30,Manning River New South Wales AUSTRALIA,Manning River,New South Wales,AUSTRALIA,-31.8518472,152.10067469999998
3310,2020-04-30|Maria River New South Wales AUSTRALIA,0.6014720704092446,-0.3925464315760499,0.048626544335261236,0.035901283665055475,0.3163286950851251,0.10006384333425805,0.09131622862990002,2020-04-30,Maria River New South Wales AUSTRALIA,Maria River,New South Wales,AUSTRALIA,-31.269947600000002,152.8567516
3311,2020-04-30|Marineland Aquarium Manley Sydney New South Wales AUSTRALIA,0.565610853687427,-0.4229297957669537,0.04549742910726683,0.036774925760145585,0.30776042686720817,0.09471648034548617,0.08884278264884839,2020-04-30,Marineland Aquarium Manley Sydney New South Wales AUSTRALIA,Marineland Aquarium,New South Wales,AUSTRALIA,-33.795355,151.285014
3312,2020-04-30|Marineland Sydney New South Wales AUSTRALIA,0.5642058247174442,-0.423092213341209,0.04518981703834918,0.03643502644883782,0.307308702833037,0.09443863883692384,0.08871238115248432,2020-04-30,Marineland Sydney New South Wales AUSTRALIA,Marineland,New South Wales,AUSTRALIA,-33.8695997,151.2021381
3313,2020-04-30|Marino South Australia AUSTRALIA,0.77070219355976,-0.4731222538050645,0.0613663904251048,0.011579741442282066,0.42506967147417024,0.18068422560715902,0.122707044624979,2020-04-30,Marino South Australia AUSTRALIA,Marino,South Australia,AUSTRALIA,-35.049724499999996,138.5162223
3314,2020-04-30|Marion Bay South Australia AUSTRALIA,0.3652799682587166,-0.3045596724797831,0.05035564081738236,0.032111041057106354,0.2416304192202024,0.058385259492530754,0.0805434730734008,2020-04-30,Marion Bay South Australia AUSTRALIA,Marion Bay,South Australia,AUSTRALIA,-35.2398829,136.97959939999998
3315,2020-04-30|Mark’s Point Swan Bay Lake Macquarie New South Wales AUSTRALIA,0.5774063566444759,-0.4189416622281494,0.048292391803851524,0.039555810549023865,0.3113955557015106,0.0969671921106526,0.08989215395436014,2020-04-30,Mark’s Point Swan Bay Lake Macquarie New South Wales AUSTRALIA,Mark’s Point,New South Wales,AUSTRALIA,-33.0589864,151.64430869999998
3316,2020-04-30|Maroochydore Beach Queensland AUSTRALIA,0.6225875180833763,-0.3551129242948033,0.02583196250763543,-0.028699631060708084,0.3376376409073004,0.11399917655744715,0.10180157909002428,2020-04-30,Maroochydore Beach Queensland AUSTRALIA,Maroochydore Beach,Queensland,AUSTRALIA,-26.65447,153.10362869999997
3317,2020-04-30|Maroochydore Queensland AUSTRALIA,0.6225875180833763,-0.3551129242948033,0.02583196250763543,-0.028699631060708084,0.3376376409073004,0.11399917655744715,0.10180157909002428,2020-04-30,Maroochydore Queensland AUSTRALIA,Maroochydore,Queensland,AUSTRALIA,-26.65,153.1
3318,2020-04-30|Maroubra Bay New South Wales AUSTRALIA,0.562769865560356,-0.423858833450451,0.04420335684057547,0.035073859125266,0.30695076152695094,0.09421877000197512,0.08860905239777288,2020-04-30,Maroubra Bay New South Wales AUSTRALIA,Maroubra Bay,New South Wales,AUSTRALIA,-33.980540000000005,151.24301
3319,2020-04-30|Maroubra Beach New South Wales AUSTRALIA,0.5634238536445563,-0.42344976655401284,0.044707680639326036,0.0357717213444494,0.3070988912859638,0.09430972902906821,0.08865181377589341,2020-04-30,Maroubra Beach New South Wales AUSTRALIA,Maroubra Beach,New South Wales,AUSTRALIA,-33.9495,151.2437
3320,2020-04-30|Maroubra New South Wales AUSTRALIA,0.5634238536445563,-0.42344976655401284,0.044707680639326036,0.0357717213444494,0.3070988912859638,0.09430972902906821,0.08865181377589341,2020-04-30,Maroubra New South Wales AUSTRALIA,Maroubra,New South Wales,AUSTRALIA,-33.9495,151.2437
3321,2020-04-30|Martin Islet New South Wales AUSTRALIA,0.5589592423350466,-0.4284916866922961,0.04284834530697845,0.03368449309920744,0.3065216395820223,0.09395551553205116,0.08848517556256301,2020-04-30,Martin Islet New South Wales AUSTRALIA,Martin Islet,New South Wales,AUSTRALIA,-34.4943401,150.93782480000002
3322,2020-04-30|Mary River Queensland AUSTRALIA,0.6235691953273143,-0.3559717811217986,0.02470181348491907,-0.029133771100014645,0.3382858388592944,0.1144373087727365,0.10199701812608254,2020-04-30,Mary River Queensland AUSTRALIA,Mary River,Queensland,AUSTRALIA,-26.184755499999998,152.64317409999998
3323,2020-04-30|Maryborough Queensland AUSTRALIA,0.9325325343159802,-0.5891016692851243,0.03152148629263757,0.011661137405274137,0.515907109756356,0.26616014589715675,0.15555184633986677,2020-04-30,Maryborough Queensland AUSTRALIA,Maryborough,Queensland,AUSTRALIA,-25.523262699999997,152.6970636
3324,2020-04-30|Mauds Point Western Australia AUSTRALIA,0.24318779155865827,-0.21885705646494824,0.031392496589076925,0.04690119469854084,0.16947870380944152,0.028723031044928408,0.048924287633144964,2020-04-30,Mauds Point Western Australia AUSTRALIA,Mauds Point,Western Australia,AUSTRALIA,-31.954288399999996,115.8624252
3325,2020-04-30|McKenzies Beach New South Wales AUSTRALIA,0.5415536157266994,-0.4401155558739638,0.037206380063958294,0.02756124955921633,0.3030352392307765,0.09183035621565395,0.08747873847191574,2020-04-30,McKenzies Beach New South Wales AUSTRALIA,McKenzies Beach,New South Wales,AUSTRALIA,-35.8043718,150.226363
3326,2020-04-30|McMasters Beach Central Coast New South Wales AUSTRALIA,0.5693737915328417,-0.42238860782551046,0.04674347366794845,0.03828616853759771,0.3090688928444788,0.09552358052411193,0.08922050424094972,2020-04-30,McMasters Beach Central Coast New South Wales AUSTRALIA,McMasters Beach,New South Wales,AUSTRALIA,-33.4967169,151.4114482
3327,2020-04-30|Melbourne Victoria AUSTRALIA,0.485586797712524,-0.5537002399306968,0.02880016065202606,0.06635698137881808,0.34247502053544,0.11728913969075004,0.09886402264842944,2020-04-30,Melbourne Victoria AUSTRALIA,Melbourne,Victoria,AUSTRALIA,-37.813627600000004,144.96305759999998
3328,2020-04-30|Mereweather Beach New South Wales AUSTRALIA,0.5793511464104716,-0.4177596576064149,0.048262833902449925,0.03914338163222096,0.3119703028458453,0.09732546985772843,0.09005806916360894,2020-04-30,Mereweather Beach New South Wales AUSTRALIA,Mereweather Beach,New South Wales,AUSTRALIA,-32.9465493,151.7599466
3329,2020-04-30|Merewether Beach Newcastle New South Wales AUSTRALIA,0.5793656504549816,-0.4177576811222605,0.04826661929405234,0.03914505244517985,0.31197415372165377,0.09732787259034205,0.09005918081570125,2020-04-30,Merewether Beach Newcastle New South Wales AUSTRALIA,Merewether Beach,New South Wales,AUSTRALIA,-32.9465493,151.7599466
3330,2020-04-30|Merewether Beach near Newcastle New South Wales AUSTRALIA,0.5793504876422391,-0.4177589988432254,0.048263219276466145,0.03914393845783154,0.3119699877223721,0.097325273239497,0.0900579781952979,2020-04-30,Merewether Beach near Newcastle New South Wales AUSTRALIA,Merewether Beach,New South Wales,AUSTRALIA,-32.9465493,151.7599466
3331,2020-04-30|Merimbula New South Wales AUSTRALIA,0.5370361248222334,-0.44393123124539124,0.03426513746110975,0.023881552050279704,0.3019586422901314,0.09117902165369954,0.08716795170517065,2020-04-30,Merimbula New South Wales AUSTRALIA,Merimbula,New South Wales,AUSTRALIA,-36.8875485,149.90587480000002
3332,2020-04-30|Merino Rocks Adelaide South Australia AUSTRALIA,0.77070219355976,-0.4731222538050645,0.0613663904251048,0.011579741442282066,0.42506967147417024,0.18068422560715902,0.122707044624979,2020-04-30,Merino Rocks Adelaide South Australia AUSTRALIA,Merino Rocks,South Australia,AUSTRALIA,-35.05,138.5166667
3333,2020-04-30|Mermaid Beach Queensland AUSTRALIA,0.6230584919775779,-0.36322877168941525,0.0368811547869673,0.017803281311816712,0.3366722753023344,0.11334822095725083,0.10151051040846185,2020-04-30,Mermaid Beach Queensland AUSTRALIA,Mermaid Beach,Queensland,AUSTRALIA,-28.044,153.437
3334,2020-04-30|Mermaid Waters Queensland AUSTRALIA,0.6230584919775779,-0.36322877168941525,0.0368811547869673,0.017803281311816712,0.3366722753023344,0.11334822095725083,0.10151051040846185,2020-04-30,Mermaid Waters Queensland AUSTRALIA,Mermaid Waters,Queensland,AUSTRALIA,-28.047778000000005,153.42166699999999
3335,2020-04-30|Metro coast Western Australia AUSTRALIA,0.24217729236018,-0.23466546962770043,0.01129084007516711,0.01904491527488094,0.17739160364628268,0.031467781044199845,0.049199578675650536,2020-04-30,Metro coast Western Australia AUSTRALIA,Metro coast,Western Australia,AUSTRALIA,-31.7478596,115.7726817
3336,2020-04-30|Miall Island Queensland AUSTRALIA,1.329280131047355,-0.8316480499314816,0.18405926056469415,0.3229827279540982,0.760258337570581,0.5779927398455835,0.21946767792501617,2020-04-30,Miall Island Queensland AUSTRALIA,Miall Island,Queensland,AUSTRALIA,-23.1528552,150.9052831
3337,2020-04-30|Miami Lake Queensland AUSTRALIA,0.6230584919775779,-0.36322877168941525,0.0368811547869673,0.017803281311816712,0.3366722753023344,0.11334822095725083,0.10151051040846185,2020-04-30,Miami Lake Queensland AUSTRALIA,Miami Lake,Queensland,AUSTRALIA,-28.076944399999995,153.4366667
3338,2020-04-30|Middle Beach 40 km north of Adelaide South Australia AUSTRALIA,0.8413617023367046,-0.6889244978696942,0.008286635753045779,-0.0233128954551723,0.5018077812697957,0.25181104934291515,0.1391764373688513,2020-04-30,Middle Beach 40 km north of Adelaide South Australia AUSTRALIA,Middle Beach,South Australia,AUSTRALIA,-34.5795185,138.4821124
3339,2020-04-30|Middle Brighton Port Phillip Victoria AUSTRALIA,0.485586797712524,-0.5537002399306968,0.02880016065202606,0.06635698137881808,0.34247502053544,0.11728913969075004,0.09886402264842944,2020-04-30,Middle Brighton Port Phillip Victoria AUSTRALIA,Middle Brighton,Victoria,AUSTRALIA,-37.915053799999995,144.9962287
3340,2020-04-30|Middle Harbour Sugarloaf Bay Sydney Estuary New South Wales AUSTRALIA,0.5655976983582274,-0.4229333456939965,0.04549018614840781,0.03676383920820993,0.30775642209035625,0.09471401533785752,0.08884162656935164,2020-04-30,Middle Harbour Sugarloaf Bay Sydney Estuary New South Wales AUSTRALIA,Middle Harbour,New South Wales,AUSTRALIA,-33.7831723,151.2231308
3341,2020-04-30|Middle Harbour Sydney New South Wales AUSTRALIA,0.5655970410820322,-0.4229326358227028,0.04549055275894975,0.03676436538227992,0.30775609211445293,0.09471381223355962,0.08884153131351334,2020-04-30,Middle Harbour Sydney New South Wales AUSTRALIA,Middle Harbour,New South Wales,AUSTRALIA,-33.7859956,151.2260866
3342,2020-04-30|Middleton Beach South Australia AUSTRALIA,0.31831446393916707,-0.34434039544273715,0.0022595129368420453,0.012062615393818024,0.2226916252382593,0.04959155995125733,0.07042127515975362,2020-04-30,Middleton Beach South Australia AUSTRALIA,Middleton Beach,South Australia,AUSTRALIA,-35.51150689999999,138.7185508
3343,2020-04-30|Middleton Point Fleurieu Peninsula South Australia AUSTRALIA,0.31831446393916707,-0.34434039544273715,0.0022595129368420453,0.012062615393818024,0.2226916252382593,0.04959155995125733,0.07042127515975362,2020-04-30,Middleton Point Fleurieu Peninsula South Australia AUSTRALIA,Middleton Point,South Australia,AUSTRALIA,-35.5142799,138.70844
3344,2020-04-30|Middleton Reef Queensland AUSTRALIA,1.488673314571555,-1.2282786279244757,0.14402489607208505,0.1357306385592529,1.0487910783034364,1.0999627259288849,0.30275990569108346,2020-04-30,Middleton Reef Queensland AUSTRALIA,Middleton Reef,Queensland,AUSTRALIA,-22.3581165,141.54921140000002
3345,2020-04-30|Millers Point New South Wales AUSTRALIA,0.5642058247174442,-0.423092213341209,0.04518981703834918,0.03643502644883782,0.307308702833037,0.09443863883692384,0.08871238115248432,2020-04-30,Millers Point New South Wales AUSTRALIA,Millers Point,New South Wales,AUSTRALIA,-33.86085,151.20281
3346,2020-04-30|Millicent South Australia AUSTRALIA,0.31729296205153484,-0.37440070918770607,0.017383157486400257,0.03332647524475181,0.24289522627001003,0.05899809094475937,0.07323566626419085,2020-04-30,Millicent South Australia AUSTRALIA,Millicent,South Australia,AUSTRALIA,-37.6050244,140.3593062
3347,2020-04-30|Mindarie Western Australia AUSTRALIA,0.2421503281217491,-0.234806809154876,0.011549909507663967,0.019455180181029045,0.17732134742947908,0.03144286025420603,0.04918009310702704,2020-04-30,Mindarie Western Australia AUSTRALIA,Mindarie,Western Australia,AUSTRALIA,-31.6900771,115.7060487
3348,2020-04-30|Moama Beach South Australia AUSTRALIA,0.48292371751652274,-0.5496758802519891,0.02985400534985855,0.06773632546989145,0.34032631351651843,0.1158219996717436,0.09824374436053745,2020-04-30,Moama Beach South Australia AUSTRALIA,Moama Beach,South Australia,AUSTRALIA,-36.1214284,144.7528293
3349,2020-04-30|Moffat Beach Caloundra Queensland AUSTRALIA,0.6279921737515172,-0.357970860281593,0.0243291599150824,-0.03353853644511699,0.3405889203721514,0.11600081268026767,0.10269142332969623,2020-04-30,Moffat Beach Caloundra Queensland AUSTRALIA,Moffat Beach,Queensland,AUSTRALIA,-26.791,153.139
3350,2020-04-30|Mollymook Beach Bannister Head New South Wales AUSTRALIA,0.5437313823346566,-0.4354321043081321,0.03872046947857619,0.029396959672501083,0.3026518800003723,0.09159816046775976,0.08736807219448063,2020-04-30,Mollymook Beach Bannister Head New South Wales AUSTRALIA,Mollymook Beach,New South Wales,AUSTRALIA,-35.32012279999999,150.47556730000002
3351,2020-04-30|Mona Vale Beach Sydney New South Wales AUSTRALIA,0.5672406007336299,-0.4229373107602039,0.04616715767517765,0.037639465890579565,0.3084002047588012,0.09511068629527052,0.0890274706178148,2020-04-30,Mona Vale Beach Sydney New South Wales AUSTRALIA,Mona Vale Beach,New South Wales,AUSTRALIA,-33.6795811,151.31354850000002
3352,2020-04-30|Mona Vale New South Wales AUSTRALIA,0.567227424968103,-0.42294084786405983,0.046159902606788226,0.037628372812014164,0.3083961872159499,0.09510820828933522,0.08902631085309146,2020-04-30,Mona Vale New South Wales AUSTRALIA,Mona Vale,New South Wales,AUSTRALIA,-33.675959999999996,151.30653
3353,2020-04-30|Mona Vale near Sydney New South Wales AUSTRALIA,0.567227424968103,-0.42294084786405983,0.046159902606788226,0.037628372812014164,0.3083961872159499,0.09510820828933522,0.08902631085309146,2020-04-30,Mona Vale near Sydney New South Wales AUSTRALIA,Mona Vale,New South Wales,AUSTRALIA,-33.675959999999996,151.30653
3354,2020-04-30|Moodie Beach New South Wales AUSTRALIA,0.606173391035481,-0.38687292430120224,0.04690994949251567,0.0322187478126866,0.31825649851840127,0.10128719884919314,0.09187273754547336,2020-04-30,Moodie Beach New South Wales AUSTRALIA,Moodie Beach,New South Wales,AUSTRALIA,-30.210286,153.15729
3355,2020-04-30|Mooloolaba Beach Queensland AUSTRALIA,0.6231370597158448,-0.35563253949351803,0.02531165272880478,-0.029956035258903748,0.3380397505968694,0.11427087298359369,0.10192281972319397,2020-04-30,Mooloolaba Beach Queensland AUSTRALIA,Mooloolaba Beach,Queensland,AUSTRALIA,-26.680943699999997,153.12166499999998
3356,2020-04-30|Mooloolaba Queensland AUSTRALIA,0.6231370597158448,-0.35563253949351803,0.02531165272880478,-0.029956035258903748,0.3380397505968694,0.11427087298359369,0.10192281972319397,2020-04-30,Mooloolaba Queensland AUSTRALIA,Mooloolaba,Queensland,AUSTRALIA,-26.682,153.118
3357,2020-04-30|Moonee Beach New South Wales AUSTRALIA,0.606173391035481,-0.38687292430120224,0.04690994949251567,0.0322187478126866,0.31825649851840127,0.10128719884919314,0.09187273754547336,2020-04-30,Moonee Beach New South Wales AUSTRALIA,Moonee Beach,New South Wales,AUSTRALIA,-30.1895467,153.1501948
3358,2020-04-30|Moore Park north of Bundaberg Queensland AUSTRALIA,0.8241938550931931,-0.5048365621940465,0.030372272426226976,0.0382422048249484,0.441178494766813,0.19463846424471082,0.13302032115593562,2020-04-30,Moore Park north of Bundaberg Queensland AUSTRALIA,Moore Park,Queensland,AUSTRALIA,-24.850489899999996,152.3506485
3359,2020-04-30|Mordialloc Victoria AUSTRALIA,0.49144923758995596,-0.5650531685650559,0.027166699365331073,0.06858171188735851,0.3459136358475531,0.11965624346527357,0.09985666538647348,2020-04-30,Mordialloc Victoria AUSTRALIA,Mordialloc,Victoria,AUSTRALIA,-37.999541799999996,145.0940302
3360,2020-04-30|Moreton Bay NE of Brisbane Queensland AUSTRALIA,0.8134389037257311,-0.5048019017031417,0.044458695976612936,0.06384172427153988,0.4342090203551773,0.18853747335780277,0.13091894555508304,2020-04-30,Moreton Bay NE of Brisbane Queensland AUSTRALIA,Moreton Bay,Queensland,AUSTRALIA,-27.3123953,153.3446649
3361,2020-04-30|Moreton Bay Queensland AUSTRALIA,0.8134337923263429,-0.5048003379627478,0.044453973166230724,0.06383156752587504,0.4342073414852752,0.18853601539971035,0.13091843935676148,2020-04-30,Moreton Bay Queensland AUSTRALIA,Moreton Bay,Queensland,AUSTRALIA,-27.3123953,153.3446649
3362,2020-04-30|Moreton Island Queensland AUSTRALIA,0.6793259816289124,-0.37442239195161103,0.02969012681651367,-0.04821466923882552,0.36345235421157485,0.13209761378193607,0.10958500800828554,2020-04-30,Moreton Island Queensland AUSTRALIA,Moreton Island,Queensland,AUSTRALIA,-27.0873207,153.41542330000001
3363,2020-04-30|Mornington Island Gulf of Carpentaria Queensland AUSTRALIA,1.1169370579645113,-1.0482498242555767,0.09617104780000842,0.13657907723582569,0.829302701785768,0.6877429711891746,0.23939906905784858,2020-04-30,Mornington Island Gulf of Carpentaria Queensland AUSTRALIA,Mornington Island,Queensland,AUSTRALIA,-16.5174872,139.4059435
3364,2020-04-30|Mornington Island Queensland AUSTRALIA,1.1169370579645113,-1.0482498242555767,0.09617104780000842,0.13657907723582569,0.829302701785768,0.6877429711891746,0.23939906905784858,2020-04-30,Mornington Island Queensland AUSTRALIA,Mornington Island,Queensland,AUSTRALIA,-16.5174872,139.4059435
3365,2020-04-30|Mount Martha Beach Victoria AUSTRALIA,0.4832818942644648,-0.5665748053584313,0.021465653668626464,0.07005265489806232,0.33965369453729566,0.11536463221283454,0.09804957598617929,2020-04-30,Mount Martha Beach Victoria AUSTRALIA,Mount Martha Beach,Victoria,AUSTRALIA,-38.263749600000004,145.0158385
3366,2020-04-30|Mowarry Point New South Wales AUSTRALIA,0.5397123914810924,-0.44721922753005566,0.03396107272607299,0.02352999278244703,0.3034085590435347,0.09205675370087409,0.08758650661911062,2020-04-30,Mowarry Point New South Wales AUSTRALIA,Mowarry Point,New South Wales,AUSTRALIA,-37.1406048,150.0047629
3367,2020-04-30|Mudjimba Island Queensland AUSTRALIA,0.6225875180833763,-0.3551129242948033,0.02583196250763543,-0.028699631060708084,0.3376376409073004,0.11399917655744715,0.10180157909002428,2020-04-30,Mudjimba Island Queensland AUSTRALIA,Mudjimba Island,Queensland,AUSTRALIA,-26.6146347,153.1144871
3368,2020-04-30|Mullaloo Beach Perth Western Australia AUSTRALIA,0.24217729236018,-0.23466546962770043,0.01129084007516711,0.01904491527488094,0.17739160364628268,0.031467781044199845,0.049199578675650536,2020-04-30,Mullaloo Beach Perth Western Australia AUSTRALIA,Mullaloo Beach,Western Australia,AUSTRALIA,-31.7789355,115.7325558
3369,2020-04-30|Mullaway Headland New South Wales AUSTRALIA,0.6069212163719805,-0.3855214456487947,0.04710913843324333,0.03238561319365075,0.31831108992948876,0.10132194997209906,0.09188849672841676,2020-04-30,Mullaway Headland New South Wales AUSTRALIA,Mullaway Headland,New South Wales,AUSTRALIA,-30.080607300000004,153.19585039999998
3370,2020-04-30|Murwillumbah Tweed River New South Wales AUSTRALIA,0.6202085191271695,-0.36308829160978606,0.03796378460988081,0.019424441445253137,0.3352482465437416,0.11239138681065333,0.10108114958274111,2020-04-30,Murwillumbah Tweed River New South Wales AUSTRALIA,Murwillumbah,New South Wales,AUSTRALIA,-28.332256800000003,153.3827556
3371,2020-04-30|Mutton Bird Island Albany Western Australia AUSTRALIA,0.24825424219212922,-0.2641455407984456,0.017605610379365404,0.0448617729538846,0.19690305763891008,0.03877081410755195,0.05684101666604257,2020-04-30,Mutton Bird Island Albany Western Australia AUSTRALIA,Mutton Bird Island,Western Australia,AUSTRALIA,-35.0508428,117.69298300000001
3372,2020-04-30|Nambucca New South Wales AUSTRALIA,0.603256428277318,-0.3870044537307967,0.04824766732338373,0.034601691964123285,0.31657087241343734,0.10021711726060484,0.09138613920274637,2020-04-30,Nambucca New South Wales AUSTRALIA,Nambucca,New South Wales,AUSTRALIA,-30.666463,152.73238840000002
3373,2020-04-30|Nambucca River Entrance New South Wales AUSTRALIA,0.6034778587731766,-0.3866012676422899,0.04817147078045048,0.03443801876979544,0.31664394280613106,0.1002633865158124,0.09140723280819212,2020-04-30,Nambucca River Entrance New South Wales AUSTRALIA,Nambucca River Entrance,New South Wales,AUSTRALIA,-30.6419702,152.9978834
3374,2020-04-30|Native Dog Beach Western Australia AUSTRALIA,0.2568056816335821,-0.2570933494722944,0.02233131056130114,0.04599798826688644,0.19529935561067202,0.03814183830194373,0.05888497130534453,2020-04-30,Native Dog Beach Western Australia AUSTRALIA,Native Dog Beach,Western Australia,AUSTRALIA,-34.450121,119.35602220000001
3375,2020-04-30|Near Albany Western Australia AUSTRALIA,0.2516098647248092,-0.2525250359118234,0.03642362028601554,0.07124710956508955,0.188985814635937,0.03571563813360874,0.056981367077005365,2020-04-30,Near Albany Western Australia AUSTRALIA,Near Albany,Western Australia,AUSTRALIA,-35.0269344,117.8837206
3376,2020-04-30|Near Asbestos Works Camellia Parramatta River New South Wales AUSTRALIA,0.564205167382753,-0.4230915020147429,0.045190181493181096,0.036435549585623575,0.30730837408970524,0.09443843678565823,0.08871228625245878,2020-04-30,Near Asbestos Works Camellia Parramatta River New South Wales AUSTRALIA,Near Asbestos Works,New South Wales,AUSTRALIA,-33.858772200000004,151.1770866
3377,2020-04-30|Near Barrow Point Queensland AUSTRALIA,1.4683413221652493,-1.1927219101058009,0.2000426774230253,0.2321242718485695,1.0367283126686335,1.074805594288752,0.29927768519787107,2020-04-30,Near Barrow Point Queensland AUSTRALIA,Near Barrow Point,Queensland,AUSTRALIA,-20.9175738,142.7027956
3378,2020-04-30|Near Bondi Beach New South Wales AUSTRALIA,0.5642058247174442,-0.423092213341209,0.04518981703834918,0.03643502644883782,0.307308702833037,0.09443863883692384,0.08871238115248432,2020-04-30,Near Bondi Beach New South Wales AUSTRALIA,Near Bondi Beach,New South Wales,AUSTRALIA,-33.8914755,151.2766845
3379,2020-04-30|Near Brisbane Queensland AUSTRALIA,0.8287879064481923,-0.5716293663953881,0.06710026608644772,0.007761922035029274,0.5029285748256961,0.25293715137620576,0.14518297402938524,2020-04-30,Near Brisbane Queensland AUSTRALIA,Near Brisbane,Queensland,AUSTRALIA,-27.469770699999998,153.0251235
3380,2020-04-30|Near Broome in Roebuck Bay Western Australia AUSTRALIA,2.18181563886321,-1.7257747988880465,0.4310184594837358,0.876937811825767,1.4804024996608336,2.1915915610020447,0.4463581481890202,2020-04-30,Near Broome in Roebuck Bay Western Australia AUSTRALIA,Near Broome in Roebuck Bay,Western Australia,AUSTRALIA,-18.0858333,122.28305559999998
3381,2020-04-30|Near Cairns Queensland AUSTRALIA,0.6254598164276193,-0.3253722362056788,0.09873135943978385,0.02074996332187154,0.3739163620667965,0.13981344582126765,0.11824273585352618,2020-04-30,Near Cairns Queensland AUSTRALIA,Near Cairns,Queensland,AUSTRALIA,-16.9185514,145.7780548
3382,2020-04-30|Near Forbes Island Barrier Reef Queensland AUSTRALIA,0.6101274664851666,-0.36473800310810556,0.07175695836357243,-0.006941458304044589,0.3472283858913587,0.12056755196871831,0.10980325676805687,2020-04-30,Near Forbes Island Barrier Reef Queensland AUSTRALIA,Near Forbes Island,Queensland,AUSTRALIA,-12.2894676,143.4081551
3383,2020-04-30|Near Legendre Island Western Australia AUSTRALIA,1.1731255924804982,-1.0014043605816416,0.1344458904491156,0.10126751719821261,0.7308075505020095,0.5340796758707472,0.2203467671794428,2020-04-30,Near Legendre Island Western Australia AUSTRALIA,Near Legendre Island,Western Australia,AUSTRALIA,-20.3853568,116.87631040000001
3384,2020-04-30|Near Moreton Island in Moreton Bay Queensland AUSTRALIA,0.6793259816289124,-0.37442239195161103,0.02969012681651367,-0.04821466923882552,0.36345235421157485,0.13209761378193607,0.10958500800828554,2020-04-30,Near Moreton Island in Moreton Bay Queensland AUSTRALIA,Near Moreton Island in Moreton Bay,Queensland,AUSTRALIA,-27.0873207,153.41542330000001
3385,2020-04-30|Near Port Vincent South Australia AUSTRALIA,0.8003543617439369,-0.5929752444357025,0.05496535965443911,0.005270202772174259,0.45975054802719734,0.21137056641130827,0.1275118596026715,2020-04-30,Near Port Vincent South Australia AUSTRALIA,Near Port Vincent,South Australia,AUSTRALIA,-34.781414899999994,137.8547712
3386,2020-04-30|Near Restoration Rock off Portland Roads Queensland AUSTRALIA,0.5878864937045961,-0.3566437578250431,0.03961095598909147,-0.07107753472336699,0.34076727089118825,0.11612233291062846,0.10274519803449718,2020-04-30,Near Restoration Rock off Portland Roads Queensland AUSTRALIA,Near Restoration Rock off Portland Roads,Queensland,AUSTRALIA,-12.622323800000002,143.46304740000002
3387,2020-04-30|Near Southport Queensland AUSTRALIA,0.6235125095711274,-0.36240867486879214,0.03631748427078674,0.016703056336924184,0.3367822930241933,0.1134223128946336,0.10154368199970691,2020-04-30,Near Southport Queensland AUSTRALIA,Near Southport,Queensland,AUSTRALIA,-27.973794,153.4183144
3388,2020-04-30|Near Sydney New South Wales AUSTRALIA,0.564205167382753,-0.4230915020147429,0.045190181493181096,0.036435549585623575,0.30730837408970524,0.09443843678565823,0.08871228625245878,2020-04-30,Near Sydney New South Wales AUSTRALIA,Near Sydney,New South Wales,AUSTRALIA,-33.8688197,151.2092955
3389,2020-04-30|Near Thursday Island Queensland AUSTRALIA,0.835856060960504,-1.246442838325395,0.10576094345478206,0.3991351632338558,0.6787282394662272,0.4606720230489242,0.18139775220077725,2020-04-30,Near Thursday Island Queensland AUSTRALIA,Near Thursday Island,Queensland,AUSTRALIA,-10.5799169,142.2193906
3390,2020-04-30|Neds Beach Lord Howe Island New South Wales AUSTRALIA,0.5907978434520113,-0.42974655298480235,0.017180406313105637,-0.009948880698116124,0.34122731529593275,0.1164360807040699,0.09850384117048004,2020-04-30,Neds Beach Lord Howe Island New South Wales AUSTRALIA,Ned's Beach,New South Wales,AUSTRALIA,-31.518050800000005,159.06489059999998
3391,2020-04-30|Nelsons Bay New South Wales AUSTRALIA,0.5810878056952388,-0.4151069846490219,0.04799613106994807,0.0383695793792497,0.31209299673921626,0.09740203861366446,0.09009348783979175,2020-04-30,Nelsons Bay New South Wales AUSTRALIA,Nelson's Bay,New South Wales,AUSTRALIA,-32.715,152.15111100000001
3392,2020-04-30|Nerang River Queensland AUSTRALIA,0.6234965702376674,-0.36240960688540375,0.0363134643987092,0.016703948522252262,0.33677801937521235,0.11341943433429089,0.10154239344605641,2020-04-30,Nerang River Queensland AUSTRALIA,Nerang River,Queensland,AUSTRALIA,-28.004231800000003,153.3708292
3393,2020-04-30|Nerang River Southpot Queensland AUSTRALIA,0.6235125095711274,-0.36240867486879214,0.03631748427078674,0.016703056336924184,0.3367822930241933,0.1134223128946336,0.10154368199970691,2020-04-30,Nerang River Southpot Queensland AUSTRALIA,Nerang River,Queensland,AUSTRALIA,-27.973794,153.4183144
3394,2020-04-30|Nerang River Surfers Paradise Queensland AUSTRALIA,0.6234965702376674,-0.36240960688540375,0.0363134643987092,0.016703948522252262,0.33677801937521235,0.11341943433429089,0.10154239344605641,2020-04-30,Nerang River Surfers Paradise Queensland AUSTRALIA,Nerang River,Queensland,AUSTRALIA,-27.9889011,153.4257263
3395,2020-04-30|Nerang River near Chevron Island Queensland AUSTRALIA,0.6234965702376674,-0.36240960688540375,0.0363134643987092,0.016703948522252262,0.33677801937521235,0.11341943433429089,0.10154239344605641,2020-04-30,Nerang River near Chevron Island Queensland AUSTRALIA,Nerang River near Chevron Island,Queensland,AUSTRALIA,-27.997344599999998,153.4198464
3396,2020-04-30|Nettley Bay Tasmania AUSTRALIA,0.3430315399105719,-0.2958106611514999,0.018805694941029707,-0.037699203676263525,0.21560585136302904,0.04648588314197657,0.06224004816165163,2020-04-30,Nettley Bay Tasmania AUSTRALIA,Nettley Bay,Tasmania,AUSTRALIA,-40.93,144.62
3397,2020-04-30|Newcastle Beach New South Wales AUSTRALIA,0.5793511464104716,-0.4177596576064149,0.048262833902449925,0.03914338163222096,0.3119703028458453,0.09732546985772843,0.09005806916360894,2020-04-30,Newcastle Beach New South Wales AUSTRALIA,Newcastle Beach,New South Wales,AUSTRALIA,-32.9310039,151.7857155
3398,2020-04-30|Newcastle Harbor New South Wales AUSTRALIA,0.5793656504549816,-0.4177576811222605,0.04826661929405234,0.03914505244517985,0.31197415372165377,0.09732787259034205,0.09005918081570125,2020-04-30,Newcastle Harbor New South Wales AUSTRALIA,Newcastle Harbor,New South Wales,AUSTRALIA,-32.9243415,151.7870367
3399,2020-04-30|Newcastle New South Wales AUSTRALIA,0.5793511464104716,-0.4177596576064149,0.048262833902449925,0.03914338163222096,0.3119703028458453,0.09732546985772843,0.09005806916360894,2020-04-30,Newcastle New South Wales AUSTRALIA,Newcastle,New South Wales,AUSTRALIA,-32.9282712,151.78168019999998
3400,2020-04-30|Nobbys Beach Queensland AUSTRALIA,0.6230584919775779,-0.36322877168941525,0.0368811547869673,0.017803281311816712,0.3366722753023344,0.11334822095725083,0.10151051040846185,2020-04-30,Nobbys Beach Queensland AUSTRALIA,Nobby's Beach,Queensland,AUSTRALIA,-28.0534335,153.4410418
3401,2020-04-30|Noosa Heads Queensland AUSTRALIA,0.6227486230483671,-0.35503268667740856,0.025681227763942664,-0.027822573056104957,0.33774271154357083,0.11407013920080371,0.1018332590788418,2020-04-30,Noosa Heads Queensland AUSTRALIA,Noosa Heads,Queensland,AUSTRALIA,-26.398000000000003,153.093
3402,2020-04-30|Noosa Queensland AUSTRALIA,0.6227362307332223,-0.35503261058947627,0.02567617554416146,-0.027825077746918447,0.33773950273520187,0.11406797170782142,0.10183229158671599,2020-04-30,Noosa Queensland AUSTRALIA,Noosa,Queensland,AUSTRALIA,-26.3645433,152.9676695
3403,2020-04-30|Norah Head New South Wales AUSTRALIA,0.5741716453131079,-0.4207114312461262,0.04780983779430842,0.03931953149614072,0.3104845708896536,0.09640066876053234,0.08962917529118347,2020-04-30,Norah Head New South Wales AUSTRALIA,Norah Head,New South Wales,AUSTRALIA,-33.2815439,151.5791475
3404,2020-04-30|Noraville New South Wales AUSTRALIA,0.5741716453131079,-0.4207114312461262,0.04780983779430842,0.03931953149614072,0.3104845708896536,0.09640066876053234,0.08962917529118347,2020-04-30,Noraville New South Wales AUSTRALIA,Noraville,New South Wales,AUSTRALIA,-33.268863,151.5559438
3405,2020-04-30|Normanville South Australia AUSTRALIA,0.6959273955254099,-0.4082519028275354,0.05391702684631943,-0.009441668871592736,0.37449047863178736,0.1402431185858652,0.10810608932350713,2020-04-30,Normanville South Australia AUSTRALIA,Normanville,South Australia,AUSTRALIA,-35.446382799999995,138.3215845
3406,2020-04-30|North Avoca Beach New South Wales AUSTRALIA,0.5717800165454611,-0.4216272805331828,0.047285838124742796,0.03883124540825343,0.30976895389181874,0.09595680479523172,0.08942259445801516,2020-04-30,North Avoca Beach New South Wales AUSTRALIA,North Avoca Beach,New South Wales,AUSTRALIA,-33.4608015,151.4379276
3407,2020-04-30|North Beach Belligen River New South Wales AUSTRALIA,0.6032083654812571,-0.3856539949179598,0.04787998182715789,0.03394532817423862,0.3164667271414375,0.10015118938761303,0.0913560750523344,2020-04-30,North Beach Belligen River New South Wales AUSTRALIA,North Beach,New South Wales,AUSTRALIA,-30.464843100000003,153.04732109999998
3408,2020-04-30|North Bondi New South Wales AUSTRALIA,0.5642058247174442,-0.423092213341209,0.04518981703834918,0.03643502644883782,0.307308702833037,0.09443863883692384,0.08871238115248432,2020-04-30,North Bondi New South Wales AUSTRALIA,North Bondi,New South Wales,AUSTRALIA,-33.8879,151.2808
3409,2020-04-30|North Brighton Botany Bay New South Wales AUSTRALIA,0.5614378354404863,-0.4245671290219709,0.04387894897989772,0.03478282268567995,0.30664368799365876,0.09403035138635235,0.08852040790421925,2020-04-30,North Brighton Botany Bay New South Wales AUSTRALIA,North Brighton,New South Wales,AUSTRALIA,-33.95908729999999,151.15205930000002
3410,2020-04-30|North Burleigh near Brisbane Queensland AUSTRALIA,0.6230743747763271,-0.3632278167407272,0.036885165606017616,0.017802371078506584,0.33667653446638085,0.11335108886029213,0.10151179459474027,2020-04-30,North Burleigh near Brisbane Queensland AUSTRALIA,North Burleigh,Queensland,AUSTRALIA,-28.0771255,153.4468079
3411,2020-04-30|North Cottesloe Western Australia AUSTRALIA,0.2438931819833584,-0.2198506154554827,0.0308997456890882,0.0464209938997739,0.17017047781477654,0.028957991519709358,0.04912398558724424,2020-04-30,North Cottesloe Western Australia AUSTRALIA,North Cottesloe,Western Australia,AUSTRALIA,-31.9819839,115.76097040000002
3412,2020-04-30|North Cronulla Beach New South Wales AUSTRALIA,0.5608930576474997,-0.4252265992802362,0.04353342125942347,0.0343568089598007,0.30657942367964525,0.09399094302374342,0.08850185639472176,2020-04-30,North Cronulla Beach New South Wales AUSTRALIA,North Cronulla Beach,New South Wales,AUSTRALIA,-34.0496066,151.1572211
3413,2020-04-30|North Haven South Australia AUSTRALIA,0.81496476891644,-0.6531469372359798,0.0068288206361428565,-0.03688266855980085,0.48096209877751994,0.23132454046047687,0.13339488528439417,2020-04-30,North Haven South Australia AUSTRALIA,North Haven,South Australia,AUSTRALIA,-34.7864711,138.49372130000003
3414,2020-04-30|North Head New South Wales AUSTRALIA,0.5655976983582274,-0.4229333456939965,0.04549018614840781,0.03676383920820993,0.30775642209035625,0.09471401533785752,0.08884162656935164,2020-04-30,North Head New South Wales AUSTRALIA,North Head,New South Wales,AUSTRALIA,-33.8332187,151.28042580000002
3415,2020-04-30|North Head Sydney Harbour New South Wales AUSTRALIA,0.5655976983582274,-0.4229333456939965,0.04549018614840781,0.03676383920820993,0.30775642209035625,0.09471401533785752,0.08884162656935164,2020-04-30,North Head Sydney Harbour New South Wales AUSTRALIA,North Head,New South Wales,AUSTRALIA,-33.8332187,151.28042580000002
3416,2020-04-30|North Narrabeen Beach New South Wales AUSTRALIA,0.567227424968103,-0.42294084786405983,0.046159902606788226,0.037628372812014164,0.3083961872159499,0.09510820828933522,0.08902631085309146,2020-04-30,North Narrabeen Beach New South Wales AUSTRALIA,North Narrabeen Beach,New South Wales,AUSTRALIA,-33.7006895,151.30409939999998
3417,2020-04-30|North Point Beach Moreton Island Queensland AUSTRALIA,0.62834439602533,-0.3483772328450363,0.03212732797667748,-0.01586245350972536,0.3380540497403313,0.11428054054583839,0.10192713107716549,2020-04-30,North Point Beach Moreton Island Queensland AUSTRALIA,North Point Beach,Queensland,AUSTRALIA,-27.0269755,153.45147409999998
3418,2020-04-30|North Shelly Beach New South Wales AUSTRALIA,0.5717667568971305,-0.42163077441787467,0.04727855751073797,0.03882016584476572,0.3097649018911257,0.09595429444361875,0.08942142474616972,2020-04-30,North Shelly Beach New South Wales AUSTRALIA,North Shelly Beach,New South Wales,AUSTRALIA,-33.3699595,151.4858695
3419,2020-04-30|North Solitary Island New South Wales AUSTRALIA,0.6076195194265902,-0.3828826403716671,0.04730265456409419,0.032342789008017014,0.31799011045796427,0.1011177103490683,0.09179583793627226,2020-04-30,North Solitary Island New South Wales AUSTRALIA,North Solitary Island,New South Wales,AUSTRALIA,-29.9294292,153.39146609999997
3420,2020-04-30|North Steyne New South Wales AUSTRALIA,0.5655976983582274,-0.4229333456939965,0.04549018614840781,0.03676383920820993,0.30775642209035625,0.09471401533785752,0.08884162656935164,2020-04-30,North Steyne New South Wales AUSTRALIA,North Steyne,New South Wales,AUSTRALIA,-33.7915584,151.2869868
3421,2020-04-30|North West Island Queensland AUSTRALIA,0.9179085898599008,-0.5312923837773333,0.0947607185668169,-0.04669744141914082,0.535325160326766,0.2865730272788778,0.1614066088764301,2020-04-30,North West Island Queensland AUSTRALIA,North West Island,Queensland,AUSTRALIA,-23.2950882,151.7078724
3422,2020-04-30|North of main swimming area in Watermans Bay Beach Perth Western Australia AUSTRALIA,0.2428490594212597,-0.218378637152674,0.03160687802727802,0.04705323599694241,0.1690994396721967,0.028594620497450894,0.04881480350727883,2020-04-30,North of main swimming area in Watermans Bay Beach Perth Western Australia AUSTRALIA,North of main swimming area in Waterman's Bay Beach,Western Australia,AUSTRALIA,-31.8517249,115.75106559999999
3423,2020-04-30|Oak Beach Queensland AUSTRALIA,0.6256869269611626,-0.3350241916694023,0.09405077762355511,0.018014851822474816,0.37421533311760397,0.1400371155403193,0.11833727880102672,2020-04-30,Oak Beach Queensland AUSTRALIA,Oak Beach,Queensland,AUSTRALIA,-16.591276999999998,145.51918569999998
3424,2020-04-30|Oatley Bay near Como George’s River New South Wales AUSTRALIA,0.5609074893848438,-0.42522444257017866,0.043537137735839816,0.03435835761275183,0.3065831909364099,0.09399325296475115,0.08850294390807535,2020-04-30,Oatley Bay near Como George’s River New South Wales AUSTRALIA,Oatley Bay near Como,New South Wales,AUSTRALIA,-33.9904648,151.0843479
3425,2020-04-30|Ocean Reef Western Australia AUSTRALIA,0.24217729236018,-0.23466546962770043,0.01129084007516711,0.01904491527488094,0.17739160364628268,0.031467781044199845,0.049199578675650536,2020-04-30,Ocean Reef Western Australia AUSTRALIA,Ocean Reef,Western Australia,AUSTRALIA,-31.760051699999998,115.73328070000001
3426,2020-04-30|Ocean baths Kissing Point Beach Queensland AUSTRALIA,1.4683413221652493,-1.1927219101058009,0.2000426774230253,0.2321242718485695,1.0367283126686335,1.074805594288752,0.29927768519787107,2020-04-30,Ocean baths Kissing Point Beach Queensland AUSTRALIA,Ocean baths,Queensland,AUSTRALIA,-20.9175738,142.7027956
3427,2020-04-30|Oceanworld Manley New South Wales AUSTRALIA,0.5655976983582274,-0.4229333456939965,0.04549018614840781,0.03676383920820993,0.30775642209035625,0.09471401533785752,0.08884162656935164,2020-04-30,Oceanworld Manley New South Wales AUSTRALIA,Oceanworld,New South Wales,AUSTRALIA,-33.795355,151.285014
3428,2020-04-30|Off Airlie Beach Whitsundays Queensland AUSTRALIA,0.9832050231127013,-0.5503428564479476,0.25556325613940645,0.2094206068162863,0.5259605112953034,0.276634459442017,0.15858306095545496,2020-04-30,Off Airlie Beach Whitsundays Queensland AUSTRALIA,Off Airlie Beach,Queensland,AUSTRALIA,-20.2675,148.71694399999998
3429,2020-04-30|Off Ben Buckler near Sydney New South Wales AUSTRALIA,0.5642058247174442,-0.423092213341209,0.04518981703834918,0.03643502644883782,0.307308702833037,0.09443863883692384,0.08871238115248432,2020-04-30,Off Ben Buckler near Sydney New South Wales AUSTRALIA,Off Ben Buckler,New South Wales,AUSTRALIA,-33.8898004,151.2831104
3430,2020-04-30|Off Big Friar Island Tasmania AUSTRALIA,1.2556510194523733,-1.2160525906106225,0.25959291136962875,0.465657427645458,0.8472642757669999,0.717856752990979,0.25545979099921323,2020-04-30,Off Big Friar Island Tasmania AUSTRALIA,Off Big Friar Island,Tasmania,AUSTRALIA,-41.4545196,145.9706647
3431,2020-04-30|Off Blacksmith Beach New South Wales AUSTRALIA,0.5774063566444759,-0.4189416622281494,0.048292391803851524,0.039555810549023865,0.3113955557015106,0.0969671921106526,0.08989215395436014,2020-04-30,Off Blacksmith Beach New South Wales AUSTRALIA,Off Blacksmith Beach,New South Wales,AUSTRALIA,-33.0515891,151.6680509
3432,2020-04-30|Off Bloomfield River Queensland AUSTRALIA,0.6025250908138302,-0.3225892659226566,0.0864203784047843,0.006980288253639527,0.3622999534684023,0.13126125628320648,0.1145693049133172,2020-04-30,Off Bloomfield River Queensland AUSTRALIA,Off Bloomfield River,Queensland,AUSTRALIA,-15.931200899999999,145.349625
3433,2020-04-30|Off Bribie Heads Queensland AUSTRALIA,0.6636236832640466,-0.3861708876900918,0.01916722886459807,-0.022085483695246162,0.34691518342540956,0.12035014449108555,0.10014578726831432,2020-04-30,Off Bribie Heads Queensland AUSTRALIA,Off Bribie Heads,Queensland,AUSTRALIA,-26.986100300000004,153.1325243
3434,2020-04-30|Off Brisbane Queensland AUSTRALIA,0.8287879064481923,-0.5716293663953881,0.06710026608644772,0.007761922035029274,0.5029285748256961,0.25293715137620576,0.14518297402938524,2020-04-30,Off Brisbane Queensland AUSTRALIA,Off Brisbane,Queensland,AUSTRALIA,-27.469770699999998,153.0251235
3435,2020-04-30|Off Broughton Island near Port Stephens New South Wales AUSTRALIA,0.58295368559199,-0.41523103158450325,0.04801958407700477,0.03829747741804964,0.31282213730460856,0.09785768958782336,0.09030397259064492,2020-04-30,Off Broughton Island near Port Stephens New South Wales AUSTRALIA,Off Broughton Island near Port Stephens,New South Wales,AUSTRALIA,-32.6157855,152.31398269999997
3436,2020-04-30|Off Cairns Queensland AUSTRALIA,0.6254598164276193,-0.3253722362056788,0.09873135943978385,0.02074996332187154,0.3739163620667965,0.13981344582126765,0.11824273585352618,2020-04-30,Off Cairns Queensland AUSTRALIA,Off Cairns,Queensland,AUSTRALIA,-16.9185514,145.7780548
3437,2020-04-30|Off City Beach Perth Western Australia AUSTRALIA,0.2431820482541648,-0.21884961963072308,0.031392968406551515,0.0469012518741645,0.16947388681054815,0.028721398310674485,0.048922897085341074,2020-04-30,Off City Beach Perth Western Australia AUSTRALIA,Off City Beach,Western Australia,AUSTRALIA,-31.9339651,115.76420859999999
3438,2020-04-30|Off Dawesville Cut Western Australia AUSTRALIA,0.2485015765801196,-0.22027229145087066,0.01754290554156832,0.029052678094601193,0.16426789262756195,0.026983940548300216,0.049528633177091906,2020-04-30,Off Dawesville Cut Western Australia AUSTRALIA,Off Dawesville Cut,Western Australia,AUSTRALIA,-32.607019199999996,115.63976670000001
3439,2020-04-30|Off De Grey river Western Australia AUSTRALIA,1.995923498300371,-1.6196616268031492,0.48707889283848976,0.8175558941710556,1.3425996800064826,1.8025739007535095,0.37237015297576287,2020-04-30,Off De Grey river Western Australia AUSTRALIA,Off De Grey river,Western Australia,AUSTRALIA,-21.0940079,119.7494
3440,2020-04-30|Off Domain Sydney Harbor New South Wales AUSTRALIA,0.564205167382753,-0.4230915020147429,0.045190181493181096,0.036435549585623575,0.30730837408970524,0.09443843678565823,0.08871228625245878,2020-04-30,Off Domain Sydney Harbor New South Wales AUSTRALIA,Off Domain,New South Wales,AUSTRALIA,-33.871516299999996,151.214894
3441,2020-04-30|Off Eva Island 20 miles from Cardwell Queensland AUSTRALIA,0.7365663788114948,-0.4177332624719151,0.057584116575995194,0.029345033482799023,0.39587290625507177,0.15671535790683686,0.13195763541835726,2020-04-30,Off Eva Island 20 miles from Cardwell Queensland AUSTRALIA,Off Eva Island 20 miles from Cardwell,Queensland,AUSTRALIA,-18.2654956,146.02580690000002
3442,2020-04-30|Off Franklin Island between Streaky Bay & Ceduna South Australia AUSTRALIA,0.4205473023649908,-0.3993718651439241,0.04685528342011124,0.010268699776993573,0.2664115733769989,0.07097512642920807,0.08424673669003925,2020-04-30,Off Franklin Island between Streaky Bay & Ceduna South Australia AUSTRALIA,Off Franklin Island between Streaky Bay & Ceduna,South Australia,AUSTRALIA,-32.797222,134.21111100000002
3443,2020-04-30|Off Garden Island Western Australia AUSTRALIA,0.24202327166006948,-0.21881114267823398,0.013134644887075176,0.020832417397624294,0.16352245945737837,0.026739594746989954,0.04930387661965699,2020-04-30,Off Garden Island Western Australia AUSTRALIA,Off Garden Island,Western Australia,AUSTRALIA,-32.204325399999995,115.67762739999999
3444,2020-04-30|Off Hinchinbrook Island Queensland AUSTRALIA,0.7445108981602119,-0.4218473334393512,0.0577139072386119,0.033335024897935155,0.39889529831167464,0.15911745901515992,0.13296509943722487,2020-04-30,Off Hinchinbrook Island Queensland AUSTRALIA,Off Hinchinbrook Island,Queensland,AUSTRALIA,-18.3362903,146.2258805
3445,2020-04-30|Off Kisma New South Wales AUSTRALIA,0.5566841313762991,-0.43067026480439374,0.04238592517034717,0.033433880156933604,0.30620626361191006,0.09376227587516656,0.08839413436194289,2020-04-30,Off Kisma New South Wales AUSTRALIA,Off Kisma,New South Wales,AUSTRALIA,-34.6738221,150.8443706
3446,2020-04-30|Off Legendre Island Western Australia AUSTRALIA,1.1731255924804982,-1.0014043605816416,0.1344458904491156,0.10126751719821261,0.7308075505020095,0.5340796758707472,0.2203467671794428,2020-04-30,Off Legendre Island Western Australia AUSTRALIA,Off Legendre Island,Western Australia,AUSTRALIA,-20.3853568,116.87631040000001
3447,2020-04-30|Off Lodestone Reef Great Barrier Reef north of Townsville Queensland AUSTRALIA,0.6968374828300216,-0.3981981807154773,0.07724644790134723,-0.050587362433141,0.40132457991811726,0.16106141844645327,0.11585242712406925,2020-04-30,Off Lodestone Reef Great Barrier Reef north of Townsville Queensland AUSTRALIA,Off Lodestone Reef,Queensland,AUSTRALIA,-18.689469600000002,147.1049521
3448,2020-04-30|Off Melbourne Victoria AUSTRALIA,0.485586797712524,-0.5537002399306968,0.02880016065202606,0.06635698137881808,0.34247502053544,0.11728913969075004,0.09886402264842944,2020-04-30,Off Melbourne Victoria AUSTRALIA,Off Melbourne,Victoria,AUSTRALIA,-37.813627600000004,144.96305759999998
3449,2020-04-30|Off Mooloolabah New South Wales AUSTRALIA,0.6231370597158448,-0.35563253949351803,0.02531165272880478,-0.029956035258903748,0.3380397505968694,0.11427087298359369,0.10192281972319397,2020-04-30,Off Mooloolabah New South Wales AUSTRALIA,Off Mooloolabah,New South Wales,AUSTRALIA,-26.682,153.118
3450,2020-04-30|Off North Bondi New South Wales AUSTRALIA,0.5642058247174442,-0.423092213341209,0.04518981703834918,0.03643502644883782,0.307308702833037,0.09443863883692384,0.08871238115248432,2020-04-30,Off North Bondi New South Wales AUSTRALIA,Off North Bondi,New South Wales,AUSTRALIA,-33.8879,151.2808
3451,2020-04-30|Off North Keppel Island off Yeppoon Queensland AUSTRALIA,1.238295738983119,-0.9101074798082447,0.1395391993454443,0.26230506945507753,0.7483700806897728,0.5600577776716171,0.20756051530385378,2020-04-30,Off North Keppel Island off Yeppoon Queensland AUSTRALIA,Off North Keppel Island,Queensland,AUSTRALIA,-23.0737512,150.8987392
3452,2020-04-30|Off Perforated Island near Coffin Bay South Australia AUSTRALIA,0.33559166629725495,-0.33935336267810784,0.017526818623642096,-0.024994140003630608,0.22939711329371104,0.0526230355874877,0.06622124255572358,2020-04-30,Off Perforated Island near Coffin Bay South Australia AUSTRALIA,Off Perforated Island near Coffin Bay,South Australia,AUSTRALIA,-34.726845000000004,135.15822240000003
3453,2020-04-30|Off Poison Creek Cape Arid Western Australia AUSTRALIA,0.2814368145262823,-0.2630702705851051,0.02295995045973707,0.037308861264879145,0.20554979651863028,0.042250718848850316,0.06500055295830207,2020-04-30,Off Poison Creek Cape Arid Western Australia AUSTRALIA,Off Poison Creek,Western Australia,AUSTRALIA,-33.9036415,123.35127050000001
3454,2020-04-30|Off Port Broughton South Australia AUSTRALIA,0.7388733599696786,-0.5435968015523301,0.004897117529615953,-0.17471390916684856,0.42122436137906377,0.1774299626192001,0.11257694594593644,2020-04-30,Off Port Broughton South Australia AUSTRALIA,Off Port Broughton,South Australia,AUSTRALIA,-33.583333,137.93555600000002
3455,2020-04-30|Off Rottnest Island Western Australia AUSTRALIA,0.2404679379962392,-0.23250917152868922,0.012843675691781187,0.02170077933342407,0.17665810584231798,0.031208086359795616,0.048996142987755543,2020-04-30,Off Rottnest Island Western Australia AUSTRALIA,Off Rottnest Island,Western Australia,AUSTRALIA,-32.0063677,115.5073002
3456,2020-04-30|Off Scotts New South Wales AUSTRALIA,0.602832907793008,-0.38739346049912415,0.04834985130991256,0.03484007868390726,0.31643310123790763,0.10012990755903992,0.09134636809010704,2020-04-30,Off Scotts New South Wales AUSTRALIA,Off Scotts,New South Wales,AUSTRALIA,-30.7492859,152.9941554
3457,2020-04-30|Off Stradbroke Island Queensland AUSTRALIA,0.624686039433808,-0.3526417884154331,0.031769553419709655,0.007607960896931668,0.3361968273030939,0.11302830668866637,0.10136715744293404,2020-04-30,Off Stradbroke Island Queensland AUSTRALIA,Off Stradbroke Island,Queensland,AUSTRALIA,-27.5323174,153.46260769999998
3458,2020-04-30|Off Tasman Island Tasmania AUSTRALIA,0.3726435110046032,-0.4421096665059029,-0.0002533733438100071,0.04784356438450465,0.24110653803631196,0.05813236268385555,0.06960146231932172,2020-04-30,Off Tasman Island Tasmania AUSTRALIA,Off Tasman Island,Tasmania,AUSTRALIA,-43.238162700000004,148.00239390000002
3459,2020-04-30|Off Tower Hill Victoria AUSTRALIA,0.31533559489183954,-0.4178436335161076,0.0012929198419621285,0.07638525550344395,0.24290870373979528,0.05900463835254764,0.07323972987422732,2020-04-30,Off Tower Hill Victoria AUSTRALIA,Off Tower Hill,Victoria,AUSTRALIA,-38.3332266,142.3537074
3460,2020-04-30|Off Wedge Island Western Australia AUSTRALIA,0.24113254262856257,-0.2313932494109039,0.013647726787130209,0.020459576530737867,0.1744448477206975,0.030431004896297336,0.048382295630575556,2020-04-30,Off Wedge Island Western Australia AUSTRALIA,Off Wedge Island,Western Australia,AUSTRALIA,-30.8277891,115.1879896
3461,2020-04-30|Off Wynnum in Moreton Bay near Brisbane Queensland AUSTRALIA,0.8287987893284863,-0.5716309194522562,0.06710342747765416,0.007764430826776591,0.502931470746719,0.2529400642674578,0.1451838100097763,2020-04-30,Off Wynnum in Moreton Bay near Brisbane Queensland AUSTRALIA,Off Wynnum in Moreton Bay,Queensland,AUSTRALIA,-27.443694,153.173618
3462,2020-04-30|On board the Japanese longline trawler Fukuya No38 100 nm northeast of Brisbane Queensland AUSTRALIA,0.8287879064481923,-0.5716293663953881,0.06710026608644772,0.007761922035029274,0.5029285748256961,0.25293715137620576,0.14518297402938524,2020-04-30,On board the Japanese longline trawler Fukuya No38 100 nm northeast of Brisbane Queensland AUSTRALIA,On board the Japanese longline trawler Fukuya No.38,Queensland,AUSTRALIA,-27.469770699999998,153.0251235
3463,2020-04-30|Onslow Western Australia AUSTRALIA,0.7002926801045074,-0.6050578835255126,0.06551408362925176,0.10600964250466413,0.40737586585457725,0.1659550960807665,0.12282844506234425,2020-04-30,Onslow Western Australia AUSTRALIA,Onslow,Western Australia,AUSTRALIA,-21.662723,115.1069826
3464,2020-04-30|Opal Reef Queensland AUSTRALIA,0.6012700228344818,-0.3098711999672217,0.0953333516427777,0.012931395240105371,0.36114431129046853,0.13042521357746684,0.11420385876907437,2020-04-30,Opal Reef Queensland AUSTRALIA,Opal Reef,Queensland,AUSTRALIA,-16.2104561,145.881327
3465,2020-04-30|Orpheus Island Queensland AUSTRALIA,0.7199361542931978,-0.4358477843753416,0.07122569526680252,-0.023360013290175265,0.41494089298921805,0.1721759446746897,0.11978311813255438,2020-04-30,Orpheus Island Queensland AUSTRALIA,Orpheus Island,Queensland,AUSTRALIA,-18.6160685,146.49719950000002
3466,2020-04-30|Otford New South Wales AUSTRALIA,0.5604431742801098,-0.4264463446130171,0.04316769089112585,0.033887433772198924,0.3066433559397458,0.09403014774198963,0.08852031204851124,2020-04-30,Otford New South Wales AUSTRALIA,Otford,New South Wales,AUSTRALIA,-34.216667,151.0
3467,2020-04-30|Outer Barrier Reef near Port Douglas Queensland AUSTRALIA,0.6249954806620028,-0.3369659458762686,0.09224024356437019,0.016555748397396194,0.3739479993769995,0.13983710623806045,0.11825274044945445,2020-04-30,Outer Barrier Reef near Port Douglas Queensland AUSTRALIA,Outer Barrier Reef near Port Douglas,Queensland,AUSTRALIA,-16.4844197,145.46060580000002
3468,2020-04-30|Outer Harbor South Australia AUSTRALIA,0.8223995117569115,-0.6649117827433259,0.006927235716786175,-0.03341354043398973,0.48733972174384915,0.23750000438937233,0.13516371963983084,2020-04-30,Outer Harbor South Australia AUSTRALIA,Outer Harbor,South Australia,AUSTRALIA,-34.781,138.501
3469,2020-04-30|Palm Beach New South Wales AUSTRALIA,0.5680107544038523,-0.42304753499231273,0.04654407596804514,0.038169907934712075,0.3087075676459695,0.09530036232189086,0.08911619864063756,2020-04-30,Palm Beach New South Wales AUSTRALIA,Palm Beach,New South Wales,AUSTRALIA,-33.601110999999996,151.321667
3470,2020-04-30|Palm Beach North 5 miles north of Burleigh Heads Brisbane Queensland AUSTRALIA,0.412887978660157,-0.3600342753736384,0.03617123742568896,0.05788185366599643,0.25790134265287146,0.06651310254215383,0.07444970480250063,2020-04-30,Palm Beach North 5 miles north of Burleigh Heads Brisbane Queensland AUSTRALIA,Palm Beach North,Queensland,AUSTRALIA,26.7056206,-80.0364297
3471,2020-04-30|Palm Beach Queensland AUSTRALIA,0.6225892681803549,-0.364217266196663,0.037433971784363536,0.019137604652127434,0.33656730516545796,0.11327755090633851,0.10147886072135172,2020-04-30,Palm Beach Queensland AUSTRALIA,Palm Beach,Queensland,AUSTRALIA,-28.122260600000004,153.4694515
3472,2020-04-30|Palm Cove Beach Queensland AUSTRALIA,0.6237200101023364,-0.3284197522161276,0.09526889831999943,0.01799932802946634,0.37334389009192215,0.13938566026896926,0.11806170431980441,2020-04-30,Palm Cove Beach Queensland AUSTRALIA,Palm Cove Beach,Queensland,AUSTRALIA,-16.744428,145.67113590000002
3473,2020-04-30|Palm Cove Queensland AUSTRALIA,0.6237098817481568,-0.3284057497532814,0.09526779981873842,0.017996447817232107,0.37333777073805485,0.1393810910596604,0.11805976921020149,2020-04-30,Palm Cove Queensland AUSTRALIA,Palm Cove,Queensland,AUSTRALIA,-16.74405,145.67095
3474,2020-04-30|Palm Island Queensland AUSTRALIA,0.7229283754094583,-0.4381693255222618,0.07362721157587832,-0.020949783143407015,0.4161521364209051,0.17318260064768362,0.12013277399322372,2020-04-30,Palm Island Queensland AUSTRALIA,Palm Island,Queensland,AUSTRALIA,-18.6894285,146.5392256
3475,2020-04-30|Pancake Creek Queensland AUSTRALIA,1.4683413221652493,-1.1927219101058009,0.2000426774230253,0.2321242718485695,1.0367283126686335,1.074805594288752,0.29927768519787107,2020-04-30,Pancake Creek Queensland AUSTRALIA,Pancake Creek,Queensland,AUSTRALIA,-20.9175738,142.7027956
3476,2020-04-30|Paradise Beach Victoria AUSTRALIA,0.3012399185099319,-0.48737667435835696,0.014524540075375871,0.11353355858193367,0.26717433085074277,0.07138212306554216,0.07410082687462566,2020-04-30,Paradise Beach Victoria AUSTRALIA,Paradise Beach,Victoria,AUSTRALIA,-38.1992076,147.4033451
3477,2020-04-30|Paramatta River New South Wales AUSTRALIA,0.5655970410820322,-0.4229326358227028,0.04549055275894975,0.03676436538227992,0.30775609211445293,0.09471381223355962,0.08884153131351334,2020-04-30,Paramatta River New South Wales AUSTRALIA,Paramatta River,New South Wales,AUSTRALIA,-33.834442700000004,151.0923358
3478,2020-04-30|Paramatta River near Sydney New South Wales AUSTRALIA,0.565610853687427,-0.4229297957669537,0.04549742910726683,0.036774925760145585,0.30776042686720817,0.09471648034548617,0.08884278264884839,2020-04-30,Paramatta River near Sydney New South Wales AUSTRALIA,Paramatta River (near Sydney),New South Wales,AUSTRALIA,-33.834442700000004,151.0923358
3479,2020-04-30|Park Beach Coffs Harbour New South Wales AUSTRALIA,0.6030735981431289,-0.3854535750143176,0.04718828791302828,0.03300254783406614,0.3164171245955396,0.10011979673730922,0.09134175603072107,2020-04-30,Park Beach Coffs Harbour New South Wales AUSTRALIA,Park Beach,New South Wales,AUSTRALIA,-30.289625899999997,153.11855480000003
3480,2020-04-30|Parkers Point Rottnest Island Western Australia AUSTRALIA,0.2404679379962392,-0.23250917152868922,0.012843675691781187,0.02170077933342407,0.17665810584231798,0.031208086359795616,0.048996142987755543,2020-04-30,Parkers Point Rottnest Island Western Australia AUSTRALIA,Parker's Point,Western Australia,AUSTRALIA,-32.014821000000005,115.53120159999999
3481,2020-04-30|Parramata River New South Wales AUSTRALIA,0.5655976983582274,-0.4229333456939965,0.04549018614840781,0.03676383920820993,0.30775642209035625,0.09471401533785752,0.08884162656935164,2020-04-30,Parramata River New South Wales AUSTRALIA,Parramata River,New South Wales,AUSTRALIA,-33.834442700000004,151.0923358
3482,2020-04-30|Parramatta River New South Wales AUSTRALIA,0.5655976983582274,-0.4229333456939965,0.04549018614840781,0.03676383920820993,0.30775642209035625,0.09471401533785752,0.08884162656935164,2020-04-30,Parramatta River New South Wales AUSTRALIA,Parramatta River,New South Wales,AUSTRALIA,-33.834442700000004,151.0923358
3483,2020-04-30|Parsons Beach Fleurieu Peninsula South Australia AUSTRALIA,0.3076223057803781,-0.32612527455884693,0.04698614880572561,-0.0016128719869273468,0.23422924270201964,0.05486333813676163,0.07062277390651726,2020-04-30,Parsons Beach Fleurieu Peninsula South Australia AUSTRALIA,Parsons Beach,South Australia,AUSTRALIA,-35.630574200000005,138.4671696
3484,2020-04-30|Peacock Point Balmain Sydney New South Wales AUSTRALIA,0.564205167382753,-0.4230915020147429,0.045190181493181096,0.036435549585623575,0.30730837408970524,0.09443843678565823,0.08871228625245878,2020-04-30,Peacock Point Balmain Sydney New South Wales AUSTRALIA,Peacock Point,New South Wales,AUSTRALIA,-33.859680299999994,151.1964189
3485,2020-04-30|Peel Island Queensland AUSTRALIA,0.8694084702418979,-0.5236800583324621,0.11840806575710237,0.006311354818516653,0.5109494884183221,0.2610693797149451,0.15405706726432877,2020-04-30,Peel Island Queensland AUSTRALIA,Peel Island,Queensland,AUSTRALIA,-27.500573499999998,153.34761269999998
3486,2020-04-30|Pelican Banks near Gladstone Queensland AUSTRALIA,0.9446813026987294,-0.6322437606336592,-0.004096019698499992,-0.024353817568926687,0.5193711172718748,0.26974635745623554,0.15659628390349833,2020-04-30,Pelican Banks near Gladstone Queensland AUSTRALIA,Pelican Banks near Gladstone,Queensland,AUSTRALIA,-23.783333300000002,151.3
3487,2020-04-30|Pelican Island Macleay River New South Wales AUSTRALIA,0.6021054226805208,-0.38802533678126744,0.048560443371443274,0.03535541097832066,0.316136036497329,0.09994199357224055,0.09126061288613714,2020-04-30,Pelican Island Macleay River New South Wales AUSTRALIA,Pelican Island,New South Wales,AUSTRALIA,-30.9314059,153.0331545
3488,2020-04-30|Pelican Waters Caloundra Queensland AUSTRALIA,0.6280037459932171,-0.35797097755866625,0.02433459886046889,-0.03353601010960922,0.340591860627209,0.11600281552550414,0.10269230984995205,2020-04-30,Pelican Waters Caloundra Queensland AUSTRALIA,Pelican Waters,Queensland,AUSTRALIA,-26.799,153.13299999999998
3489,2020-04-30|Pennington Bay Kangaroo Island South Australia AUSTRALIA,0.35581990810021047,-0.3322010833661381,0.023452873730543205,-0.003992816050676244,0.22502722074616413,0.05063725007674288,0.07115985530953732,2020-04-30,Pennington Bay Kangaroo Island South Australia AUSTRALIA,Pennington Bay,South Australia,AUSTRALIA,-35.8479736,137.75086090000002
3490,2020-04-30|Peregian Queensland AUSTRALIA,0.6221012237353997,-0.35458931226999574,0.025895881465000693,-0.02782683166362677,0.3373534845462172,0.11380737353547483,0.10171590272352375,2020-04-30,Peregian Queensland AUSTRALIA,Peregian,Queensland,AUSTRALIA,-26.480556,153.09555600000002
3491,2020-04-30|Perth Western Australia AUSTRALIA,0.24318779155865827,-0.21885705646494824,0.031392496589076925,0.04690119469854084,0.16947870380944152,0.028723031044928408,0.048924287633144964,2020-04-30,Perth Western Australia AUSTRALIA,Perth,Western Australia,AUSTRALIA,-31.950526899999996,115.8604572
3492,2020-04-30|Perth? Margaret River District Western Australia AUSTRALIA,0.26205128955505785,-0.2703299209748996,0.03024468533912218,0.06204805043308348,0.19737816753061238,0.03895814101774249,0.05697816907797706,2020-04-30,Perth? Margaret River District Western Australia AUSTRALIA,Perth? (Margaret River District),Western Australia,AUSTRALIA,-33.9610465,115.0767388
3493,2020-04-30|Petersons Beach Sarina Queensland AUSTRALIA,1.5347086732971327,-1.175842576061424,0.11796913026392937,0.10455292851140467,0.8560361992215861,0.7327979743777391,0.25810462543453877,2020-04-30,Petersons Beach Sarina Queensland AUSTRALIA,Peterson's Beach,Queensland,AUSTRALIA,-21.4137717,149.2243901
3494,2020-04-30|Petrie Bight Brisbane River Queensland AUSTRALIA,0.8287879064481923,-0.5716293663953881,0.06710026608644772,0.007761922035029274,0.5029285748256961,0.25293715137620576,0.14518297402938524,2020-04-30,Petrie Bight Brisbane River Queensland AUSTRALIA,Petrie Bight,Queensland,AUSTRALIA,-27.466237800000002,153.0336145
3495,2020-04-30|Phillip Island Victoria AUSTRALIA,0.8147183135496284,-0.8609510862730245,0.11774228279124173,0.19596934009758166,0.5219251917761366,0.272405905810557,0.15066682498439976,2020-04-30,Phillip Island Victoria AUSTRALIA,Phillip Island,Victoria,AUSTRALIA,-38.4898703,145.20382780000003
3496,2020-04-30|Pialba Beach near Maryborough Queensland AUSTRALIA,0.9387125675097346,-0.5957879231850758,0.030569516084443863,0.008304486929801598,0.5204919341599213,0.2709118535255359,0.1569342229104387,2020-04-30,Pialba Beach near Maryborough Queensland AUSTRALIA,Pialba Beach near Maryborough,Queensland,AUSTRALIA,-25.2782552,152.8379759
3497,2020-04-30|Pialba Hervey Bay Queensland AUSTRALIA,0.9387125675097346,-0.5957879231850758,0.030569516084443863,0.008304486929801598,0.5204919341599213,0.2709118535255359,0.1569342229104387,2020-04-30,Pialba Hervey Bay Queensland AUSTRALIA,Pialba,Queensland,AUSTRALIA,-25.281299800000003,152.8294091
3498,2020-04-30|Piccaninny Point 10 miles from Bicheno Tasmania AUSTRALIA,0.43425123668850957,-0.45326488436980655,0.04947729750888282,0.09580427618119387,0.2741328347525574,0.07514881108947294,0.0791353329690521,2020-04-30,Piccaninny Point 10 miles from Bicheno Tasmania AUSTRALIA,Piccaninny Point,Tasmania,AUSTRALIA,-41.8522419,148.25966830000002
3499,2020-04-30|Pimpana River Queensland AUSTRALIA,0.6260967683537436,-0.36039735372916787,0.03366738985316819,0.013387032119577489,0.3377869566393155,0.11410002807565081,0.10184659947715076,2020-04-30,Pimpana River Queensland AUSTRALIA,Pimpana River,Queensland,AUSTRALIA,-27.8203377,153.38490019999998
3500,2020-04-30|Pincushion north of Maroochydore Beach Queensland AUSTRALIA,0.6225875180833763,-0.3551129242948033,0.02583196250763543,-0.028699631060708084,0.3376376409073004,0.11399917655744715,0.10180157909002428,2020-04-30,Pincushion north of Maroochydore Beach Queensland AUSTRALIA,Pincushion,Queensland,AUSTRALIA,-26.6476538,153.1031686
3501,2020-04-30|Pioneer River near Mackay Queensland AUSTRALIA,1.4190392914353636,-1.0500329551779812,0.246936988106388,0.263979416468711,0.8190304709869837,0.6708109124051602,0.2364337314494205,2020-04-30,Pioneer River near Mackay Queensland AUSTRALIA,Pioneer River near Mackay,Queensland,AUSTRALIA,-21.1455879,148.9558418
3502,2020-04-30|Point Casuarina Bunbury Western Australia AUSTRALIA,0.27601495218325917,-0.24840220006826857,0.0013069495262937557,-0.0018737107736457315,0.1866611576288145,0.03484238776732913,0.053884434802121614,2020-04-30,Point Casuarina Bunbury Western Australia AUSTRALIA,Point Casuarina,Western Australia,AUSTRALIA,-33.3153009,115.63711090000001
3503,2020-04-30|Point Cook Port Phillip Bay Victoria AUSTRALIA,0.4829211281021098,-0.5496789938725575,0.02985047359926252,0.06775237946471967,0.34032709525113947,0.11582253176207814,0.09824397002788439,2020-04-30,Point Cook Port Phillip Bay Victoria AUSTRALIA,Point Cook,Victoria,AUSTRALIA,-37.9178086,144.7477259
3504,2020-04-30|Point Henry Victoria AUSTRALIA,0.4864178620027637,-0.5499851325827103,0.024347866527474744,0.05057114175999697,0.350307888701373,0.12271561688641355,0.1011251769204936,2020-04-30,Point Henry Victoria AUSTRALIA,Point Henry,Victoria,AUSTRALIA,-38.1468463,144.4301958
3505,2020-04-30|Point Lonsdale Victoria AUSTRALIA,1.047411827520737,-0.9800252267238758,0.225790497491244,0.3112403125705624,0.6196844120363502,0.38400877052083704,0.17888748105090088,2020-04-30,Point Lonsdale Victoria AUSTRALIA,Point Lonsdale,Victoria,AUSTRALIA,-38.283333,144.6
3506,2020-04-30|Point Lookout Stradbroke Island Queensland AUSTRALIA,0.6200845126361978,-0.3441850473691985,0.031031836316153093,0.0016436195943223919,0.3331990427989807,0.11102160212215699,0.10046329140634448,2020-04-30,Point Lookout Stradbroke Island Queensland AUSTRALIA,Point Lookout,Queensland,AUSTRALIA,-27.434650800000004,153.5304523
3507,2020-04-30|Point Lowly north of Whyalla South Australia AUSTRALIA,0.9057126452586496,-0.7576059078198385,-0.00812190523567695,-0.14961557065189024,0.5313884971169661,0.28237373486822787,0.14738065181130536,2020-04-30,Point Lowly north of Whyalla South Australia AUSTRALIA,Point Lowly,South Australia,AUSTRALIA,-32.999444,137.785278
3508,2020-04-30|Point Plomer New South Wales AUSTRALIA,0.6015568950458703,-0.39375211190763315,0.04875619846148584,0.03615790326091089,0.3164775978963068,0.10015806997021647,0.09135921316895944,2020-04-30,Point Plomer New South Wales AUSTRALIA,Point Plomer,New South Wales,AUSTRALIA,-31.315232,152.97704109999998
3509,2020-04-30|Point Sinclair Cactus Beach near Penong South Australia AUSTRALIA,0.3911693507061477,-0.40484780194122216,0.02012673198403965,-0.014104011842094573,0.2667401504601407,0.07115030786749851,0.080425181418112,2020-04-30,Point Sinclair Cactus Beach near Penong South Australia AUSTRALIA,Point Sinclair,South Australia,AUSTRALIA,-32.0102589,132.98821940000002
3510,2020-04-30|Point Sinclair Penong South Australia AUSTRALIA,0.39188996488581784,-0.4072535386802767,0.01957330539034645,-0.013887721469996159,0.26762002767481713,0.0716204792126699,0.08069047438017242,2020-04-30,Point Sinclair Penong South Australia AUSTRALIA,(Point Sinclair) Penong,South Australia,AUSTRALIA,-32.106519899999995,132.97958
3511,2020-04-30|Point Vernon Hervey Bay Queensland AUSTRALIA,0.9387125675097346,-0.5957879231850758,0.030569516084443863,0.008304486929801598,0.5204919341599213,0.2709118535255359,0.1569342229104387,2020-04-30,Point Vernon Hervey Bay Queensland AUSTRALIA,Point Vernon,Queensland,AUSTRALIA,-25.257124100000002,152.8176466
3512,2020-04-30|Porpoise Pool Tweed Heads New South Wales AUSTRALIA,0.620223493279951,-0.3630869676721667,0.03796960359785306,0.019430750582180606,0.3352526039847078,0.1123943084785273,0.10108246340062577,2020-04-30,Porpoise Pool Tweed Heads New South Wales AUSTRALIA,Porpoise Pool,New South Wales,AUSTRALIA,-28.170037,153.543026
3513,2020-04-30|Port Augusta South Australia AUSTRALIA,0.9517244766466165,-0.8541813561501372,-0.03414086743363697,-0.09189477881863614,0.5493581822154359,0.301794412367048,0.15236454573641872,2020-04-30,Port Augusta South Australia AUSTRALIA,Port Augusta,South Australia,AUSTRALIA,-32.495233899999995,137.78943940000002
3514,2020-04-30|Port Campbell Victoria AUSTRALIA,0.3689400415101624,-0.4826407623139043,0.007215724064804696,0.09488272944343278,0.28358396999708774,0.08041986803930916,0.0855037840945221,2020-04-30,Port Campbell Victoria AUSTRALIA,Port Campbell,Victoria,AUSTRALIA,-38.6191008,142.9961352
3515,2020-04-30|Port Douglas Queensland AUSTRALIA,0.6249954806620028,-0.3369659458762686,0.09224024356437019,0.016555748397396194,0.3739479993769995,0.13983710623806045,0.11825274044945445,2020-04-30,Port Douglas Queensland AUSTRALIA,Port Douglas,Queensland,AUSTRALIA,-16.483611,145.465278
3516,2020-04-30|Port Germein South Australia AUSTRALIA,0.905448499324622,-0.772126027392512,-0.020659780400535347,-0.16786873856216628,0.5327286289611147,0.28379979211478906,0.14775233750976383,2020-04-30,Port Germein South Australia AUSTRALIA,Port Germein,South Australia,AUSTRALIA,-33.0219965,138.0016436
3517,2020-04-30|Port Hedland Western Australia AUSTRALIA,1.62343486143149,-1.4583557614644906,0.1338810655667719,0.23439529516437296,1.095788877969768,1.200753265082243,0.3303927779700237,2020-04-30,Port Hedland Western Australia AUSTRALIA,Port Hedland,Western Australia,AUSTRALIA,-20.3839142,118.64837959999998
3518,2020-04-30|Port Hughes South Australia AUSTRALIA,0.4970068273101695,-0.3500274002046749,0.03263691933219992,-0.030067064960725406,0.35142253278673796,0.12349779655024591,0.09746707394738528,2020-04-30,Port Hughes South Australia AUSTRALIA,Port Hughes,South Australia,AUSTRALIA,-34.076111,137.546111
3519,2020-04-30|Port Jackson New South Wales AUSTRALIA,0.5642058247174442,-0.423092213341209,0.04518981703834918,0.03643502644883782,0.307308702833037,0.09443863883692384,0.08871238115248432,2020-04-30,Port Jackson New South Wales AUSTRALIA,Port Jackson,New South Wales,AUSTRALIA,-33.8462182,151.2488616
3520,2020-04-30|Port Jervis New South Wales AUSTRALIA,0.5524115240308922,-0.43284864644570087,0.04118535354689292,0.0321965927520888,0.30498877916483963,0.0930181554164593,0.08804267687531775,2020-04-30,Port Jervis New South Wales AUSTRALIA,Port Jervis,New South Wales,AUSTRALIA,-35.0480805,150.7446771
3521,2020-04-30|Port Kennedy Beach Western Australia AUSTRALIA,0.24618410991820305,-0.22025454346945253,0.014030501613737728,0.023777434504640597,0.16415808504699717,0.026947876886297156,0.04949552494583099,2020-04-30,Port Kennedy Beach Western Australia AUSTRALIA,Port Kennedy Beach,Western Australia,AUSTRALIA,-32.3522464,115.7422946
3522,2020-04-30|Port MacDonnel Victoria AUSTRALIA,0.3117058216051046,-0.37976514964524427,0.01573606901953287,0.04536694670809129,0.24307325305499988,0.05908460635074001,0.073289343359504,2020-04-30,Port MacDonnel Victoria AUSTRALIA,Port MacDonnel,Victoria,AUSTRALIA,-38.05249570000001,140.70019240000002
3523,2020-04-30|Port Melbourne Victoria AUSTRALIA,0.4855884014596378,-0.5536983858844153,0.028801323375540033,0.06633962324643919,0.34247413285402584,0.11728853167411693,0.09886376639687774,2020-04-30,Port Melbourne Victoria AUSTRALIA,Port Melbourne,Victoria,AUSTRALIA,-37.83322329999999,144.9124697
3524,2020-04-30|Port Newby South Australia AUSTRALIA,0.9517244766466165,-0.8541813561501372,-0.03414086743363697,-0.09189477881863614,0.5493581822154359,0.301794412367048,0.15236454573641872,2020-04-30,Port Newby South Australia AUSTRALIA,Port Newby,South Australia,AUSTRALIA,-30.0002315,136.20915469999997
3525,2020-04-30|Port Phillip Bay Port Melbourne Victoria AUSTRALIA,1.0474082469963408,-0.9800185256525958,0.22579383292692823,0.31124681315653746,0.6196809536147763,0.38400448427291844,0.17888648269058754,2020-04-30,Port Phillip Bay Port Melbourne Victoria AUSTRALIA,Port Phillip Bay,Victoria,AUSTRALIA,-38.3,144.6333333
3526,2020-04-30|Port Phillip Bay South Australia AUSTRALIA,0.4758910001604685,-0.5550269979536517,0.027310993981002216,0.07780996935682076,0.3337078954441664,0.1113609594817747,0.09633317163269649,2020-04-30,Port Phillip Bay South Australia AUSTRALIA,Port Phillip Bay,South Australia,AUSTRALIA,-38.173206,144.8731219
3527,2020-04-30|Port Phillip Bay Victoria AUSTRALIA,0.4758910001604685,-0.5550269979536517,0.027310993981002216,0.07780996935682076,0.3337078954441664,0.1113609594817747,0.09633317163269649,2020-04-30,Port Phillip Bay Victoria AUSTRALIA,Port Phillip Bay,Victoria,AUSTRALIA,-38.173206,144.8731219
3528,2020-04-30|Port Phillip South Australia AUSTRALIA,0.4855873320634724,-0.5536996217002469,0.028798978721631924,0.06634337820737239,0.34247420618720953,0.1172885819035593,0.09886378756634441,2020-04-30,Port Phillip South Australia AUSTRALIA,Port Phillip,South Australia,AUSTRALIA,-37.84649829999999,144.9666905
3529,2020-04-30|Port Phillip Victoria AUSTRALIA,0.4855873320634724,-0.5536996217002469,0.028798978721631924,0.06634337820737239,0.34247420618720953,0.1172885819035593,0.09886378756634441,2020-04-30,Port Phillip Victoria AUSTRALIA,Port Phillip,Victoria,AUSTRALIA,-37.84649829999999,144.9666905
3530,2020-04-30|Port Pirie Spencer Gulf 230 km north of Adelaide South Australia AUSTRALIA,0.8943273843749261,-0.7623658223922795,-0.020840387129977524,-0.16270285872628124,0.5273736913811058,0.27812301036093384,0.1462671450465614,2020-04-30,Port Pirie Spencer Gulf 230 km north of Adelaide South Australia AUSTRALIA,Port Pirie,South Australia,AUSTRALIA,-33.1708294,138.00885669999997
3531,2020-04-30|Port River Adelaide South Australia AUSTRALIA,0.8223995117569115,-0.6649117827433259,0.006927235716786175,-0.03341354043398973,0.48733972174384915,0.23750000438937233,0.13516371963983084,2020-04-30,Port River Adelaide South Australia AUSTRALIA,Port River,South Australia,AUSTRALIA,-34.7617799,138.51011
3532,2020-04-30|Port Wakefield South Australia AUSTRALIA,0.9103074359609926,-0.7905585142245523,0.056334710885905415,0.08972506490909121,0.5427280479775112,0.2945537340614797,0.1566720922982881,2020-04-30,Port Wakefield South Australia AUSTRALIA,Port Wakefield,South Australia,AUSTRALIA,-34.183333000000005,138.15
3533,2020-04-30|Portarlington Victoria AUSTRALIA,0.48497452756116005,-0.5507605065131178,0.028794414159027587,0.06373869609343348,0.34470845751144497,0.11882392067991968,0.09950876036808672,2020-04-30,Portarlington Victoria AUSTRALIA,Portarlington,Victoria,AUSTRALIA,-38.116667,144.65
3534,2020-04-30|Portland Victoria AUSTRALIA,0.3113397181022564,-0.3971865098744597,0.017119540869097505,0.05668547541664047,0.24995299928774356,0.06247650185293874,0.07536366489649235,2020-04-30,Portland Victoria AUSTRALIA,Portland,Victoria,AUSTRALIA,-38.360895,141.6041155
3535,2020-04-30|Portsea Beach near Melbourne Victoria AUSTRALIA,0.8711227696712477,-0.8404677899079208,0.1527975942524722,0.21382043800447575,0.5217699188252154,0.2722438481908719,0.15062200154439365,2020-04-30,Portsea Beach near Melbourne Victoria AUSTRALIA,Portsea Beach,Victoria,AUSTRALIA,-38.3339592,144.7019091
3536,2020-04-30|Portsea Beach near entrance to Port Phillip Bay Victoria AUSTRALIA,0.8711245163513092,-0.8404728861440276,0.15279468444490416,0.21381779336012674,0.5217724463859488,0.2722464858075778,0.15062273118832856,2020-04-30,Portsea Beach near entrance to Port Phillip Bay Victoria AUSTRALIA,Portsea Beach,Victoria,AUSTRALIA,-38.3339592,144.7019091
3537,2020-04-30|Princess Royal Harbor near King George’s Sound Western Australia AUSTRALIA,0.2517782774672856,-0.25239042112258164,0.03631669802449464,0.07058425155679551,0.18912354925799585,0.03576771688394158,0.05702289562809724,2020-04-30,Princess Royal Harbor near King George’s Sound Western Australia AUSTRALIA,Princess Royal Harbor,Western Australia,AUSTRALIA,-35.0458333,117.9733333
3538,2020-04-30|Pyramids Beach Mandurah Western Australia AUSTRALIA,0.24849560345183946,-0.22026360804699952,0.017543983587188224,0.029053522866937322,0.1642624308693521,0.02698214619510868,0.0495269863950303,2020-04-30,Pyramids Beach Mandurah Western Australia AUSTRALIA,Pyramids Beach,Western Australia,AUSTRALIA,-32.603604100000005,115.6304031
3539,2020-04-30|Pyramids Beach Port Bouvard Western Australia AUSTRALIA,0.2485015765801196,-0.22027229145087066,0.01754290554156832,0.029052678094601193,0.16426789262756195,0.026983940548300216,0.049528633177091906,2020-04-30,Pyramids Beach Port Bouvard Western Australia AUSTRALIA,Pyramids Beach,Western Australia,AUSTRALIA,-32.603604100000005,115.6304031
3540,2020-04-30|Pyramids Beach Western Australia AUSTRALIA,0.2485015765801196,-0.22027229145087066,0.01754290554156832,0.029052678094601193,0.16426789262756195,0.026983940548300216,0.049528633177091906,2020-04-30,Pyramids Beach Western Australia AUSTRALIA,Pyramids Beach,Western Australia,AUSTRALIA,-32.603604100000005,115.6304031
3541,2020-04-30|Queenscliff New South Wales AUSTRALIA,0.5655970410820322,-0.4229326358227028,0.04549055275894975,0.03676436538227992,0.30775609211445293,0.09471381223355962,0.08884153131351334,2020-04-30,Queenscliff New South Wales AUSTRALIA,Queenscliff,New South Wales,AUSTRALIA,-33.7825,151.284722
3542,2020-04-30|Queenscliff Sydney New South Wales AUSTRALIA,0.565610853687427,-0.4229297957669537,0.04549742910726683,0.036774925760145585,0.30776042686720817,0.09471648034548617,0.08884278264884839,2020-04-30,Queenscliff Sydney New South Wales AUSTRALIA,Queenscliff,New South Wales,AUSTRALIA,-33.7825,151.284722
3543,2020-04-30|Queenscliff Victoria AUSTRALIA,1.047411827520737,-0.9800252267238758,0.225790497491244,0.3112403125705624,0.6196844120363502,0.38400877052083704,0.17888748105090088,2020-04-30,Queenscliff Victoria AUSTRALIA,Queenscliff,Victoria,AUSTRALIA,-38.2677746,144.6286897
3544,2020-04-30|Quinn’s Rocks south of Yanchep Western Australia AUSTRALIA,0.2421503281217491,-0.234806809154876,0.011549909507663967,0.019455180181029045,0.17732134742947908,0.03144286025420603,0.04918009310702704,2020-04-30,Quinn’s Rocks south of Yanchep Western Australia AUSTRALIA,Quinn’s Rocks,Western Australia,AUSTRALIA,-31.660517499999997,115.6959328
3545,2020-04-30|Ralph Bay Tasmania AUSTRALIA,0.38527531951485466,-0.48680244453467214,0.0057557961426219105,0.09144874901637592,0.2675669423017881,0.0715920686127284,0.07723992308209122,2020-04-30,Ralph Bay Tasmania AUSTRALIA,Ralph Bay,Tasmania,AUSTRALIA,-42.97,147.43
3546,2020-04-30|Red Bluff near Quobba Station Western Australia AUSTRALIA,0.4152253530980833,-0.35718784918487506,0.031171812920015005,0.013803703159577522,0.22538931556169428,0.050800343569369,0.06506429100600486,2020-04-30,Red Bluff near Quobba Station Western Australia AUSTRALIA,Red Bluff near Quobba Station,Western Australia,AUSTRALIA,-24.05,113.4
3547,2020-04-30|Red Bluffs Western Australia AUSTRALIA,3.739652560681341,-3.119440816500529,0.8093942284630512,0.5666287476587644,2.5111826245112927,6.3060381736474245,0.8370608748370976,2020-04-30,Red Bluffs Western Australia AUSTRALIA,Red Bluffs,Western Australia,AUSTRALIA,-18.8,126.46666670000002
3548,2020-04-30|Redgate Beach Western Australia AUSTRALIA,0.26345559705555305,-0.274631874884028,0.02884137549487881,0.06109397450059319,0.1997031662944077,0.03988135462801186,0.05764933840904845,2020-04-30,Redgate Beach Western Australia AUSTRALIA,Redgate Beach,Western Australia,AUSTRALIA,-34.039174700000004,114.99853700000001
3549,2020-04-30|Redhead Beach New South Wales AUSTRALIA,0.5787814347639705,-0.41788427186211485,0.04828338620123548,0.03929211998195241,0.31176067753700903,0.09719472005833495,0.08999755554936614,2020-04-30,Redhead Beach New South Wales AUSTRALIA,Redhead Beach,New South Wales,AUSTRALIA,-33.0204805,151.70915119999998
3550,2020-04-30|Redhead Beach Newcastle New South Wales AUSTRALIA,0.5787682406549247,-0.4178875883456798,0.04827616615446762,0.03928121757895561,0.31175661335490235,0.09719218597051808,0.08999638232104948,2020-04-30,Redhead Beach Newcastle New South Wales AUSTRALIA,Redhead Beach,New South Wales,AUSTRALIA,-33.0204805,151.70915119999998
3551,2020-04-30|Rib Reef off Townsville Queensland AUSTRALIA,0.6921237404373038,-0.4008064119530881,0.07186771447268119,-0.05152946456215189,0.399393350317619,0.15951504827793234,0.11529492915921193,2020-04-30,Rib Reef off Townsville Queensland AUSTRALIA,Rib Reef off Townsville,Queensland,AUSTRALIA,-18.481090899999998,146.8713315
3552,2020-04-30|Riecks Point Campbell’s Beach New South Wales AUSTRALIA,0.6063586082243947,-0.3875409446378545,0.046504230046203375,0.03157241078224748,0.31841578815165217,0.10138861414423785,0.09191872050179162,2020-04-30,Riecks Point Campbell’s Beach New South Wales AUSTRALIA,Riecks Point,New South Wales,AUSTRALIA,-30.2379185,153.15217619999999
3553,2020-04-30|Roe Reef off Rottnest Island Western Australia AUSTRALIA,0.24064829273355945,-0.2162949729177682,0.03279450725543611,0.049223684940950946,0.16782120960184785,0.028163958392227347,0.04844581026967774,2020-04-30,Roe Reef off Rottnest Island Western Australia AUSTRALIA,Roe Reef off Rottnest Island,Western Australia,AUSTRALIA,-31.9791667,115.53333329999998
3554,2020-04-30|Rosebud Victoria AUSTRALIA,0.4748656632265532,-0.47187907570853654,0.07212259856681656,0.1361150849952685,0.29151421346016676,0.08498053664929968,0.08789484246390408,2020-04-30,Rosebud Victoria AUSTRALIA,Rosebud,Victoria,AUSTRALIA,-38.356,144.918
3555,2020-04-30|Ross Creek Queensland AUSTRALIA,0.6234542828759856,-0.3556926593409191,0.024275843087980118,-0.02921029483425301,0.33822150409010504,0.11439378582897294,0.10197762046332115,2020-04-30,Ross Creek Queensland AUSTRALIA,Ross Creek,Queensland,AUSTRALIA,-26.0970062,152.7500251
3556,2020-04-30|Ross River Townsville Queensland AUSTRALIA,0.7391450998156343,-0.45974615373415134,0.07916513767693352,-0.0150046406519161,0.42278179512256575,0.17874444628705916,0.12204659161124327,2020-04-30,Ross River Townsville Queensland AUSTRALIA,Ross River,Queensland,AUSTRALIA,-19.4006854,146.7329811
3557,2020-04-30|Rothesay Bay Queensland AUSTRALIA,0.6260967683537436,-0.36039735372916787,0.03366738985316819,0.013387032119577489,0.3377869566393155,0.11410002807565081,0.10184659947715076,2020-04-30,Rothesay Bay Queensland AUSTRALIA,Rothesay Bay,Queensland,AUSTRALIA,-27.6733333,153.37444440000002
3558,2020-04-30|Rottnest Island Western Australia AUSTRALIA,0.2404679379962392,-0.23250917152868922,0.012843675691781187,0.02170077933342407,0.17665810584231798,0.031208086359795616,0.048996142987755543,2020-04-30,Rottnest Island Western Australia AUSTRALIA,Rottnest Island,Western Australia,AUSTRALIA,-32.0063677,115.5073002
3559,2020-04-30|Rubbish Dump Creek Mackay Queensland AUSTRALIA,1.5017026327013967,-1.1084808474090957,0.14604810967957899,0.16099638453438567,0.8211765981163828,0.6743310052939951,0.2475940602338644,2020-04-30,Rubbish Dump Creek Mackay Queensland AUSTRALIA,Rubbish Dump Creek,Queensland,AUSTRALIA,-21.1424956,149.1821469
3560,2020-04-30|Rudder Reef Queensland AUSTRALIA,0.6122417341849523,-0.3187920061934404,0.09459778265724535,0.015234205344341015,0.36676851666615984,0.13451914481749516,0.11598238867064911,2020-04-30,Rudder Reef Queensland AUSTRALIA,Rudder Reef,Queensland,AUSTRALIA,-16.1906218,145.6990989
3561,2020-04-30|Russel Island Frankland Group Queensland AUSTRALIA,0.641999601447438,-0.3296667484467939,0.106690663108637,0.030590148074710152,0.38161219026765897,0.14562786376087994,0.1206763704131343,2020-04-30,Russel Island Frankland Group Queensland AUSTRALIA,Russel Island,Queensland,AUSTRALIA,-17.2291545,146.09400219999998
3562,2020-04-30|Ryde Sydney Estuary New South Wales AUSTRALIA,0.5655976983582274,-0.4229333456939965,0.04549018614840781,0.03676383920820993,0.30775642209035625,0.09471401533785752,0.08884162656935164,2020-04-30,Ryde Sydney Estuary New South Wales AUSTRALIA,Ryde,New South Wales,AUSTRALIA,-33.815746600000004,151.1030164
3563,2020-04-30|Safety Cove Tasmania AUSTRALIA,0.37562718727788863,-0.45611451072824244,0.0011753660637160827,0.06778851089927637,0.2508532045459294,0.06292733023096189,0.0724150825858363,2020-04-30,Safety Cove Tasmania AUSTRALIA,Safety Cove,Tasmania,AUSTRALIA,-43.1625907,147.8547571
3564,2020-04-30|Sailor Bay Middle Harbour Sydney New South Wales AUSTRALIA,0.5655976983582274,-0.4229333456939965,0.04549018614840781,0.03676383920820993,0.30775642209035625,0.09471401533785752,0.08884162656935164,2020-04-30,Sailor Bay Middle Harbour Sydney New South Wales AUSTRALIA,Sailor Bay,New South Wales,AUSTRALIA,-33.8035561,151.2270015
3565,2020-04-30|Saltwater Beach New South Wales AUSTRALIA,0.5974614267638082,-0.4090310703268756,0.049092820542093844,0.03819855489593228,0.3172278480413947,0.10063350757297419,0.09157579173057247,2020-04-30,Saltwater Beach New South Wales AUSTRALIA,Saltwater Beach,New South Wales,AUSTRALIA,-32.010831800000005,152.5628989
3566,2020-04-30|Sams Creek area Westerm Australia AUSTRALIA,1.3620305767371346,-1.2479021237941936,0.22409755724801608,0.3521958338209677,0.8700935530169988,0.7570627910017448,0.27514774049621865,2020-04-30,Sams Creek area Westerm Australia AUSTRALIA,Sam's Creek area,Western Australia,AUSTRALIA,-20.6223242,117.1836798
3567,2020-04-30|Samurai Beach New South Wales AUSTRALIA,0.5804235641993168,-0.4153194759621816,0.047897019409793525,0.03827494381817561,0.311872003220621,0.09726414639284302,0.09002969250606668,2020-04-30,Samurai Beach New South Wales AUSTRALIA,Samurai Beach,New South Wales,AUSTRALIA,-32.7673021,152.1244595
3568,2020-04-30|Sandbar Beach New South Wales AUSTRALIA,0.5903677008305733,-0.41292399352963877,0.04893498857280935,0.038993707693730305,0.3150445080016109,0.09925304202197706,0.09094551575072163,2020-04-30,Sandbar Beach New South Wales AUSTRALIA,Sandbar Beach,New South Wales,AUSTRALIA,-32.387195,152.5226878
3569,2020-04-30|Sandgate Jetty Brisbane Queensland AUSTRALIA,0.785189846874602,-0.4999017610540309,0.025435672154602063,0.03508394388010367,0.42346274607144546,0.1793206973103695,0.1276788219465936,2020-04-30,Sandgate Jetty Brisbane Queensland AUSTRALIA,Sandgate Jetty,Queensland,AUSTRALIA,-27.322671000000003,153.0844173
3570,2020-04-30|Sandon New South Wales AUSTRALIA,0.6114454540278969,-0.3852983502730829,0.04738850946359663,0.03251932756057257,0.3200863372652218,0.10245526330386533,0.09240096649199858,2020-04-30,Sandon New South Wales AUSTRALIA,Sandon,New South Wales,AUSTRALIA,-29.689362699999997,153.3130678
3571,2020-04-30|Sandringham Victoria AUSTRALIA,0.4879154211825664,-0.5591315726350404,0.02782971489283209,0.06757598801164567,0.34398192935929317,0.11832356772574175,0.09929902975597737,2020-04-30,Sandringham Victoria AUSTRALIA,Sandringham,Victoria,AUSTRALIA,-37.9525,145.012311
3572,2020-04-30|Scarborough Beach Perth Western Australia AUSTRALIA,0.2428490594212597,-0.218378637152674,0.03160687802727802,0.04705323599694241,0.1690994396721967,0.028594620497450894,0.04881480350727883,2020-04-30,Scarborough Beach Perth Western Australia AUSTRALIA,Scarborough Beach,Western Australia,AUSTRALIA,-31.893518100000005,115.7548947
3573,2020-04-30|Scarborough Western Australia AUSTRALIA,0.2428490594212597,-0.218378637152674,0.03160687802727802,0.04705323599694241,0.1690994396721967,0.028594620497450894,0.04881480350727883,2020-04-30,Scarborough Western Australia AUSTRALIA,Scarborough,Western Australia,AUSTRALIA,-31.8980316,115.7715973
3574,2020-04-30|Schnapper Rock Kirton Point South Australia AUSTRALIA,0.4707036038249149,-0.31814522475178353,0.036025222335506424,-0.071377739251308,0.2705855896480053,0.07321656132515869,0.08556667653073753,2020-04-30,Schnapper Rock Kirton Point South Australia AUSTRALIA,Schnapper Rock,South Australia,AUSTRALIA,-34.7207199,135.87936000000002
3575,2020-04-30|Scotts Head New South Wales AUSTRALIA,0.6028178805260282,-0.38739488735980443,0.04834595878257916,0.034838115464059335,0.31642910390626455,0.10012737779892156,0.09134521415985696,2020-04-30,Scotts Head New South Wales AUSTRALIA,Scotts Head,New South Wales,AUSTRALIA,-30.7492859,152.9941554
3576,2020-04-30|Scotts Point Beach Queensland AUSTRALIA,0.7851955490565996,-0.49990287548871204,0.025438351219433674,0.03508975366305375,0.42346460887351994,0.17932227496840322,0.12767938360255177,2020-04-30,Scotts Point Beach Queensland AUSTRALIA,Scotts Point Beach,Queensland,AUSTRALIA,-27.2521951,153.10984
3577,2020-04-30|Scott’s Point Redcliffe Peninsula Queensland AUSTRALIA,0.785189846874602,-0.4999017610540309,0.025435672154602063,0.03508394388010367,0.42346274607144546,0.1793206973103695,0.1276788219465936,2020-04-30,Scott’s Point Redcliffe Peninsula Queensland AUSTRALIA,Scott’s Point,Queensland,AUSTRALIA,-27.2521951,153.10984
3578,2020-04-30|SeaWorld Theme Park Queensland AUSTRALIA,0.6239488068846637,-0.3616927871978817,0.035709163409242135,0.015666814709110546,0.33691054781528923,0.11350871722919828,0.10158235227421877,2020-04-30,SeaWorld Theme Park Queensland AUSTRALIA,SeaWorld Theme Park,Queensland,AUSTRALIA,-27.9572417,153.42551609999998
3579,2020-04-30|Seaforth River near MacKay Queensland AUSTRALIA,1.50170336161225,-1.1084820314096877,0.14604237792331745,0.16099458983068665,0.8211777588549192,0.6743329116379878,0.24759441020970122,2020-04-30,Seaforth River near MacKay Queensland AUSTRALIA,Seaforth River,Queensland,AUSTRALIA,-21.1389425,149.182769
3580,2020-04-30|Seaholme Victoria AUSTRALIA,0.4829211281021098,-0.5496789938725575,0.02985047359926252,0.06775237946471967,0.34032709525113947,0.11582253176207814,0.09824397002788439,2020-04-30,Seaholme Victoria AUSTRALIA,Seaholme,Victoria,AUSTRALIA,-37.868,144.841
3581,2020-04-30|Seal Rocks New South Wales AUSTRALIA,0.5875795601721407,-0.41338156044268476,0.04876469898830227,0.039053472835827975,0.31406274437025045,0.09863540740137329,0.09066210500229836,2020-04-30,Seal Rocks New South Wales AUSTRALIA,Seal Rocks,New South Wales,AUSTRALIA,-32.4353409,152.525707
3582,2020-04-30|Seal Rocks Phillip Island Victoria AUSTRALIA,1.0831870214153023,-1.1010911833169374,0.19154513458446973,0.29994050322747273,0.6772929672886361,0.4587257635386455,0.19551763849216725,2020-04-30,Seal Rocks Phillip Island Victoria AUSTRALIA,Seal Rocks,Victoria,AUSTRALIA,-38.5258967,145.09982109999999
3583,2020-04-30|Seal Rocks north of Newcastle New South Wales AUSTRALIA,0.5875657746329543,-0.4133847504733677,0.04875742744837189,0.039042826924024776,0.31405855333337157,0.0986327749218502,0.09066089515416326,2020-04-30,Seal Rocks north of Newcastle New South Wales AUSTRALIA,Seal Rocks,New South Wales,AUSTRALIA,-32.4353409,152.525707
3584,2020-04-30|Seaspray near Sale New South Wales AUSTRALIA,0.32488774102294843,-0.5255145635877526,0.06654078212940007,0.1888828167626512,0.2912230683990431,0.08481087556775375,0.08780705892505751,2020-04-30,Seaspray near Sale New South Wales AUSTRALIA,Seaspray,New South Wales,AUSTRALIA,-38.293634499999996,147.14676930000002
3585,2020-04-30|Second Valley South Australia AUSTRALIA,0.6518814443971072,-0.3827763404127185,0.04546759406520414,-0.018449127659253328,0.3473485227958874,0.12065099628848511,0.10027088156941223,2020-04-30,Second Valley South Australia AUSTRALIA,Second Valley,South Australia,AUSTRALIA,-35.5367772,138.2322002
3586,2020-04-30|Semaphore South Australia AUSTRALIA,0.8149626055690382,-0.6531467928879114,0.006828708816207793,-0.03688170084522259,0.4809612162723027,0.23132369155813273,0.13339464052148559,2020-04-30,Semaphore South Australia AUSTRALIA,Semaphore,South Australia,AUSTRALIA,-34.838889,138.48388899999998
3587,2020-04-30|Seven Mile Beach Byron Bay New South Wales AUSTRALIA,0.6184073512217987,-0.3667366424808578,0.038184201454977,0.017057569856474334,0.3348096104705618,0.11209747526344933,0.10094889583053637,2020-04-30,Seven Mile Beach Byron Bay New South Wales AUSTRALIA,Seven Mile Beach,New South Wales,AUSTRALIA,-28.7186968,153.6118865
3588,2020-04-30|Seven Mile Beach Gerroa New South Wales AUSTRALIA,0.5563770516500742,-0.43133386879383023,0.04206566925469817,0.03300549860818868,0.30621073591801135,0.09376501479145008,0.08839542540550864,2020-04-30,Seven Mile Beach Gerroa New South Wales AUSTRALIA,Seven Mile Beach,New South Wales,AUSTRALIA,-34.7699,150.813133
3589,2020-04-30|Seven Shillings Beach Middle Harbor Sydney Estuary New South Wales AUSTRALIA,0.564205167382753,-0.4230915020147429,0.045190181493181096,0.036435549585623575,0.30730837408970524,0.09443843678565823,0.08871228625245878,2020-04-30,Seven Shillings Beach Middle Harbor Sydney Estuary New South Wales AUSTRALIA,Seven Shillings Beach,New South Wales,AUSTRALIA,-33.871820299999996,151.24781399999998
3590,2020-04-30|Shark Bay Western Australia AUSTRALIA,0.41296945062197765,-0.42243179249337254,0.014902036158285236,0.0026776617385030435,0.24484373287748523,0.05994845352938134,0.05938332778966983,2020-04-30,Shark Bay Western Australia AUSTRALIA,Shark Bay,Western Australia,AUSTRALIA,-25.7834193,113.2987712
3591,2020-04-30|Sharks Bay Western Australia AUSTRALIA,0.41296809260203815,-0.42245818353499676,0.014900538064195919,0.0026779966352732188,0.2448456401471076,0.059949387499046915,0.0593837903704998,2020-04-30,Sharks Bay Western Australia AUSTRALIA,Sharks Bay,Western Australia,AUSTRALIA,-25.7834193,113.2987712
3592,2020-04-30|Sharpes Beach Ballina New South Wales AUSTRALIA,0.6194009580453619,-0.37196943120890213,0.043050625069285336,0.024327027654435795,0.32087236131845387,0.10295907225808042,0.0926278720913601,2020-04-30,Sharpes Beach Ballina New South Wales AUSTRALIA,Sharpes Beach,New South Wales,AUSTRALIA,-28.8338657,153.60514990000001
3593,2020-04-30|Shellharbour New South Wales AUSTRALIA,0.5569605362719406,-0.42988440510502157,0.042607986816189915,0.03370303569925054,0.3061344397570507,0.09371829520536329,0.08837340060097425,2020-04-30,Shellharbour New South Wales AUSTRALIA,Shellharbour,New South Wales,AUSTRALIA,-34.583333,150.866667
3594,2020-04-30|Shelly Beach Ballina New South Wales AUSTRALIA,0.619174224734442,-0.3729734615278521,0.04334024364229144,0.024818992117813788,0.32091771778434997,0.10298818158791567,0.09264096537525741,2020-04-30,Shelly Beach Ballina New South Wales AUSTRALIA,Shelly Beach,New South Wales,AUSTRALIA,-28.863228499999998,153.59435119999998
3595,2020-04-30|Shelly Beach Crescent Head New South Wales AUSTRALIA,0.5717667568971305,-0.42163077441787467,0.04727855751073797,0.03882016584476572,0.3097649018911257,0.09595429444361875,0.08942142474616972,2020-04-30,Shelly Beach Crescent Head New South Wales AUSTRALIA,Shelly Beach,New South Wales,AUSTRALIA,-33.3699595,151.4858695
3596,2020-04-30|Shelly Beach New South Wales AUSTRALIA,0.5717667568971305,-0.42163077441787467,0.04727855751073797,0.03882016584476572,0.3097649018911257,0.09595429444361875,0.08942142474616972,2020-04-30,Shelly Beach New South Wales AUSTRALIA,Shelly Beach,New South Wales,AUSTRALIA,-33.3699595,151.4858695
3597,2020-04-30|Shelly Beach near Port Macquarie New South Wales AUSTRALIA,0.6022952659262816,-0.39852559155664175,0.048613384504508084,0.036283011059582856,0.3173894757942743,0.10073607934496422,0.09162244964388924,2020-04-30,Shelly Beach near Port Macquarie New South Wales AUSTRALIA,Shelly Beach,New South Wales,AUSTRALIA,-31.454032399999996,152.93144080000002
3598,2020-04-30|Shelly Point Tasmania AUSTRALIA,0.452668516515769,-0.4571098617932119,0.05169255375320123,0.0940506311625087,0.27909037129157954,0.07789143534767172,0.08056645049671303,2020-04-30,Shelly Point Tasmania AUSTRALIA,Shelly Point,Tasmania,AUSTRALIA,-41.43509279999999,148.2769946
3599,2020-04-30|Ships Graveyard off Point Lonsdale Victoria AUSTRALIA,1.047411827520737,-0.9800252267238758,0.225790497491244,0.3112403125705624,0.6196844120363502,0.38400877052083704,0.17888748105090088,2020-04-30,Ships Graveyard off Point Lonsdale Victoria AUSTRALIA,Ship's Graveyard off Point Lonsdale,Victoria,AUSTRALIA,-38.283333,144.6
3600,2020-04-30|Shipwreck Cove Melbourne Aquarium Victoria AUSTRALIA,0.485586797712524,-0.5537002399306968,0.02880016065202606,0.06635698137881808,0.34247502053544,0.11728913969075004,0.09886402264842944,2020-04-30,Shipwreck Cove Melbourne Aquarium Victoria AUSTRALIA,Shipwreck Cove,Victoria,AUSTRALIA,-37.820629499999995,144.95821750000002
3601,2020-04-30|Shoalhaven New South Wales AUSTRALIA,0.5447711677829645,-0.4357106127007039,0.03884881717923437,0.02953446766120313,0.3030319468415993,0.09182836080660985,0.08747778804102686,2020-04-30,Shoalhaven New South Wales AUSTRALIA,Shoalhaven,New South Wales,AUSTRALIA,-35.081067700000006,150.48922919999998
3602,2020-04-30|Sirius Cove Sydney Harbor New South Wales AUSTRALIA,0.5655970410820322,-0.4229326358227028,0.04549055275894975,0.03676436538227992,0.30775609211445293,0.09471381223355962,0.08884153131351334,2020-04-30,Sirius Cove Sydney Harbor New South Wales AUSTRALIA,Sirius Cove,New South Wales,AUSTRALIA,-33.8375951,151.2402351
3603,2020-04-30|Smelting Works Bay near Hobart Tasmania AUSTRALIA,0.3849315168004903,-0.48637597824994394,0.006155668480791627,0.09206705440798929,0.2674593358662788,0.07153449634203092,0.0772088597798373,2020-04-30,Smelting Works Bay near Hobart Tasmania AUSTRALIA,Smelting Works Bay near Hobart,Tasmania,AUSTRALIA,-42.8821377,147.3271949
3604,2020-04-30|Smiths New South Wales AUSTRALIA,0.5680107544038523,-0.42304753499231273,0.04654407596804514,0.038169907934712075,0.3087075676459695,0.09530036232189086,0.08911619864063756,2020-04-30,Smiths New South Wales AUSTRALIA,Smiths,New South Wales,AUSTRALIA,-31.2532183,146.921099
3605,2020-04-30|Smokey Cape New South Wales AUSTRALIA,0.6019569192128558,-0.3887113540125551,0.048051149797809695,0.03455282932638916,0.31615443613886773,0.09995362749028538,0.09126592440513483,2020-04-30,Smokey Cape New South Wales AUSTRALIA,Smokey Cape,New South Wales,AUSTRALIA,-30.9237156,153.0888272
3606,2020-04-30|Smoky Bay near Ceduna on the Eyre Peninsula South Australia AUSTRALIA,0.41655352063645773,-0.37940524625278294,0.05429531434075925,0.007667645803127071,0.2603563641138837,0.06778543633460118,0.08233191139199987,2020-04-30,Smoky Bay near Ceduna on the Eyre Peninsula South Australia AUSTRALIA,Smoky Bay,South Australia,AUSTRALIA,-32.37340089999999,133.93568009999998
3607,2020-04-30|Snapper Point Aldinga Beach Adelaide South Australia AUSTRALIA,0.7242392911988812,-0.42690306174075127,0.058126268801599414,-0.005189802736887534,0.39266729185388405,0.15418760209186336,0.11335328332690066,2020-04-30,Snapper Point Aldinga Beach Adelaide South Australia AUSTRALIA,Snapper Point,South Australia,AUSTRALIA,-35.2711799,138.44391000000002
3608,2020-04-30|Sorrento Back Beach Victoria AUSTRALIA,1.0342593246642187,-0.992441237952264,0.2184331273836728,0.31024498213665663,0.6152187825690517,0.3784941504257462,0.17759836486337793,2020-04-30,Sorrento Back Beach Victoria AUSTRALIA,Sorrento Back Beach,Victoria,AUSTRALIA,-38.346817,144.72833219999998
3609,2020-04-30|South Broulee New South Wales AUSTRALIA,0.5394867833323899,-0.4402658959544488,0.0370458824456655,0.027617059834852832,0.30232995666964485,0.09140340269986934,0.08727514093365368,2020-04-30,South Broulee New South Wales AUSTRALIA,South Broulee,New South Wales,AUSTRALIA,-35.845428399999996,150.1694166
3610,2020-04-30|South Bruny Island Western Australia AUSTRALIA,0.32074906873086884,-0.46943083428199556,0.030294635241617643,0.14192509752772237,0.25598478293519006,0.06552820909437636,0.0709974046624113,2020-04-30,South Bruny Island Western Australia AUSTRALIA,South Bruny Island,Western Australia,AUSTRALIA,-43.3937074,147.2679116
3611,2020-04-30|South Cape Bay Tasmania AUSTRALIA,0.22504209409520035,-0.42435501166871314,0.03493011912718054,0.18026851715124775,0.23656626784226878,0.05596359908082005,0.0656116775961883,2020-04-30,South Cape Bay Tasmania AUSTRALIA,South Cape Bay,Tasmania,AUSTRALIA,-43.63,146.79
3612,2020-04-30|South Coast New South Wales AUSTRALIA,0.5361596808012505,-0.4425476849434433,0.034923248159181644,0.024824782627606498,0.30141304402601304,0.09084982310902728,0.08701045105284158,2020-04-30,South Coast New South Wales AUSTRALIA,South Coast,New South Wales,AUSTRALIA,-36.6806101,149.65644939999999
3613,2020-04-30|South Cronulla New South Wales AUSTRALIA,0.5608930576474997,-0.4252265992802362,0.04353342125942347,0.0343568089598007,0.30657942367964525,0.09399094302374342,0.08850185639472176,2020-04-30,South Cronulla New South Wales AUSTRALIA,South Cronulla,New South Wales,AUSTRALIA,-34.05744,151.15219
3614,2020-04-30|South Golden Beach New South Wales AUSTRALIA,0.6158302880885557,-0.36232251822992395,0.03870739115355412,0.017494378940949733,0.3331254904275175,0.11097259237257406,0.10044111453192772,2020-04-30,South Golden Beach New South Wales AUSTRALIA,South Golden Beach,New South Wales,AUSTRALIA,-28.4981216,153.54709450000001
3615,2020-04-30|South Head Sydney New South Wales AUSTRALIA,0.5655976983582274,-0.4229333456939965,0.04549018614840781,0.03676383920820993,0.30775642209035625,0.09471401533785752,0.08884162656935164,2020-04-30,South Head Sydney New South Wales AUSTRALIA,South Head,New South Wales,AUSTRALIA,-33.8332187,151.28042580000002
3616,2020-04-30|South Narrabeen Beach New South Wales AUSTRALIA,0.567227424968103,-0.42294084786405983,0.046159902606788226,0.037628372812014164,0.3083961872159499,0.09510820828933522,0.08902631085309146,2020-04-30,South Narrabeen Beach New South Wales AUSTRALIA,South Narrabeen Beach,New South Wales,AUSTRALIA,-33.709542299999995,151.3033826
3617,2020-04-30|South Neptune Island South Australia AUSTRALIA,0.35282884658991315,-0.30687494553087447,0.03470797754420444,-0.017497606495867304,0.22854272832657668,0.05223177867095544,0.07227155641810644,2020-04-30,South Neptune Island South Australia AUSTRALIA,South Neptune Island,South Australia,AUSTRALIA,-35.3295695,136.11835280000003
3618,2020-04-30|South Passage south of Coral Bay Western Australia AUSTRALIA,0.43334945813545944,-0.3464552558574191,0.03938788830601631,0.008446909461255855,0.23731146477531234,0.05631673131380431,0.07155209882812301,2020-04-30,South Passage south of Coral Bay Western Australia AUSTRALIA,South Passage,Western Australia,AUSTRALIA,-23.143670800000002,113.77153590000002
3619,2020-04-30|South Perth Western Australia AUSTRALIA,0.2438931819833584,-0.2198506154554827,0.0308997456890882,0.0464209938997739,0.17017047781477654,0.028957991519709358,0.04912398558724424,2020-04-30,South Perth Western Australia AUSTRALIA,South Perth,Western Australia,AUSTRALIA,-31.9809515,115.86391680000001
3620,2020-04-30|South Point Gracetown Western Australia AUSTRALIA,0.25933787892971866,-0.26408609748946416,0.031155205983829922,0.06185023265660766,0.1937568461205971,0.03754171541860074,0.05593278363252982,2020-04-30,South Point Gracetown Western Australia AUSTRALIA,South Point,Western Australia,AUSTRALIA,-33.8638221,114.97694579999998
3621,2020-04-30|South Steyne Manly New South Wales AUSTRALIA,0.5655976983582274,-0.4229333456939965,0.04549018614840781,0.03676383920820993,0.30775642209035625,0.09471401533785752,0.08884162656935164,2020-04-30,South Steyne Manly New South Wales AUSTRALIA,South Steyne,New South Wales,AUSTRALIA,-33.7985672,151.2889614
3622,2020-04-30|South Stradbroke Island Queensland AUSTRALIA,0.6248662168732247,-0.3597358963224614,0.03447124561711348,0.013291703464867712,0.33711731611424123,0.11364808482406925,0.10164469526205186,2020-04-30,South Stradbroke Island Queensland AUSTRALIA,South Stradbroke Island,Queensland,AUSTRALIA,-27.833508600000002,153.42132080000002
3623,2020-04-30|South Werribee Beach Victoria AUSTRALIA,0.48171855284042286,-0.5480409133868535,0.02958970323950674,0.06703883883633108,0.34028811288926175,0.11579599977373495,0.09823271678932252,2020-04-30,South Werribee Beach Victoria AUSTRALIA,South Werribee Beach,Victoria,AUSTRALIA,-37.9736195,144.69639109999997
3624,2020-04-30|South West Rocks New South Wales AUSTRALIA,0.6021054226805208,-0.38802533678126744,0.048560443371443274,0.03535541097832066,0.316136036497329,0.09994199357224055,0.09126061288613714,2020-04-30,South West Rocks New South Wales AUSTRALIA,South West Rocks,New South Wales,AUSTRALIA,-30.884166999999998,153.040278
3625,2020-04-30|South coast New South Wales AUSTRALIA,0.536144847387778,-0.44255201372609604,0.034915650608431055,0.02481341648223171,0.3014088496372745,0.09084729463966514,0.08700924023710793,2020-04-30,South coast New South Wales AUSTRALIA,South coast,New South Wales,AUSTRALIA,-36.6806101,149.65644939999999
3626,2020-04-30|Southgates near Geraldton Western Australia AUSTRALIA,0.26983247549046013,-0.2576507238754667,0.012882215649145474,0.005640811946400349,0.1846381113142407,0.03409123214968994,0.0476733553463497,2020-04-30,Southgates near Geraldton Western Australia AUSTRALIA,Southgates,Western Australia,AUSTRALIA,-28.85,114.6338889
3627,2020-04-30|Southport Aquarium Queensland AUSTRALIA,0.6239488068846637,-0.3616927871978817,0.035709163409242135,0.015666814709110546,0.33691054781528923,0.11350871722919828,0.10158235227421877,2020-04-30,Southport Aquarium Queensland AUSTRALIA,Southport Aquarium,Queensland,AUSTRALIA,-27.9600602,153.42459219999998
3628,2020-04-30|Southport Bar Queensland AUSTRALIA,0.6239488068846637,-0.3616927871978817,0.035709163409242135,0.015666814709110546,0.33691054781528923,0.11350871722919828,0.10158235227421877,2020-04-30,Southport Bar Queensland AUSTRALIA,Southport Bar,Queensland,AUSTRALIA,-27.9674697,153.41637690000002
3629,2020-04-30|Southport Queensland AUSTRALIA,0.6234965702376674,-0.36240960688540375,0.0363134643987092,0.016703948522252262,0.33677801937521235,0.11341943433429089,0.10154239344605641,2020-04-30,Southport Queensland AUSTRALIA,Southport,Queensland,AUSTRALIA,-27.973794,153.4183144
3630,2020-04-30|Southport South Australia AUSTRALIA,0.7340902675863308,-0.43287878866456786,0.059881815970751706,-0.0030420557160960905,0.3991818449192979,0.1593461453131744,0.11523387280988406,2020-04-30,Southport South Australia AUSTRALIA,Southport,South Australia,AUSTRALIA,-35.1577032,138.46888719999998
3631,2020-04-30|St Crispin Reef Queensland AUSTRALIA,0.6053438980399776,-0.31278168550131047,0.09468507306801535,0.013621105599108084,0.3632311032572786,0.1319368343734998,0.11486376033088058,2020-04-30,St Crispin Reef Queensland AUSTRALIA,St. Crispin Reef,Queensland,AUSTRALIA,-16.1014387,145.83812460000001
3632,2020-04-30|St George’s River at Moorebank near Milperra Bridge New South Wales AUSTRALIA,0.560442515690111,-0.42644561805827913,0.04316805012490082,0.03388794881017709,0.3066430243021806,0.0940299443531877,0.08852021631299246,2020-04-30,St George’s River at Moorebank near Milperra Bridge New South Wales AUSTRALIA,St. George’s River at Moorebank,New South Wales,AUSTRALIA,-34.0494645,150.8953368
3633,2020-04-30|St Helena Island Moreton Bay Queensland AUSTRALIA,0.8202681224284281,-0.5303036199683246,0.0269885769703414,0.0477401632457875,0.44655659118746255,0.19941278913296656,0.13464187823899454,2020-04-30,St Helena Island Moreton Bay Queensland AUSTRALIA,St. Helena Island,Queensland,AUSTRALIA,-27.3877599,153.23402119999997
3634,2020-04-30|Stevens Reef Queensland AUSTRALIA,1.1325924392795086,-0.7667557292023379,0.1439225163169121,0.17172862082093468,0.6482001226559462,0.42016339901118366,0.18711925765207948,2020-04-30,Stevens Reef Queensland AUSTRALIA,Stevens Reef,Queensland,AUSTRALIA,-20.5833333,150.08333330000002
3635,2020-04-30|Stockton Beach New South Wales AUSTRALIA,0.5796743201835125,-0.41708299033749885,0.04806998030262977,0.03874699083637616,0.3119792218934323,0.09733103489323149,0.09006064387087157,2020-04-30,Stockton Beach New South Wales AUSTRALIA,Stockton Beach,New South Wales,AUSTRALIA,-32.8054122,151.9608991
3636,2020-04-30|Stockton Beach Newcastle New South Wales AUSTRALIA,0.5796611531366103,-0.41708625320303117,0.04806278766304919,0.03873614661805996,0.31197515708851375,0.09732849864040283,0.09005947046276461,2020-04-30,Stockton Beach Newcastle New South Wales AUSTRALIA,Stockton Beach,New South Wales,AUSTRALIA,-32.8054122,151.9608991
3637,2020-04-30|Stockton Bight New South Wales AUSTRALIA,0.5796611531366103,-0.41708625320303117,0.04806278766304919,0.03873614661805996,0.31197515708851375,0.09732849864040283,0.09005947046276461,2020-04-30,Stockton Bight New South Wales AUSTRALIA,Stockton Bight,New South Wales,AUSTRALIA,-32.8054122,151.9608991
3638,2020-04-30|Stradbroke Island Queensland AUSTRALIA,0.624686039433808,-0.3526417884154331,0.031769553419709655,0.007607960896931668,0.3361968273030939,0.11302830668866637,0.10136715744293404,2020-04-30,Stradbroke Island Queensland AUSTRALIA,Stradbroke Island,Queensland,AUSTRALIA,-27.5323174,153.46260769999998
3639,2020-04-30|Strand Beach Kissing Point Townsville Queensland AUSTRALIA,0.7391521126032747,-0.45975039562599057,0.07916700470449982,-0.015009715944774899,0.42278860111827254,0.17875020123554577,0.12204855633296999,2020-04-30,Strand Beach Kissing Point Townsville Queensland AUSTRALIA,Strand Beach,Queensland,AUSTRALIA,-19.239290899999997,146.80543889999998
3640,2020-04-30|Stratham Beach Western Australia AUSTRALIA,0.27814248094468885,-0.2519038430726787,0.0010768436483003334,-0.002140097056042324,0.1890083386319472,0.03572415207240882,0.054562007594119326,2020-04-30,Stratham Beach Western Australia AUSTRALIA,Stratham Beach,Western Australia,AUSTRALIA,-33.4665674,115.5602443
3641,2020-04-30|Streaky Bay South Australia AUSTRALIA,0.4205473023649908,-0.3993718651439241,0.04685528342011124,0.010268699776993573,0.2664115733769989,0.07097512642920807,0.08424673669003925,2020-04-30,Streaky Bay South Australia AUSTRALIA,Streaky Bay,South Australia,AUSTRALIA,-32.797222,134.21111100000002
3642,2020-04-30|Sugarloaf Bay Middle Harbor Sydney New South Wales AUSTRALIA,0.5655976983582274,-0.4229333456939965,0.04549018614840781,0.03676383920820993,0.30775642209035625,0.09471401533785752,0.08884162656935164,2020-04-30,Sugarloaf Bay Middle Harbor Sydney New South Wales AUSTRALIA,Sugarloaf Bay,New South Wales,AUSTRALIA,-33.7859956,151.2260866
3643,2020-04-30|Sugarloaf Bay Middle Harbour Sydney New South Wales AUSTRALIA,0.5655976983582274,-0.4229333456939965,0.04549018614840781,0.03676383920820993,0.30775642209035625,0.09471401533785752,0.08884162656935164,2020-04-30,Sugarloaf Bay Middle Harbour Sydney New South Wales AUSTRALIA,Sugarloaf Bay,New South Wales,AUSTRALIA,-33.7831723,151.2231308
3644,2020-04-30|Suicide Point Point Leo Victoria AUSTRALIA,0.989564716045538,-1.0221351873918156,0.15576035787384346,0.2523351699845292,0.6243238491706251,0.3897802686432255,0.18022677119008187,2020-04-30,Suicide Point Point Leo Victoria AUSTRALIA,Suicide Point,Victoria,AUSTRALIA,-38.421,145.075
3645,2020-04-30|Sunshine Beach Queensland AUSTRALIA,0.6222655704791241,-0.354660521416819,0.025812082048592422,-0.027681249905203178,0.3374583716359691,0.11387815258719984,0.10174752737098369,2020-04-30,Sunshine Beach Queensland AUSTRALIA,Sunshine Beach,Queensland,AUSTRALIA,-26.406999999999996,153.105
3646,2020-04-30|Surf Beach Batemans Bay New South Wales AUSTRALIA,0.540730011651857,-0.43876544830915476,0.03789279185611003,0.028672084598992273,0.3023987160629998,0.09144498347655078,0.08729499006078507,2020-04-30,Surf Beach Batemans Bay New South Wales AUSTRALIA,Surf Beach,New South Wales,AUSTRALIA,-35.7600051,150.2052861
3647,2020-04-30|Surf Beach Kiama New South Wales AUSTRALIA,0.5566841313762991,-0.43067026480439374,0.04238592517034717,0.033433880156933604,0.30620626361191006,0.09376227587516656,0.08839413436194289,2020-04-30,Surf Beach Kiama New South Wales AUSTRALIA,Surf Beach,New South Wales,AUSTRALIA,-34.6816667,150.8511111
3648,2020-04-30|Surfers Paradise Beach near Victor Harbour South Australia AUSTRALIA,0.6234965702376674,-0.36240960688540375,0.0363134643987092,0.016703948522252262,0.33677801937521235,0.11341943433429089,0.10154239344605641,2020-04-30,Surfers Paradise Beach near Victor Harbour South Australia AUSTRALIA,Surfers Paradise Beach near Victor Harbour,South Australia,AUSTRALIA,-28.0,153.416667
3649,2020-04-30|Surfers Paradise Northcliffe Queensland AUSTRALIA,0.6234965702376674,-0.36240960688540375,0.0363134643987092,0.016703948522252262,0.33677801937521235,0.11341943433429089,0.10154239344605641,2020-04-30,Surfers Paradise Northcliffe Queensland AUSTRALIA,Surfer's Paradise,Queensland,AUSTRALIA,-28.006491999999998,153.43112019999998
3650,2020-04-30|Surfers Paradise Queensland AUSTRALIA,0.623511059992777,-0.36240805320871144,0.036319673876772034,0.016709618778683894,0.3367820581825322,0.1134221547136625,0.1015436111922819,2020-04-30,Surfers Paradise Queensland AUSTRALIA,Surfer's Paradise,Queensland,AUSTRALIA,-28.0,153.416667
3651,2020-04-30|Surfers Paradise near Southport Queensland AUSTRALIA,0.6234965702376674,-0.36240960688540375,0.0363134643987092,0.016703948522252262,0.33677801937521235,0.11341943433429089,0.10154239344605641,2020-04-30,Surfers Paradise near Southport Queensland AUSTRALIA,Surfers Paradise,Queensland,AUSTRALIA,-28.0,153.416667
3652,2020-04-30|Surfers Point Phillip Island Victoria AUSTRALIA,1.1088803179895723,-1.1359022140856352,0.1892014864029857,0.2943661192080438,0.6963905472479157,0.4849597942962516,0.2010306349573475,2020-04-30,Surfers Point Phillip Island Victoria AUSTRALIA,Surfers Point,Victoria,AUSTRALIA,-38.5092311,145.2817885
3653,2020-04-30|Surfers Point Prevelly Western Australia AUSTRALIA,0.2620433453192686,-0.2703198571520295,0.030245541131851975,0.0620485609902356,0.19737156056341032,0.03895553291923595,0.05697626181083074,2020-04-30,Surfers Point Prevelly Western Australia AUSTRALIA,Surfers Point,Western Australia,AUSTRALIA,-33.976738299999994,114.98598359999998
3654,2020-04-30|Swain Reef Queensland AUSTRALIA,0.6826862979893177,-0.3642891209458298,0.05913661594341775,-0.06230300803679205,0.3954890331398037,0.15641157533385677,0.1250646134339593,2020-04-30,Swain Reef Queensland AUSTRALIA,Swain Reef,Queensland,AUSTRALIA,-21.9813586,152.473207
3655,2020-04-30|Swan River 13 miles upstream Western Australia AUSTRALIA,0.2428490594212597,-0.218378637152674,0.03160687802727802,0.04705323599694241,0.1690994396721967,0.028594620497450894,0.04881480350727883,2020-04-30,Swan River 13 miles upstream Western Australia AUSTRALIA,Swan River,Western Australia,AUSTRALIA,-31.8962877,115.95750179999999
3656,2020-04-30|Swan River Western Australia AUSTRALIA,0.2428490594212597,-0.218378637152674,0.03160687802727802,0.04705323599694241,0.1690994396721967,0.028594620497450894,0.04881480350727883,2020-04-30,Swan River Western Australia AUSTRALIA,Swan River,Western Australia,AUSTRALIA,-31.8962877,115.95750179999999
3657,2020-04-30|Sweet Water Point Pitt Water Tasmania AUSTRALIA,1.2556510194523733,-1.2160525906106225,0.25959291136962875,0.465657427645458,0.8472642757669999,0.717856752990979,0.25545979099921323,2020-04-30,Sweet Water Point Pitt Water Tasmania AUSTRALIA,Sweet Water Point,Tasmania,AUSTRALIA,-41.4545196,145.9706647
3658,2020-04-30|Sydney Harbor New South Wales AUSTRALIA,0.5655976983582274,-0.4229333456939965,0.04549018614840781,0.03676383920820993,0.30775642209035625,0.09471401533785752,0.08884162656935164,2020-04-30,Sydney Harbor New South Wales AUSTRALIA,Sydney Harbor,New South Wales,AUSTRALIA,-33.8436313,151.23731
3659,2020-04-30|Sydney Harbour New South Wales AUSTRALIA,0.5642058247174442,-0.423092213341209,0.04518981703834918,0.03643502644883782,0.307308702833037,0.09443863883692384,0.08871238115248432,2020-04-30,Sydney Harbour New South Wales AUSTRALIA,Sydney Harbour,New South Wales,AUSTRALIA,-33.8462182,151.2488616
3660,2020-04-30|Sydney New South Wales AUSTRALIA,0.5642058247174442,-0.423092213341209,0.04518981703834918,0.03643502644883782,0.307308702833037,0.09443863883692384,0.08871238115248432,2020-04-30,Sydney New South Wales AUSTRALIA,Sydney,New South Wales,AUSTRALIA,-33.8688197,151.2092955
3661,2020-04-30|Sykes Reef Great Barrier Reef Queensland AUSTRALIA,0.7867388894351699,-0.4718066084976958,0.006034414491020281,-0.041152723855406775,0.41344480930472177,0.17093661034101776,0.12465830036216374,2020-04-30,Sykes Reef Great Barrier Reef Queensland AUSTRALIA,Sykes Reef,Queensland,AUSTRALIA,-23.439513899999998,152.0395475
3662,2020-04-30|Tabourie Beach New South Wales AUSTRALIA,0.5438930217356895,-0.4360472564088457,0.03840232636414977,0.028894968825342458,0.3028524045468291,0.09171957893979622,0.08742595864491862,2020-04-30,Tabourie Beach New South Wales AUSTRALIA,Tabourie Beach,New South Wales,AUSTRALIA,-35.417259200000004,150.4200146
3663,2020-04-30|Tallebudgera Queensland AUSTRALIA,0.622603675962907,-0.3642156293481129,0.0374402115764036,0.019143517890288043,0.33657133916691523,0.11328026634861069,0.10148007701855513,2020-04-30,Tallebudgera Queensland AUSTRALIA,Tallebudgera,Queensland,AUSTRALIA,-28.148889,153.418056
3664,2020-04-30|Tallow Beach Byron Bay New South Wales AUSTRALIA,0.6168603946493023,-0.36385016742117204,0.038747455861366686,0.017296297458896027,0.3337289944349341,0.11137504172655228,0.10062307783666197,2020-04-30,Tallow Beach Byron Bay New South Wales AUSTRALIA,Tallow Beach,New South Wales,AUSTRALIA,-28.6524251,153.62793369999997
3665,2020-04-30|Taree Old Bar Beach New South Wales AUSTRALIA,0.598169832970335,-0.41052898827140605,0.04897074335481516,0.03801604840787154,0.31779651720036745,0.10099462634468344,0.09173995237657885,2020-04-30,Taree Old Bar Beach New South Wales AUSTRALIA,Taree,New South Wales,AUSTRALIA,-31.966666999999998,152.583333
3666,2020-04-30|Target Beach New South Wales AUSTRALIA,0.5490978109437987,-0.43389605111869345,0.04011940467637889,0.03094403015153175,0.30406610843364534,0.09245619829798137,0.08777632477780355,2020-04-30,Target Beach New South Wales AUSTRALIA,Target Beach,New South Wales,AUSTRALIA,-35.0712278,150.78299619999999
3667,2020-04-30|Taronga Wharf Athol Bay Sydney Harbor New South Wales AUSTRALIA,0.5642058247174442,-0.423092213341209,0.04518981703834918,0.03643502644883782,0.307308702833037,0.09443863883692384,0.08871238115248432,2020-04-30,Taronga Wharf Athol Bay Sydney Harbor New South Wales AUSTRALIA,Taronga Wharf,New South Wales,AUSTRALIA,-33.845791,151.239746
3668,2020-04-30|Taroona Tasmania AUSTRALIA,0.3849315168004903,-0.48637597824994394,0.006155668480791627,0.09206705440798929,0.2674593358662788,0.07153449634203092,0.0772088597798373,2020-04-30,Taroona Tasmania AUSTRALIA,Taroona,Tasmania,AUSTRALIA,-42.948056,147.34888899999999
3669,2020-04-30|Tasman Island Tasmania AUSTRALIA,0.3726196276888234,-0.44211594481729266,-0.00026258938020470163,0.04784354170710499,0.24110194172225197,0.058130146302240185,0.06960013547774183,2020-04-30,Tasman Island Tasmania AUSTRALIA,Tasman Island,Tasmania,AUSTRALIA,-43.238162700000004,148.00239390000002
3670,2020-04-30|Tathra New South Wales AUSTRALIA,0.536144847387778,-0.44255201372609604,0.034915650608431055,0.02481341648223171,0.3014088496372745,0.09084729463966514,0.08700924023710793,2020-04-30,Tathra New South Wales AUSTRALIA,Tathra,New South Wales,AUSTRALIA,-36.7360215,149.9674229
3671,2020-04-30|Tea Gardens north of Newcastle New South Wales AUSTRALIA,0.5810878056952388,-0.4151069846490219,0.04799613106994807,0.0383695793792497,0.31209299673921626,0.09740203861366446,0.09009348783979175,2020-04-30,Tea Gardens north of Newcastle New South Wales AUSTRALIA,Tea Gardens,New South Wales,AUSTRALIA,-32.659597,152.15239259999998
3672,2020-04-30|Tenth Island King Island Tasmania AUSTRALIA,1.241177876029054,-1.0888244379438812,0.3422236217385927,0.534860131697118,0.7924579997092706,0.6279896813032182,0.2389350770137472,2020-04-30,Tenth Island King Island Tasmania AUSTRALIA,Tenth Island (King Island),Tasmania,AUSTRALIA,-40.94228579999999,146.98485580000002
3673,2020-04-30|Terrigal Beach New South Wales AUSTRALIA,0.5717667568971305,-0.42163077441787467,0.04727855751073797,0.03882016584476572,0.3097649018911257,0.09595429444361875,0.08942142474616972,2020-04-30,Terrigal Beach New South Wales AUSTRALIA,Terrigal Beach,New South Wales,AUSTRALIA,-33.4461804,151.4447377
3674,2020-04-30|Tewantin Queensland AUSTRALIA,0.6227498628051233,-0.3550326562716867,0.025679727818449505,-0.02782546991006558,0.33774304509716835,0.1140703645115079,0.10183335964903549,2020-04-30,Tewantin Queensland AUSTRALIA,Tewantin,Queensland,AUSTRALIA,-26.392,153.039
3675,2020-04-30|The Australian Shark and Ray Centre New South Wales AUSTRALIA,0.5802214528152903,-0.4164790725888136,0.04780939780507094,0.03826539124757954,0.3120488442129332,0.09737448117462746,0.0900807421033243,2020-04-30,The Australian Shark and Ray Centre New South Wales AUSTRALIA,The Australian Shark and Ray Centre,New South Wales,AUSTRALIA,-32.7706261,151.9986267
3676,2020-04-30|The Domain Sydney New South Wales AUSTRALIA,0.5642058247174442,-0.423092213341209,0.04518981703834918,0.03643502644883782,0.307308702833037,0.09443863883692384,0.08871238115248432,2020-04-30,The Domain Sydney New South Wales AUSTRALIA,The Domain,New South Wales,AUSTRALIA,-33.871516299999996,151.214894
3677,2020-04-30|The Entrance near Gosford New South Wales AUSTRALIA,0.573147239402852,-0.4208417316837354,0.047509607672429004,0.038947156312067334,0.31011352681418997,0.09617039951313532,0.08952206409275841,2020-04-30,The Entrance near Gosford New South Wales AUSTRALIA,The Entrance,New South Wales,AUSTRALIA,-33.347221999999995,151.496111
3678,2020-04-30|The Farm New South Wales AUSTRALIA,0.5604123702385493,-0.4271877534058327,0.04303723167336542,0.033738508912769895,0.3067828716153454,0.09411573031655748,0.08856058675494304,2020-04-30,The Farm New South Wales AUSTRALIA,The Farm,New South Wales,AUSTRALIA,-34.071999999999996,150.718
3679,2020-04-30|The Narrows Queensland AUSTRALIA,1.5540571501022264,-1.0787929077380565,0.14237221643170853,0.10218267114611122,0.8938728355925866,0.7990086462103313,0.269512800541059,2020-04-30,The Narrows Queensland AUSTRALIA,The Narrows,Queensland,AUSTRALIA,-23.6139232,150.9541241
3680,2020-04-30|The Natural Jetty Rottnest Island Western Australia AUSTRALIA,0.2404679379962392,-0.23250917152868922,0.012843675691781187,0.02170077933342407,0.17665810584231798,0.031208086359795616,0.048996142987755543,2020-04-30,The Natural Jetty Rottnest Island Western Australia AUSTRALIA,The Natural Jetty,Western Australia,AUSTRALIA,-32.0063677,115.5073002
3681,2020-04-30|Thirroul New South Wales AUSTRALIA,0.5598060996360258,-0.4274888644694656,0.0429282239869685,0.03366074290952759,0.30665056081704856,0.0940345664494104,0.08852239191743635,2020-04-30,Thirroul New South Wales AUSTRALIA,Thirroul,New South Wales,AUSTRALIA,-34.314731200000004,150.9103729
3682,2020-04-30|Thirteenth Beach Victoria AUSTRALIA,1.0092968452048194,-0.9473032975314528,0.23402398646588715,0.33129949228489164,0.5913282370120031,0.34966908388772366,0.17070175840915341,2020-04-30,Thirteenth Beach Victoria AUSTRALIA,Thirteenth Beach,Victoria,AUSTRALIA,-38.2852436,144.4587149
3683,2020-04-30|Thistle Island South Australia AUSTRALIA,0.405708755107613,-0.32845882243750096,0.0225886610597273,-0.08577621394188129,0.24855577624944433,0.06177997390696384,0.07494238629953973,2020-04-30,Thistle Island South Australia AUSTRALIA,Thistle Island,South Australia,AUSTRALIA,-35.038095299999995,136.1804618
3684,2020-04-30|Three Mile Creek Townsville Queensland AUSTRALIA,0.7470677425741752,-0.4729214979244415,0.08109731790639993,-0.00461312192156918,0.42708798158041317,0.18240414401043134,0.12328968056655275,2020-04-30,Three Mile Creek Townsville Queensland AUSTRALIA,Three Mile Creek,Queensland,AUSTRALIA,-19.208941,146.76842230000003
3685,2020-04-30|Three Stripes near Cheynes Beach Western Australia AUSTRALIA,0.25383952406562155,-0.2549732403425061,0.030470854194858808,0.06057088865461319,0.1920593917333996,0.03688680995300343,0.05790808544032473,2020-04-30,Three Stripes near Cheynes Beach Western Australia AUSTRALIA,Three Stripes near Cheynes Beach,Western Australia,AUSTRALIA,-34.88414,118.404629
3686,2020-04-30|Throsby Creek Newcastle New South Wales AUSTRALIA,0.5793511464104716,-0.4177596576064149,0.048262833902449925,0.03914338163222096,0.3119703028458453,0.09732546985772843,0.09005806916360894,2020-04-30,Throsby Creek Newcastle New South Wales AUSTRALIA,Throsby Creek,New South Wales,AUSTRALIA,-32.9119099,151.7504482
3687,2020-04-30|Tingalpa Creek Queensland AUSTRALIA,0.8625939939491076,-0.5203876847004205,0.11295868457992571,-0.0009441104060051442,0.507436229792859,0.2574915273063912,0.15299777993231595,2020-04-30,Tingalpa Creek Queensland AUSTRALIA,Tingalpa Creek,Queensland,AUSTRALIA,-27.502492999999998,153.188227
3688,2020-04-30|Tomaree New South Wales AUSTRALIA,0.5974614267638082,-0.4090310703268756,0.049092820542093844,0.03819855489593228,0.3172278480413947,0.10063350757297419,0.09157579173057247,2020-04-30,Tomaree New South Wales AUSTRALIA,Tomaree,New South Wales,AUSTRALIA,-31.8894897,152.4444453
3689,2020-04-30|Torres Strait Queensland AUSTRALIA,1.0418119263723902,-1.7498522211548426,0.0761914609857194,0.40071164812425686,0.9702051318259438,0.9412979978213971,0.28007409701443253,2020-04-30,Torres Strait Queensland AUSTRALIA,Torres Strait,Queensland,AUSTRALIA,-10.2199025,141.93685449999998
3690,2020-04-30|Townsville Queensland AUSTRALIA,0.7391404247763735,-0.4597772541119556,0.07916472960431246,-0.015001256790575866,0.42278295629574014,0.17874542813416572,0.12204692681306568,2020-04-30,Townsville Queensland AUSTRALIA,Townsville,Queensland,AUSTRALIA,-19.2589635,146.8169483
3691,2020-04-30|Triabunna Tasmania AUSTRALIA,0.3828264370750967,-0.43478699857049374,0.04543632585352548,0.09661351197205799,0.25632114237342424,0.06570052802761722,0.07399354027414444,2020-04-30,Triabunna Tasmania AUSTRALIA,Triabunna,Tasmania,AUSTRALIA,-42.5102424,147.92009960000001
3692,2020-04-30|Trial Bay New South Wales AUSTRALIA,0.6021054226805208,-0.38802533678126744,0.048560443371443274,0.03535541097832066,0.316136036497329,0.09994199357224055,0.09126061288613714,2020-04-30,Trial Bay New South Wales AUSTRALIA,Trial Bay,New South Wales,AUSTRALIA,-30.879986,153.05760880000003
3693,2020-04-30|Trial Bay north of Kempsey New South Wales AUSTRALIA,0.6021191431869197,-0.38802291749260776,0.04856714692802749,0.03536436241511012,0.31614006220069746,0.09994453892826084,0.09126177500659886,2020-04-30,Trial Bay north of Kempsey New South Wales AUSTRALIA,Trial Bay,New South Wales,AUSTRALIA,-30.879986,153.05760880000003
3694,2020-04-30|Trigg Beach Perth Western Australia AUSTRALIA,0.24284216339150913,-0.21836970289197247,0.0316074405044269,0.047053294985049336,0.16909365207369859,0.028592663171621034,0.048813132771503405,2020-04-30,Trigg Beach Perth Western Australia AUSTRALIA,Trigg Beach,Western Australia,AUSTRALIA,-31.8779189,115.7517755
3695,2020-04-30|Trigg Beach Western Australia AUSTRALIA,0.2428490594212597,-0.218378637152674,0.03160687802727802,0.04705323599694241,0.1690994396721967,0.028594620497450894,0.04881480350727883,2020-04-30,Trigg Beach Western Australia AUSTRALIA,Trigg Beach,Western Australia,AUSTRALIA,-31.8779189,115.7517755
3696,2020-04-30|Trinity Beach 17 km northwast of Cairns Queensland AUSTRALIA,0.6237149458297979,-0.3284127511371015,0.09526728551299109,0.017991464079125198,0.3733382980161615,0.13938148476560422,0.11805993595017922,2020-04-30,Trinity Beach 17 km northwast of Cairns Queensland AUSTRALIA,Trinity Beach,Queensland,AUSTRALIA,-16.783333,145.7
3697,2020-04-30|Trinity Beach Cairns Queensland AUSTRALIA,0.6237149458297979,-0.3284127511371015,0.09526728551299109,0.017991464079125198,0.3733382980161615,0.13938148476560422,0.11805993595017922,2020-04-30,Trinity Beach Cairns Queensland AUSTRALIA,Trinity Beach,Queensland,AUSTRALIA,-16.783333,145.7
3698,2020-04-30|Tully North Queensland Queensland AUSTRALIA,0.7160936247803398,-0.4080743521408462,0.17346666666536276,0.10945863379374253,0.4077065014471403,0.16622459132226702,0.13590216714904677,2020-04-30,Tully North Queensland Queensland AUSTRALIA,Tully,Queensland,AUSTRALIA,-17.9397555,145.9276864
3699,2020-04-30|Turners Beach New South Wales AUSTRALIA,0.6182849309812845,-0.3884301751298019,0.0463910911883417,0.03060769705436627,0.32325539507842543,0.1044940504473089,0.09331579468276388,2020-04-30,Turners Beach New South Wales AUSTRALIA,Turners' Beach,New South Wales,AUSTRALIA,-29.4304387,153.3629052
3700,2020-04-30|Turquoise Bay Western Australia AUSTRALIA,0.45777897802693424,-0.36479875129687883,0.07210307313679781,0.05770546725324321,0.2636481542114934,0.06951034921912741,0.07610866640267684,2020-04-30,Turquoise Bay Western Australia AUSTRALIA,Turquoise Bay,Western Australia,AUSTRALIA,-22.0963889,113.88944440000002
3701,2020-04-30|Tweed Heads New South Wales AUSTRALIA,0.620223493279951,-0.3630869676721667,0.03796960359785306,0.019430750582180606,0.3352526039847078,0.1123943084785273,0.10108246340062577,2020-04-30,Tweed Heads New South Wales AUSTRALIA,Tweed Heads,New South Wales,AUSTRALIA,-28.178665600000002,153.5370011
3702,2020-04-30|Two Rocks near Three Mile Reef Western Australia AUSTRALIA,0.24217729236018,-0.23466546962770043,0.01129084007516711,0.01904491527488094,0.17739160364628268,0.031467781044199845,0.049199578675650536,2020-04-30,Two Rocks near Three Mile Reef Western Australia AUSTRALIA,Two Rocks near Three Mile Reef,Western Australia,AUSTRALIA,-31.775555600000004,115.675
3703,2020-04-30|Tyrendarra Beach Victoria AUSTRALIA,0.31251205720982667,-0.40264118334565063,0.017283921927784326,0.06025651313478585,0.252679837993216,0.0638471005282779,0.07618583770102605,2020-04-30,Tyrendarra Beach Victoria AUSTRALIA,Tyrendarra Beach,Victoria,AUSTRALIA,-38.216667,141.783333
3704,2020-04-30|Tyrendarra Beach near Portland Victoria AUSTRALIA,0.31251205720982667,-0.40264118334565063,0.017283921927784326,0.06025651313478585,0.252679837993216,0.0638471005282779,0.07618583770102605,2020-04-30,Tyrendarra Beach near Portland Victoria AUSTRALIA,Tyrendarra Beach near Portland,Victoria,AUSTRALIA,-38.2507144,141.806322
3705,2020-04-30|Umina Beach New South Wales AUSTRALIA,0.5680107544038523,-0.42304753499231273,0.04654407596804514,0.038169907934712075,0.3087075676459695,0.09530036232189086,0.08911619864063756,2020-04-30,Umina Beach New South Wales AUSTRALIA,Umina Beach,New South Wales,AUSTRALIA,-33.528746000000005,151.307503
3706,2020-04-30|Urunga Belliger Heads New South Wales AUSTRALIA,0.6032083654812571,-0.3856539949179598,0.04787998182715789,0.03394532817423862,0.3164667271414375,0.10015118938761303,0.0913560750523344,2020-04-30,Urunga Belliger Heads New South Wales AUSTRALIA,Urunga,New South Wales,AUSTRALIA,-30.502025699999997,153.02505980000004
3707,2020-04-30|Urunga area New South Wales AUSTRALIA,0.6032083654812571,-0.3856539949179598,0.04787998182715789,0.03394532817423862,0.3164667271414375,0.10015118938761303,0.0913560750523344,2020-04-30,Urunga area New South Wales AUSTRALIA,Urunga area,New South Wales,AUSTRALIA,-30.5,153.01666699999998
3708,2020-04-30|Waitpinga Beach near Victor Harbor Encounter Bay South Australia AUSTRALIA,0.3060065062766297,-0.3354816891343387,-0.001812304319591168,0.00716678060008704,0.2151201600852441,0.04627668327510105,0.06802696764894128,2020-04-30,Waitpinga Beach near Victor Harbor Encounter Bay South Australia AUSTRALIA,Waitpinga Beach,South Australia,AUSTRALIA,-35.604007700000004,138.5809998
3709,2020-04-30|Waitpinga South Australia AUSTRALIA,0.3060090616092571,-0.33548718682371714,-0.0018160455550174203,0.0071614198327986465,0.21512259917671764,0.046277732676546716,0.06802773895738908,2020-04-30,Waitpinga South Australia AUSTRALIA,Waitpinga,South Australia,AUSTRALIA,-35.599651200000004,138.4955961
3710,2020-04-30|Wallabi Point New South Wales AUSTRALIA,0.598169832970335,-0.41052898827140605,0.04897074335481516,0.03801604840787154,0.31779651720036745,0.10099462634468344,0.09173995237657885,2020-04-30,Wallabi Point New South Wales AUSTRALIA,Wallabi Point,New South Wales,AUSTRALIA,-31.992048600000004,152.5590443
3711,2020-04-30|Wallamba River near entrance to Wallis Lake New South Wales AUSTRALIA,0.5965116148620174,-0.409355499166169,0.049215115553293144,0.03851587689205699,0.3168950694724718,0.10042248505596273,0.09147972683239838,2020-04-30,Wallamba River near entrance to Wallis Lake New South Wales AUSTRALIA,Wallamba River,New South Wales,AUSTRALIA,-32.098844,152.46986
3712,2020-04-30|Wamberal New South Wales AUSTRALIA,0.5717813435036758,-0.42162867825112205,0.04728233993388722,0.03882178747678631,0.30976872281581197,0.09595666163493934,0.08942252775211781,2020-04-30,Wamberal New South Wales AUSTRALIA,Wamberal,New South Wales,AUSTRALIA,-33.418,151.44299999999998
3713,2020-04-30|Wanda Beach New South Wales AUSTRALIA,0.5608930576474997,-0.4252265992802362,0.04353342125942347,0.0343568089598007,0.30657942367964525,0.09399094302374342,0.08850185639472176,2020-04-30,Wanda Beach New South Wales AUSTRALIA,Wanda Beach,New South Wales,AUSTRALIA,-34.0423701,151.16316919999997
3714,2020-04-30|Warra Beach Coral Bay Western Australia AUSTRALIA,0.43335576875363835,-0.34643689886858076,0.03939633109267376,0.008436459677907187,0.23730684046689574,0.05631453653238071,0.07155070454667459,2020-04-30,Warra Beach Coral Bay Western Australia AUSTRALIA,Warra Beach,Western Australia,AUSTRALIA,-23.1438889,113.7688889
3715,2020-04-30|Warrnambool Victoria AUSTRALIA,0.3176650995115588,-0.42250316344604494,0.0020489782401602926,0.07980027459386807,0.2455337751332329,0.060286834731176984,0.07403121867967531,2020-04-30,Warrnambool Victoria AUSTRALIA,Warrnambool,Victoria,AUSTRALIA,-38.3686779,142.4982086
3716,2020-04-30|Wategos Beach Byon Bay New South Wales AUSTRALIA,0.6168603946493023,-0.36385016742117204,0.038747455861366686,0.017296297458896027,0.3337289944349341,0.11137504172655228,0.10062307783666197,2020-04-30,Wategos Beach Byon Bay New South Wales AUSTRALIA,Wategos Beach,New South Wales,AUSTRALIA,-28.6364053,153.633824
3717,2020-04-30|Watermans Bay Western Australia AUSTRALIA,0.2428490594212597,-0.218378637152674,0.03160687802727802,0.04705323599694241,0.1690994396721967,0.028594620497450894,0.04881480350727883,2020-04-30,Watermans Bay Western Australia AUSTRALIA,Waterman's Bay,Western Australia,AUSTRALIA,-31.849601300000003,115.75490520000001
3718,2020-04-30|Watson Taylors Lake 25 miles south of Port Macquarie New South Wales AUSTRALIA,0.6001342610836085,-0.403025777781074,0.048279764273216175,0.03621435239612769,0.3173438529168116,0.10070712098408695,0.09160927945359709,2020-04-30,Watson Taylors Lake 25 miles south of Port Macquarie New South Wales AUSTRALIA,Watson Taylor's Lake,New South Wales,AUSTRALIA,-31.7016938,152.75884399999998
3719,2020-04-30|Wattamolla National Park New South Wales AUSTRALIA,0.5604059918960851,-0.4258145317828106,0.04331833445000136,0.034117611292083586,0.3065215525709051,0.09395546219047812,0.08848515044461704,2020-04-30,Wattamolla National Park New South Wales AUSTRALIA,Wattamolla National Park,New South Wales,AUSTRALIA,-34.0750773,151.0566579
3720,2020-04-30|Waverly Sydney New South Wales AUSTRALIA,0.564205167382753,-0.4230915020147429,0.045190181493181096,0.036435549585623575,0.30730837408970524,0.09443843678565823,0.08871228625245878,2020-04-30,Waverly Sydney New South Wales AUSTRALIA,Waverly,New South Wales,AUSTRALIA,-33.899693,151.25542019999997
3721,2020-04-30|Wedge Island Western Australia AUSTRALIA,0.24113254262856257,-0.2313932494109039,0.013647726787130209,0.020459576530737867,0.1744448477206975,0.030431004896297336,0.048382295630575556,2020-04-30,Wedge Island Western Australia AUSTRALIA,Wedge Island,Western Australia,AUSTRALIA,-30.8277891,115.1879896
3722,2020-04-30|Weipa Queensland AUSTRALIA,0.7014642086932448,-0.8138604542137003,0.0424254721167414,0.20107106670772382,0.44952076241640965,0.2020689158434302,0.11606576177421436,2020-04-30,Weipa Queensland AUSTRALIA,Weipa,Queensland,AUSTRALIA,-12.6492936,141.84699009999997
3723,2020-04-30|Wellington Point Brisbane Queensland AUSTRALIA,0.8625834004074823,-0.5203872638719694,0.11295714068228829,-0.0009459536867738816,0.5074346254347646,0.2574898990901198,0.15299729620014973,2020-04-30,Wellington Point Brisbane Queensland AUSTRALIA,Wellington Point,Queensland,AUSTRALIA,-27.487,153.239
3724,2020-04-30|Wellington Point Queensland AUSTRALIA,0.8625834004074823,-0.5203872638719694,0.11295714068228829,-0.0009459536867738816,0.5074346254347646,0.2574898990901198,0.15299729620014973,2020-04-30,Wellington Point Queensland AUSTRALIA,Wellington Point,Queensland,AUSTRALIA,-27.487,153.239
3725,2020-04-30|West Balmain Sydney New South Wales AUSTRALIA,0.564205167382753,-0.4230915020147429,0.045190181493181096,0.036435549585623575,0.30730837408970524,0.09443843678565823,0.08871228625245878,2020-04-30,West Balmain Sydney New South Wales AUSTRALIA,West Balmain,New South Wales,AUSTRALIA,-33.85507570000001,151.16879409999999
3726,2020-04-30|West Beach Adelaide South Australia AUSTRALIA,0.77070219355976,-0.4731222538050645,0.0613663904251048,0.011579741442282066,0.42506967147417024,0.18068422560715902,0.122707044624979,2020-04-30,West Beach Adelaide South Australia AUSTRALIA,West Beach,South Australia,AUSTRALIA,-34.945278,138.50375
3727,2020-04-30|West Beach Brighton South Australia AUSTRALIA,0.77070219355976,-0.4731222538050645,0.0613663904251048,0.011579741442282066,0.42506967147417024,0.18068422560715902,0.122707044624979,2020-04-30,West Beach Brighton South Australia AUSTRALIA,West Beach,South Australia,AUSTRALIA,-35.019,138.52
3728,2020-04-30|West Beach near Adelaide South Australia AUSTRALIA,0.7706960055184939,-0.4731196607673727,0.061366143126683065,0.011583318389831194,0.4250667667332564,0.18068175618106458,0.12270620609850473,2020-04-30,West Beach near Adelaide South Australia AUSTRALIA,West Beach,South Australia,AUSTRALIA,-34.945278,138.50375
3729,2020-04-30|Western Port Bay Victoria AUSTRALIA,0.5539802843175818,-0.6188359599713483,0.08182606559327983,0.15995047744130958,0.3612976273844357,0.13053597555362254,0.10429764121398855,2020-04-30,Western Port Bay Victoria AUSTRALIA,Western Port Bay,Victoria,AUSTRALIA,-38.3563059,145.2480193
3730,2020-04-30|Westernport Bay Victoria AUSTRALIA,0.5539802843175818,-0.6188359599713483,0.08182606559327983,0.15995047744130958,0.3612976273844357,0.13053597555362254,0.10429764121398855,2020-04-30,Westernport Bay Victoria AUSTRALIA,Westernport Bay,Victoria,AUSTRALIA,-38.3563059,145.2480193
3731,2020-04-30|Whale Bay King Island Bass Strait Tasmania AUSTRALIA,0.3245662105825054,-0.34068094280283717,0.0036894880324434,0.012755336467983245,0.20205858432138907,0.040827671497963895,0.05832928902501434,2020-04-30,Whale Bay King Island Bass Strait Tasmania AUSTRALIA,Whale Bay,Tasmania,AUSTRALIA,-39.8753477,143.9370759
3732,2020-04-30|Whale Beach New South Wales AUSTRALIA,0.5680107544038523,-0.42304753499231273,0.04654407596804514,0.038169907934712075,0.3087075676459695,0.09530036232189086,0.08911619864063756,2020-04-30,Whale Beach New South Wales AUSTRALIA,Whale Beach,New South Wales,AUSTRALIA,-33.6131448,151.3304989
3733,2020-04-30|Wharton Beach Western Australia AUSTRALIA,0.2792094405399026,-0.2571909507936799,0.03021169785678641,0.05019501806730976,0.20048259594001225,0.04019327127484622,0.06339816343936645,2020-04-30,Wharton Beach Western Australia AUSTRALIA,Wharton Beach,Western Australia,AUSTRALIA,-33.9385415,122.54341470000001
3734,2020-04-30|White Bay near Bald Rock Jetty Sydney Harbor New South Wales AUSTRALIA,0.5642058247174442,-0.423092213341209,0.04518981703834918,0.03643502644883782,0.307308702833037,0.09443863883692384,0.08871238115248432,2020-04-30,White Bay near Bald Rock Jetty Sydney Harbor New South Wales AUSTRALIA,White Bay,New South Wales,AUSTRALIA,-33.863594899999995,151.1851115
3735,2020-04-30|White Cliffs Queensland AUSTRALIA,0.9054453902415912,-0.7721252223259729,-0.020659842902106786,-0.16786915713003786,0.5327267952279237,0.2837978383538141,0.14775182892368335,2020-04-30,White Cliffs Queensland AUSTRALIA,White Cliffs,Queensland,AUSTRALIA,-31.020400199999997,143.0403618
3736,2020-04-30|Whitehaven Beach Whitsundays Island Queensland AUSTRALIA,1.092642393764887,-0.6324664575383333,0.19987153686936437,0.19083815344241678,0.5478818410206462,0.3001745117201726,0.17325545062715128,2020-04-30,Whitehaven Beach Whitsundays Island Queensland AUSTRALIA,Whitehaven Beach,Queensland,AUSTRALIA,-20.282432399999998,149.03885400000001
3737,2020-04-30|Whitsunday Passage Queensland AUSTRALIA,1.2140681234635142,-0.6900144731543173,0.3004940237286996,0.20751821994122213,0.6386855142298271,0.4079191860870187,0.19257092815777554,2020-04-30,Whitsunday Passage Queensland AUSTRALIA,Whitsunday Passage,Queensland,AUSTRALIA,-20.3518817,148.9572514
3738,2020-04-30|Wilsons Promontory Waratah Bay Victoria AUSTRALIA,0.7229847498006171,-0.7230378734863409,0.11935094152222234,0.2094106947432636,0.4293128203513768,0.18430949771805355,0.1294426857086155,2020-04-30,Wilsons Promontory Waratah Bay Victoria AUSTRALIA,Wilson's Promontory,Victoria,AUSTRALIA,-38.9333333,146.3666667
3739,2020-04-30|Windang Beach New South Wales AUSTRALIA,0.5583574939087567,-0.42908596861221227,0.04258558699902162,0.03339008511512074,0.30644049129159323,0.09390577470303302,0.08846175006890127,2020-04-30,Windang Beach New South Wales AUSTRALIA,Windang Beach,New South Wales,AUSTRALIA,-34.53432479999999,150.8745658
3740,2020-04-30|Windang Lake Illawara New South Wales AUSTRALIA,0.5589592423350466,-0.4284916866922961,0.04284834530697845,0.03368449309920744,0.3065216395820223,0.09395551553205116,0.08848517556256301,2020-04-30,Windang Lake Illawara New South Wales AUSTRALIA,Windang,New South Wales,AUSTRALIA,-34.527370899999994,150.8740205
3741,2020-04-30|Windang near the entrance to Lake Illawarra New South Wales AUSTRALIA,0.5583722232186286,-0.42908372705431985,0.0425893463113482,0.0333916152604548,0.3064443011554482,0.09390810971065101,0.08846284988186238,2020-04-30,Windang near the entrance to Lake Illawarra New South Wales AUSTRALIA,Windang,New South Wales,AUSTRALIA,-34.541667,150.85833300000002
3742,2020-04-30|Winki Pop Bells Beach Victoria AUSTRALIA,0.9881951833852222,-0.9220446077600215,0.2343264223689905,0.3316655986818743,0.5756201984031363,0.331338612809666,0.16616723824951826,2020-04-30,Winki Pop Bells Beach Victoria AUSTRALIA,Winki Pop,Victoria,AUSTRALIA,-38.3680831,144.28495519999998
3743,2020-04-30|Winkipop Beach Victoria AUSTRALIA,0.9882014765458779,-0.9220552758360772,0.2343231929019133,0.3316592796789439,0.5756255048544537,0.33134472183894476,0.16616877009006656,2020-04-30,Winkipop Beach Victoria AUSTRALIA,Winkipop Beach,Victoria,AUSTRALIA,-38.3680831,144.28495519999998
3744,2020-04-30|Winkipop Victoria AUSTRALIA,0.9882014765458779,-0.9220552758360772,0.2343231929019133,0.3316592796789439,0.5756255048544537,0.33134472183894476,0.16616877009006656,2020-04-30,Winkipop Victoria AUSTRALIA,Winkipop,Victoria,AUSTRALIA,-38.3680831,144.28495519999998
3745,2020-04-30|Wiseman’s Beach Peake Bay Port Lincoln South Australia AUSTRALIA,0.4916966939804155,-0.3300329522911757,0.06728948370525506,-0.06906619761587825,0.3009502490690203,0.09057105241470534,0.09073991424781316,2020-04-30,Wiseman’s Beach Peake Bay Port Lincoln South Australia AUSTRALIA,Wiseman’s Beach,South Australia,AUSTRALIA,-34.5047222,136.05333330000002
3746,2020-04-30|Wollongong New South Wales AUSTRALIA,0.5594219008093804,-0.42787825321192346,0.04290095110287157,0.03368428864708978,0.30656987232811633,0.09398508661927756,0.08849909915703359,2020-04-30,Wollongong New South Wales AUSTRALIA,Wollongong,New South Wales,AUSTRALIA,-34.427812100000004,150.89306069999998
3747,2020-04-30|Wombarra Beach near Austinmeer New South Wales AUSTRALIA,0.5604256244849255,-0.4271840942106935,0.043044498941884106,0.033749647980293646,0.3067868649322801,0.09411818049497707,0.08856173952624664,2020-04-30,Wombarra Beach near Austinmeer New South Wales AUSTRALIA,Wombarra Beach near Austinmeer,New South Wales,AUSTRALIA,-34.2794078,150.9559166
3748,2020-04-30|Woodman Point Western Australia AUSTRALIA,0.2429366266098307,-0.2207652797661178,0.01164807678469233,0.0186599474133285,0.1645812081331698,0.027086974070573755,0.04962310135646479,2020-04-30,Woodman Point Western Australia AUSTRALIA,Woodman Point,Western Australia,AUSTRALIA,-32.129142,115.76663
3749,2020-04-30|Woodman’s Point Western Australia AUSTRALIA,0.2429366266098307,-0.2207652797661178,0.01164807678469233,0.0186599474133285,0.1645812081331698,0.027086974070573755,0.04962310135646479,2020-04-30,Woodman’s Point Western Australia AUSTRALIA,Woodman’s Point,Western Australia,AUSTRALIA,-32.1348873,115.7561545
3750,2020-04-30|Woolgoolga Coffs Harbour New South Wales AUSTRALIA,0.6068165466979292,-0.3862257091375812,0.04695638596178001,0.03213036454530951,0.31839920152273293,0.1013780515303139,0.09191393235445589,2020-04-30,Woolgoolga Coffs Harbour New South Wales AUSTRALIA,Woolgoolga,New South Wales,AUSTRALIA,-30.1130375,153.18379240000002
3751,2020-04-30|Woolloomooloo Sydney Harbor Estuary New South Wales AUSTRALIA,0.5642058247174442,-0.423092213341209,0.04518981703834918,0.03643502644883782,0.307308702833037,0.09443863883692384,0.08871238115248432,2020-04-30,Woolloomooloo Sydney Harbor Estuary New South Wales AUSTRALIA,Woolloomooloo,New South Wales,AUSTRALIA,-33.852306299999995,151.2107871
3752,2020-04-30|Woorim Beach Bribie Island Queensland AUSTRALIA,0.7000663980076509,-0.41007040704981107,0.01589706305520025,-0.034178193752413086,0.366587197285482,0.13438617321362492,0.10582460851712175,2020-04-30,Woorim Beach Bribie Island Queensland AUSTRALIA,Woorim Beach,Queensland,AUSTRALIA,-27.060907899999997,153.2006374
3753,2020-04-30|Woy Woy New South Wales AUSTRALIA,0.5693737915328417,-0.42238860782551046,0.04674347366794845,0.03828616853759771,0.3090688928444788,0.09552358052411193,0.08922050424094972,2020-04-30,Woy Woy New South Wales AUSTRALIA,Woy Woy,New South Wales,AUSTRALIA,-33.49,151.32
3754,2020-04-30|Woy Woy on the Brisbane Waters New South Wales AUSTRALIA,0.5693737915328417,-0.42238860782551046,0.04674347366794845,0.03828616853759771,0.3090688928444788,0.09552358052411193,0.08922050424094972,2020-04-30,Woy Woy on the Brisbane Waters New South Wales AUSTRALIA,Woy Woy on the Brisbane Waters,New South Wales,AUSTRALIA,-33.49,151.32
3755,2020-04-30|Wreck Point Abrolhos Islands Western Australia AUSTRALIA,0.2563842396423813,-0.2382653688266288,0.004866195380730889,-0.0033944389668745757,0.17302284522054884,0.029936904968214002,0.04624230049286507,2020-04-30,Wreck Point Abrolhos Islands Western Australia AUSTRALIA,Wreck Point,Western Australia,AUSTRALIA,-28.3001002,113.59516979999998
3756,2020-04-30|Wreck of paddle steamer Koputai 6 km off Bondi Beach New South Wales AUSTRALIA,0.5642189812467298,-0.4230886561396906,0.04519705767112538,0.03644611789064513,0.30731270849724285,0.09444110080391135,0.08871353748813808,2020-04-30,Wreck of paddle steamer Koputai 6 km off Bondi Beach New South Wales AUSTRALIA,Wreck of paddle steamer,New South Wales,AUSTRALIA,-33.8914755,151.2766845
3757,2020-04-30|Wrights Bay South Australia AUSTRALIA,0.3039686113680407,-0.3166945092988218,0.011764824974111087,0.022510258440785427,0.19707467757857713,0.038838428542700136,0.062320485029162064,2020-04-30,Wrights Bay South Australia AUSTRALIA,Wrights Bay,South Australia,AUSTRALIA,-37.033055600000004,139.7411111
3758,2020-04-30|Wurtulla Queensland AUSTRALIA,0.6253326622515291,-0.3561530134654868,0.025045827492996886,-0.030931444874168913,0.3390325179750457,0.11494304824449966,0.10222215035024083,2020-04-30,Wurtulla Queensland AUSTRALIA,Wurtulla,Queensland,AUSTRALIA,-26.756999999999998,153.126
3759,2020-04-30|Wyargine Point Edwards Beach Balmoral Beach Sydney New South Wales AUSTRALIA,0.5656121702426242,-0.4229312158969277,0.04549392508648371,0.036765418059460965,0.3077602028876661,0.0947163424814574,0.08884271799152393,2020-04-30,Wyargine Point Edwards Beach Balmoral Beach Sydney New South Wales AUSTRALIA,Wyargine Point,New South Wales,AUSTRALIA,-33.8200713,151.2505994
3760,2020-04-30|Wynnum-Manley Queensland AUSTRALIA,0.8287997786558853,-0.5716298841385824,0.06710178106622651,0.007762758105059011,0.5029303290093686,0.25293891583747175,0.14518348041859302,2020-04-30,Wynnum-Manley Queensland AUSTRALIA,Wynnum-Manley,Queensland,AUSTRALIA,-27.45,153.183333
3761,2020-04-30|Wynyard Tasmania AUSTRALIA,1.2324357658077691,-1.2268418334275635,0.22683257606438553,0.42874335534630076,0.8454163246680328,0.7147287620152047,0.25490261277864973,2020-04-30,Wynyard Tasmania AUSTRALIA,Wynyard,Tasmania,AUSTRALIA,-41.0,145.7166671
3762,2020-04-30|Yallingup Western Australia AUSTRALIA,0.26141112174983605,-0.25463752887892555,0.017813053845423917,0.03478690758311144,0.18424677869425723,0.0339468754592106,0.05555249397822715,2020-04-30,Yallingup Western Australia AUSTRALIA,Yallingup,Western Australia,AUSTRALIA,-33.6726029,115.0308297
3763,2020-04-30|Yandaran Beach Queensland AUSTRALIA,0.8116095234330789,-0.49348553171391507,0.03289780248201274,0.02296469424791812,0.42922186943157065,0.18423141319833228,0.12941526297449416,2020-04-30,Yandaran Beach Queensland AUSTRALIA,Yandaran Beach,Queensland,AUSTRALIA,-24.608613199999997,152.13039619999998
3764,2020-04-30|Yeppoon Queensland AUSTRALIA,1.3535587468272834,-0.8552389376292184,0.2552203471392444,0.360979723654967,0.7438714130544591,0.5533446791596378,0.22428566994301097,2020-04-30,Yeppoon Queensland AUSTRALIA,Yeppoon,Queensland,AUSTRALIA,-23.133333,150.73333300000002
3765,2020-04-30|Yeppoon near Ross Creek Queensland AUSTRALIA,1.3535586935996897,-0.8552387797561459,0.255221768507094,0.36097882231373946,0.7438719296062242,0.5533454476560873,0.2242858256892282,2020-04-30,Yeppoon near Ross Creek Queensland AUSTRALIA,Yeppoon,Queensland,AUSTRALIA,-23.153185999999998,150.74771280000002
3766,2020-04-30|Yorkey’s Knob Beach near Cairns Queensland AUSTRALIA,0.6245221901143299,-0.32646442791391744,0.09721850054146138,0.019737402139857987,0.37351422162518616,0.13951287375626867,0.1181155678800507,2020-04-30,Yorkey’s Knob Beach near Cairns Queensland AUSTRALIA,Yorkey’s Knob Beach near Cairns,Queensland,AUSTRALIA,-16.8182895,145.7326612
3767,2020-04-30|near Schouten Island Tasmania AUSTRALIA,0.3924790652055365,-0.44450081249453527,0.04469347141057848,0.09582899438289649,0.2621509793779527,0.06872313598881978,0.0756764692560925,2020-04-30,near Schouten Island Tasmania AUSTRALIA,near Schouten Island,Tasmania,AUSTRALIA,-42.317857000000004,148.281927
3768,2020-05-01|1 km off Blacks Beach Queensland AUSTRALIA,1.6265088028236512,-1.405020816158756,0.11261407054289573,-0.056578617668314866,1.0235936318851373,1.047743923235806,0.2838937942307903,2020-05-01,1 km off Blacks Beach Queensland AUSTRALIA,1 km off Black's Beach,Queensland,AUSTRALIA,-21.062778,149.1875
3769,2020-05-01|10 miles off Nambucca Heads onboard trawler New South Wales AUSTRALIA,0.6006028344669244,-0.4366050113783308,0.04767929352094088,0.005633021930820102,0.34943295164035343,0.12210338769208956,0.10087260434664178,2020-05-01,10 miles off Nambucca Heads onboard trawler New South Wales AUSTRALIA,10 miles off Nambucca Heads onboard trawler,New South Wales,AUSTRALIA,-30.6419702,152.9978834
3770,2020-05-01|15 km north of Lancelin north of Perth Western Australia AUSTRALIA,0.19734599000435318,-0.23704884775934548,0.014686076928933681,0.04503191830162715,0.15485789191971064,0.023980966689816783,0.04294985151744441,2020-05-01,15 km north of Lancelin north of Perth Western Australia AUSTRALIA,15 km north of Lancelin,Western Australia,AUSTRALIA,-31.045409799999998,115.35327749999999
3771,2020-05-01|15 miles off shore New South Wales AUSTRALIA,0.563143100233352,-0.4619159928150235,0.07497706754838745,0.033666917163434215,0.3392249515721541,0.11507356776913027,0.10228017126284693,2020-05-01,15 miles off shore New South Wales AUSTRALIA,1.5 miles off shore,New South Wales,AUSTRALIA,-31.2532183,146.921099
3772,2020-05-01|15 miles up the Cataract River New South Wales AUSTRALIA,0.5556887739998563,-0.4642739225650795,0.07160389885785089,0.032182374295034476,0.3371660516701044,0.1136809463988075,0.1016593895850289,2020-05-01,15 miles up the Cataract River New South Wales AUSTRALIA,15 miles up the Cataract River,New South Wales,AUSTRALIA,-34.229766399999995,150.7616844
3773,2020-05-01|150 yards from the pier at Lorne Victoria AUSTRALIA,0.8003203495173964,-0.9122401999865721,0.082664317050729,0.16875098681634598,0.5154402992928465,0.26567870213509914,0.1487947977739531,2020-05-01,150 yards from the pier at Lorne Victoria AUSTRALIA,150 yards from the pier at Lorne,Victoria,AUSTRALIA,-38.5366556,143.97154840000002
3774,2020-05-01|18 km west of Bunbury Western Australia AUSTRALIA,0.225871917223424,-0.25317469521369707,0.022092581317369908,0.07651634412725003,0.1699933379709464,0.028897734954504404,0.04714766896473283,2020-05-01,18 km west of Bunbury Western Australia AUSTRALIA,18 km west of Bunbury,Western Australia,AUSTRALIA,-33.3209971,115.63834820000001
3775,2020-05-01|18 miles south of Port Augusta South Australia AUSTRALIA,0.6507564767210005,-0.5811899150878082,-0.01158239456436015,-0.14727507529558598,0.41696467726456016,0.17385954208633883,0.10765981673349279,2020-05-01,18 miles south of Port Augusta South Australia AUSTRALIA,18 miles south of Port Augusta,South Australia,AUSTRALIA,-32.495233899999995,137.78943940000002
3776,2020-05-01|20 k off The Spit off the Gold Coast Queensland AUSTRALIA,0.6282676846850158,-0.4255337306488269,0.03904989994662414,-0.011251009010421077,0.35938695058023507,0.12915898024736033,0.10374607633036873,2020-05-01,20 k off The Spit off the Gold Coast Queensland AUSTRALIA,20 k off The Spit,Queensland,AUSTRALIA,-27.9352516,153.43347680000002
3777,2020-05-01|20 miles off Sydney New South Wales AUSTRALIA,0.5595231257566875,-0.4614589397277809,0.07353839837875009,0.03307411976225039,0.3377879682920006,0.11410071152283759,0.10184690450191208,2020-05-01,20 miles off Sydney New South Wales AUSTRALIA,20 miles off Sydney,New South Wales,AUSTRALIA,-33.8688197,151.2092955
3778,2020-05-01|200 km east of Coolangatta Queensland AUSTRALIA,0.6232881995276013,-0.4249333798139857,0.041630472296467304,-0.00660102090940474,0.35703026735759086,0.1274706118094328,0.10306576048387457,2020-05-01,200 km east of Coolangatta Queensland AUSTRALIA,200 km east of Coolangatta,Queensland,AUSTRALIA,-28.166666999999997,153.533333
3779,2020-05-01|200 miles offshore Queensland AUSTRALIA,1.5191623895730302,-1.2285765627018297,0.13866356339519822,0.12196363283876278,1.0422184903513998,1.0862193816303507,0.3142406983696575,2020-05-01,200 miles offshore Queensland AUSTRALIA,200 miles offshore,Queensland,AUSTRALIA,-20.9175738,142.7027956
3780,2020-05-01|26 nautical miles out to sea off Lake Macquarie New South Wales AUSTRALIA,0.5980317416700417,-0.44601844492369747,0.048072419668275274,0.007742420261684582,0.3490206441110231,0.12181541001567346,0.1007535814151179,2020-05-01,26 nautical miles out to sea off Lake Macquarie New South Wales AUSTRALIA,26 nautical miles out to sea off Lake Macquarie,New South Wales,AUSTRALIA,-31.433333,152.9
3781,2020-05-01|3 km off Port Victoria Yorke Peninsula South Australia AUSTRALIA,0.3491184235984875,-0.3742212801222208,0.0012746649407427374,0.014452442637888871,0.2763002254076102,0.07634181456029618,0.08330765246978772,2020-05-01,3 km off Port Victoria Yorke Peninsula South Australia AUSTRALIA,3 km off Port Victoria,South Australia,AUSTRALIA,-34.496666999999995,137.48333300000002
3782,2020-05-01|3 km west of Rottnest Island Western Australia AUSTRALIA,0.1955757166841152,-0.23933248009490515,0.013749959527360725,0.046655408582107934,0.15604470734765866,0.024349950691216437,0.04327901489282736,2020-05-01,3 km west of Rottnest Island Western Australia AUSTRALIA,3 km west of Rottnest Island,Western Australia,AUSTRALIA,-32.0063677,115.5073002
3783,2020-05-01|3 miles out to sea off Glenelg South Australia AUSTRALIA,0.5025168272252691,-0.3721933299276749,-0.024957431832211597,-0.09151030521266651,0.2943761638200596,0.08665732582541458,0.0849790787122604,2020-05-01,3 miles out to sea off Glenelg South Australia AUSTRALIA,3 miles out to sea off Glenelg,South Australia,AUSTRALIA,-34.982,138.516
3784,2020-05-01|5 miles south of Sussex Inlet at mouth of Berara Lake New South Wales AUSTRALIA,0.5411898314685091,-0.46944392435578125,0.06713784441313811,0.029887133494411022,0.3336099588204021,0.1112956046241504,0.1005871872484718,2020-05-01,5 miles south of Sussex Inlet at mouth of Berara Lake New South Wales AUSTRALIA,5 miles south of Sussex Inlet at mouth of Berara Lake,New South Wales,AUSTRALIA,-35.206926200000005,150.5515985
3785,2020-05-01|5 nm off Cervantes Western Australia AUSTRALIA,1.168093954151997,-0.8620072644059954,0.1262312037937879,-0.06975294876128688,0.7491109380897059,0.5611671975656392,0.23688967845088546,2020-05-01,5 nm off Cervantes Western Australia AUSTRALIA,5 nm off Cervantes,Western Australia,AUSTRALIA,34.5199402,-105.87009009999998
3786,2020-05-01|50 km east of Townsville Queensland AUSTRALIA,0.9659902582171169,-0.5657434275068264,0.20807608273635225,0.1255974031450413,0.5002157237709416,0.25021577030768694,0.1508207154531158,2020-05-01,50 km east of Townsville Queensland AUSTRALIA,50 km east of Townsville,Queensland,AUSTRALIA,-19.2589635,146.8169483
3787,2020-05-01|55 miles south of Adelaide South Australia AUSTRALIA,0.502521904008388,-0.37219263271980796,-0.02495738672867683,-0.09151415134938216,0.2943787048395827,0.08665882186303017,0.08497981224141324,2020-05-01,55 miles south of Adelaide South Australia AUSTRALIA,55 miles south of Adelaide,South Australia,AUSTRALIA,-34.9284989,138.6007456
3788,2020-05-01|6 km off Collendina south of Melbourne Victoria AUSTRALIA,0.5120749235084671,-0.5629676511163363,0.06160225548801331,0.035887747549349425,0.3449705696907671,0.11900469395277243,0.0956776213496988,2020-05-01,6 km off Collendina south of Melbourne Victoria AUSTRALIA,6 km off Collendina,Victoria,AUSTRALIA,-37.835,144.96
3789,2020-05-01|7 Mile Beach Gerroa New South Wales AUSTRALIA,0.552128388730865,-0.4671563524469338,0.07051943795817334,0.031212276125333727,0.33678627553899765,0.11342499539142965,0.10154488277310036,2020-05-01,7 Mile Beach Gerroa New South Wales AUSTRALIA,7 Mile Beach,New South Wales,AUSTRALIA,-34.7699,150.813133
3790,2020-05-01|7 km off Trigg surf beach Perth Western Australia AUSTRALIA,0.1977714717225249,-0.2427993568158452,0.012448454193110995,0.044768250926526434,0.1574954388374368,0.024804813254596794,0.043681375413852384,2020-05-01,7 km off Trigg surf beach Perth Western Australia AUSTRALIA,7 km off Trigg surf beach,Western Australia,AUSTRALIA,-31.8744999,115.7531233
3791,2020-05-01|A pearl farm in Roebuck Bay Western Australia AUSTRALIA,1.4955800497594627,-1.764747426859543,0.2333204231671725,0.4945842750583067,1.131822406262842,1.2810219593186096,0.3267289854653509,2020-05-01,A pearl farm in Roebuck Bay Western Australia AUSTRALIA,A pearl farm in Roebuck Bay,Western Australia,AUSTRALIA,-18.0858333,122.28305559999998
3792,2020-05-01|Adelaide South Australia AUSTRALIA,0.502521904008388,-0.37219263271980796,-0.02495738672867683,-0.09151415134938216,0.2943787048395827,0.08665882186303017,0.08497981224141324,2020-05-01,Adelaide South Australia AUSTRALIA,Adelaide,South Australia,AUSTRALIA,-34.9284989,138.6007456
3793,2020-05-01|African Reef off Geraldton Western Australia AUSTRALIA,0.23604028145737205,-0.2657268996421351,0.012730229627258166,0.022042513950262292,0.1689956699200308,0.028559536451719995,0.04363449434542966,2020-05-01,African Reef off Geraldton Western Australia AUSTRALIA,African Reef off Geraldton,Western Australia,AUSTRALIA,-28.802443,114.61852209999999
3794,2020-05-01|Albany Western Australia AUSTRALIA,0.1972259674719,-0.2750161996667951,0.04888100050935473,0.12439467619555261,0.1630228986942407,0.026576465498672663,0.042092331446216866,2020-05-01,Albany Western Australia AUSTRALIA,Albany,Western Australia,AUSTRALIA,-35.0269344,117.8837206
3795,2020-05-01|Albany incident took place 200 metres from swimmers Western Australia AUSTRALIA,0.1972259674719,-0.2750161996667951,0.04888100050935473,0.12439467619555261,0.1630228986942407,0.026576465498672663,0.042092331446216866,2020-05-01,Albany incident took place 200 metres from swimmers Western Australia AUSTRALIA,Albany (incident took place 200 metres from swimmers),Western Australia,AUSTRALIA,-35.0269344,117.8837206
3796,2020-05-01|Albert Park in Port Phillip Bay Victoria AUSTRALIA,0.5120749707455647,-0.562966391217682,0.061601136862380716,0.03588840168495467,0.3449693831123715,0.11900387528493017,0.09567729225206437,2020-05-01,Albert Park in Port Phillip Bay Victoria AUSTRALIA,Albert Park in Port Phillip Bay,Victoria,AUSTRALIA,-37.8438609,144.95145359999998
3797,2020-05-01|Aldinga Beach South Australia AUSTRALIA,0.4819614663517393,-0.278495322473116,0.04643428202045021,-0.07680803205880701,0.2932194683371845,0.08597765661194115,0.08464516948805621,2020-05-01,Aldinga Beach South Australia AUSTRALIA,Aldinga Beach,South Australia,AUSTRALIA,-35.281,138.454
3798,2020-05-01|Alexandra Headland near Mooloolaba Queensland AUSTRALIA,0.6325304790920048,-0.41918099495946265,0.02855350966831431,-0.03141605087900347,0.364934164012643,0.13317694406360664,0.10534741891459524,2020-05-01,Alexandra Headland near Mooloolaba Queensland AUSTRALIA,Alexandra Headland near Mooloolaba,Queensland,AUSTRALIA,-26.673000000000002,153.101
3799,2020-05-01|Alma Bay Magnetic Island Townsville Queensland AUSTRALIA,0.9697243907350691,-0.5659125789194291,0.21225460355278064,0.13395947591922083,0.5015944634261392,0.2515970057397565,0.1512364211003771,2020-05-01,Alma Bay Magnetic Island Townsville Queensland AUSTRALIA,Alma Bay,Queensland,AUSTRALIA,-19.148322,146.868517
3800,2020-05-01|Altona Melbourne Victoria AUSTRALIA,0.5090785140866434,-0.5585283415778335,0.06249214769640022,0.0373506166150182,0.34255158914339284,0.11734159122466382,0.09500671685755205,2020-05-01,Altona Melbourne Victoria AUSTRALIA,Altona,Victoria,AUSTRALIA,-37.863151200000004,144.81202180000002
3801,2020-05-01|Amity Point North Stradbroke Island Queensland AUSTRALIA,0.828617321556078,-0.6251270885236195,0.027908027881966047,0.01990546053122624,0.5031784880807675,0.2531885908672471,0.15171402250383842,2020-05-01,Amity Point North Stradbroke Island Queensland AUSTRALIA,Amity Point,Queensland,AUSTRALIA,-27.397250800000002,153.45375990000002
3802,2020-05-01|Anglesea Victoria AUSTRALIA,0.8496554088804888,-0.9818170434298127,0.07163335113853216,0.15714817778992501,0.5554087739096458,0.3084789061358161,0.160332702563507,2020-05-01,Anglesea Victoria AUSTRALIA,Anglesea,Victoria,AUSTRALIA,-38.4096639,144.18251709999998
3803,2020-05-01|Angourie New South Wales AUSTRALIA,0.615164763921817,-0.44156408058449514,0.046040445877555645,0.0015803658064167357,0.35692539156897285,0.12739573514666458,0.10303548545147953,2020-05-01,Angourie New South Wales AUSTRALIA,Angourie,New South Wales,AUSTRALIA,-29.479166999999997,153.359444
3804,2020-05-01|Angourie near Yamba New South Wales AUSTRALIA,0.6151848792104934,-0.4415622663794143,0.04604514453205941,0.001582340967188317,0.35692997365734525,0.12739900609503316,0.10303680818645716,2020-05-01,Angourie near Yamba New South Wales AUSTRALIA,Angourie,New South Wales,AUSTRALIA,-29.479166999999997,153.359444
3805,2020-05-01|Arakoons Little Bay New South Wales AUSTRALIA,0.5580897670373153,-0.46199711576248786,0.07247075077517974,0.03227106234632749,0.3374347371575713,0.11386220184059923,0.10174040130762357,2020-05-01,Arakoons Little Bay New South Wales AUSTRALIA,Arakoon's Little Bay,New South Wales,AUSTRALIA,-33.980540000000005,151.24301
3806,2020-05-01|Archies Beach Queensland AUSTRALIA,1.5192042462584494,-1.2284502883557333,0.13867653412325795,0.12195907224546171,1.042225542597596,1.086234081642853,0.3142428247018904,2020-05-01,Archies Beach Queensland AUSTRALIA,Archie's Beach,Queensland,AUSTRALIA,-20.9175738,142.7027956
3807,2020-05-01|Ardrossan South Australia AUSTRALIA,0.550619497606694,-0.4393875122336442,0.04878204910612047,-0.06095098768414593,0.35053677789594945,0.12287603265767419,0.10119125153954524,2020-05-01,Ardrossan South Australia AUSTRALIA,Ardrossan,South Australia,AUSTRALIA,-34.419107399999994,137.91780119999999
3808,2020-05-01|Arlington Reef near Cairns Queensland AUSTRALIA,0.778643794364868,-0.44457926600019343,0.15957563632858232,0.10097741723425509,0.41422585585773114,0.17158305966106985,0.12489379475853943,2020-05-01,Arlington Reef near Cairns Queensland AUSTRALIA,Arlington Reef near Cairns,Queensland,AUSTRALIA,-16.688272899999998,146.0357725
3809,2020-05-01|Arrawarra Headland New South Wales AUSTRALIA,0.6043969333361637,-0.4368425513172555,0.04651980178022194,0.0031984339861564487,0.35167870102579474,0.12367790875519033,0.10152089635275026,2020-05-01,Arrawarra Headland New South Wales AUSTRALIA,Arrawarra Headland,New South Wales,AUSTRALIA,-30.068610999999997,153.195278
3810,2020-05-01|At Flat Top near Mackay Queensland AUSTRALIA,1.6632836619532227,-1.4612428539312121,0.10024256311351597,-0.08964112452112723,1.0594485291914761,1.122431186005982,0.2938381535165211,2020-05-01,At Flat Top near Mackay Queensland AUSTRALIA,At Flat Top,Queensland,AUSTRALIA,-21.162427899999997,149.24560830000001
3811,2020-05-01|Auckland Creek Gladstone Queensland AUSTRALIA,1.0156296879726814,-0.6612601131315232,0.21819042301720934,0.3741209204715142,0.5750821971871628,0.33071953352161476,0.17339380651663605,2020-05-01,Auckland Creek Gladstone Queensland AUSTRALIA,Auckland Creek,Queensland,AUSTRALIA,-23.875737899999997,151.24061310000002
3812,2020-05-01|Austinmer New South Wales AUSTRALIA,0.5561202564482014,-0.46420980943025436,0.07160117638834756,0.03180064165175475,0.3373077304591223,0.11377650502748393,0.10170210734720385,2020-05-01,Austinmer New South Wales AUSTRALIA,Austinmer,New South Wales,AUSTRALIA,-34.306311,150.93451000000002
3813,2020-05-01|Avalon Beach New South Wales AUSTRALIA,0.5631405209787653,-0.46191333413045343,0.07498156529523604,0.03367210436630307,0.33922461904893497,0.11507334216889506,0.10228007100332404,2020-05-01,Avalon Beach New South Wales AUSTRALIA,Avalon Beach,New South Wales,AUSTRALIA,-33.6302836,151.3297698
3814,2020-05-01|Avalon Beach near Mandurah 50 miles south of Perth Western Australia AUSTRALIA,0.2009189543689429,-0.21222342948521508,0.02358200739520441,0.0554108187974732,0.14073089433886452,0.01980518462141665,0.042431961175742224,2020-05-01,Avalon Beach near Mandurah 50 miles south of Perth Western Australia AUSTRALIA,Avalon Beach,Western Australia,AUSTRALIA,-32.5933864,115.6364088
3815,2020-05-01|Avalon New South Wales AUSTRALIA,0.5631241880867909,-0.4619186506910682,0.07497203170052845,0.03366173111564605,0.3392209511722612,0.11507085371421362,0.10227896509689638,2020-05-01,Avalon New South Wales AUSTRALIA,Avalon,New South Wales,AUSTRALIA,-33.6302836,151.3297698
3816,2020-05-01|Avalon Point Manurah Western Australia AUSTRALIA,0.20157055154056788,-0.2123330693313344,0.024281161177386826,0.05676152539388055,0.14069699703204136,0.019795644973834257,0.04242174075318441,2020-05-01,Avalon Point Manurah Western Australia AUSTRALIA,Avalon Point,Western Australia,AUSTRALIA,-32.5947053,115.6329821
3817,2020-05-01|Avoca Beach New South Wales AUSTRALIA,0.5668647749433804,-0.46130932390437485,0.0474360318590848,0.012426772945870692,0.3389549429660601,0.11489045336112506,0.09784786378230453,2020-05-01,Avoca Beach New South Wales AUSTRALIA,Avoca Beach,New South Wales,AUSTRALIA,-33.465,151.435
3818,2020-05-01|Backbeach Halls Head Western Australia AUSTRALIA,0.20135638025800467,-0.21284183166889153,0.022862499522908784,0.05457001536292136,0.14090687341607344,0.019854746975893345,0.04248502086392904,2020-05-01,Backbeach Halls Head Western Australia AUSTRALIA,Backbeach,Western Australia,AUSTRALIA,-32.5293276,115.6941929
3819,2020-05-01|Badger Head Tasmania AUSTRALIA,1.2353231886541598,-1.3838245657074684,0.20812500736589384,0.3095152053717736,0.925895019683687,0.8572815874750552,0.2567970745512518,2020-05-01,Badger Head Tasmania AUSTRALIA,Badger Head,Tasmania,AUSTRALIA,-41.1291591,146.731436
3820,2020-05-01|Bald Island Western Australia AUSTRALIA,0.19624167865557218,-0.274220688213844,0.04512489150998061,0.1203021793028896,0.16388467156982317,0.02685818557554881,0.04231484024590648,2020-05-01,Bald Island Western Australia AUSTRALIA,Bald Island,Western Australia,AUSTRALIA,-34.9233188,118.46887759999998
3821,2020-05-01|Balmain Sydney Estuary New South Wales AUSTRALIA,0.5595231257566875,-0.4614589397277809,0.07353839837875009,0.03307411976225039,0.3377879682920006,0.11410071152283759,0.10184690450191208,2020-05-01,Balmain Sydney Estuary New South Wales AUSTRALIA,Balmain,New South Wales,AUSTRALIA,-33.85895,151.17906000000002
3822,2020-05-01|Bantry Bay near Ironstone Point Middle Harbor Sydney New South Wales AUSTRALIA,0.5610659484936477,-0.4616442063433277,0.07389262855804633,0.0326953757121015,0.3383554795715908,0.11448443055612119,0.10201801559088437,2020-05-01,Bantry Bay near Ironstone Point Middle Harbor Sydney New South Wales AUSTRALIA,Bantry Bay,New South Wales,AUSTRALIA,-33.7806576,151.2151164
3823,2020-05-01|Bar Beach Newcastle New South Wales AUSTRALIA,0.5740242364762262,-0.45872048105985147,0.04771001010371694,0.011120744025680668,0.3415950628905901,0.11668718699122621,0.09861000075686467,2020-05-01,Bar Beach Newcastle New South Wales AUSTRALIA,Bar Beach,New South Wales,AUSTRALIA,-32.94,151.767778
3824,2020-05-01|Bargara Queensland AUSTRALIA,0.8689378164309031,-0.5836401712341838,0.15114051747412932,0.24369401663627732,0.5390059101786127,0.2905273712074746,0.1625163967133148,2020-05-01,Bargara Queensland AUSTRALIA,Bargara,Queensland,AUSTRALIA,-24.8312314,152.4592208
3825,2020-05-01|Barren Joey Island Tasmania AUSTRALIA,1.2127430993580788,-1.3534709903020024,0.1489708324117036,0.2597946924562883,0.8885641890828685,0.7895463181204957,0.25650638687962785,2020-05-01,Barren Joey Island Tasmania AUSTRALIA,Barren Joey Island,Tasmania,AUSTRALIA,-40.94228579999999,146.98485580000002
3826,2020-05-01|Barrier Reef Queensland AUSTRALIA,0.768462979041371,-0.510181783070088,0.12972122330095126,0.06775014748529985,0.43808803316903183,0.19192112480591073,0.12646512193944712,2020-05-01,Barrier Reef Queensland AUSTRALIA,Barrier Reef,Queensland,AUSTRALIA,-18.2870668,147.6991918
3827,2020-05-01|Barrier Reef off Mackay Queensland AUSTRALIA,1.647288566649774,-1.4419338746094903,0.0983431023761574,-0.09012359002939663,1.0454623662942661,1.0929915593376065,0.28995908986476093,2020-05-01,Barrier Reef off Mackay Queensland AUSTRALIA,Barrier Reef off Mackay,Queensland,AUSTRALIA,-21.1424956,149.1821469
3828,2020-05-01|Barrow Passage Western Australia AUSTRALIA,0.5362961221153068,-0.5805260839202668,0.03401858601938527,0.024531114118210847,0.3453774979632015,0.11928561609932127,0.09579048294598327,2020-05-01,Barrow Passage Western Australia AUSTRALIA,Barrow Passage,Western Australia,AUSTRALIA,-20.780434200000002,115.4022706
3829,2020-05-01|Barrow Point 100 miles north of Cooktown Queensland Queensland AUSTRALIA,0.7726148909153561,-0.4603216375838054,0.14065782039951896,0.06498730766749537,0.41348268336385624,0.170967929441775,0.12466971982065798,2020-05-01,Barrow Point 100 miles north of Cooktown Queensland Queensland AUSTRALIA,Barrow Point,Queensland,AUSTRALIA,-15.4758164,145.2470981
3830,2020-05-01|Bass Point New South Wales AUSTRALIA,0.552599693305711,-0.46561740782383765,0.07120251212709329,0.032241877633303107,0.336506446771209,0.11323658871858451,0.10146051122507287,2020-05-01,Bass Point New South Wales AUSTRALIA,Bass Point,New South Wales,AUSTRALIA,-34.5959607,150.9018394
3831,2020-05-01|Batemans Bay New South Wales AUSTRALIA,0.5373074361040283,-0.4708095070050513,0.06643843297980974,0.03100419747402759,0.3326865001391597,0.1106803073748431,0.10030875397982839,2020-05-01,Batemans Bay New South Wales AUSTRALIA,Bateman's Bay,New South Wales,AUSTRALIA,-35.7143871,150.1794707
3832,2020-05-01|Bathurst Reef Rottnest Island Western Australia AUSTRALIA,0.19561897813274445,-0.24007196995743993,0.013344145888191387,0.0462456468602152,0.1561452125387102,0.02438132739875898,0.043306890017426325,2020-05-01,Bathurst Reef Rottnest Island Western Australia AUSTRALIA,Bathurst Reef,Western Australia,AUSTRALIA,-31.989356899999997,115.5407453
3833,2020-05-01|Batt Reef Queensland AUSTRALIA,0.7951955318711056,-0.4605860066761386,0.1564861558557096,0.08122517431862501,0.4230149073575859,0.17894161184674698,0.12754379349382383,2020-05-01,Batt Reef Queensland AUSTRALIA,Batt Reef,Queensland,AUSTRALIA,-16.415952800000003,145.7710071
3834,2020-05-01|Beechford Tasmania AUSTRALIA,1.218770804036097,-1.3680681337353897,0.14149797042423073,0.25341264636477706,0.8999175837066943,0.8098516574644951,0.2597838296007688,2020-05-01,Beechford Tasmania AUSTRALIA,Beechford,Tasmania,AUSTRALIA,-41.042725299999994,146.9720846
3835,2020-05-01|Beecroft Head New South Wales AUSTRALIA,0.5484513570648727,-0.46782983388841104,0.06901758353957163,0.02928249930598172,0.3356671703024472,0.11267244921885207,0.10120745984850402,2020-05-01,Beecroft Head New South Wales AUSTRALIA,Beecroft Head,New South Wales,AUSTRALIA,-35.0135426,150.84937340000002
3836,2020-05-01|Belfast now Port Fairy South Australia AUSTRALIA,0.22900691944668414,-0.33281564523318774,0.0005701608307373201,0.07308368078198373,0.2024738606121962,0.040995664231207055,0.06749128687073207,2020-05-01,Belfast now Port Fairy South Australia AUSTRALIA,Belfast (now Port Fairy),South Australia,AUSTRALIA,-38.3860016,142.2356621
3837,2020-05-01|Bellambi New South Wales AUSTRALIA,0.5556887739998563,-0.4642739225650795,0.07160389885785089,0.032182374295034476,0.3371660516701044,0.1136809463988075,0.1016593895850289,2020-05-01,Bellambi New South Wales AUSTRALIA,Bellambi,New South Wales,AUSTRALIA,-34.366667,150.916667
3838,2020-05-01|Bellambi Reef New South Wales AUSTRALIA,0.5556887739998563,-0.4642739225650795,0.07160389885785089,0.032182374295034476,0.3371660516701044,0.1136809463988075,0.1016593895850289,2020-05-01,Bellambi Reef New South Wales AUSTRALIA,Bellambi Reef,New South Wales,AUSTRALIA,-34.373611100000005,150.93472219999998
3839,2020-05-01|Bellingen New South Wales AUSTRALIA,0.6004603987946137,-0.43571573999016106,0.04741384363569256,0.00515043530868581,0.3493192992553011,0.1220239728322146,0.10083979572908977,2020-05-01,Bellingen New South Wales AUSTRALIA,Bellingen,New South Wales,AUSTRALIA,-30.4522423,152.8979566
3840,2020-05-01|Bellinger Head New South Wales AUSTRALIA,0.600443515940594,-0.4357195355727817,0.0474058915933342,0.005140815506783769,0.3493147845917608,0.12202081873438826,0.10083849245798462,2020-05-01,Bellinger Head New South Wales AUSTRALIA,Bellinger Head,New South Wales,AUSTRALIA,-30.502025699999997,153.02505980000004
3841,2020-05-01|Bells Beach Victoria AUSTRALIA,0.8785520611110641,-1.0194539702699832,0.15599775670492141,0.3142783794272504,0.5840243577181806,0.34108445040813334,0.15608707515086695,2020-05-01,Bells Beach Victoria AUSTRALIA,Bells Beach,Victoria,AUSTRALIA,-38.366944000000004,144.284722
3842,2020-05-01|Bellynahinch on the Manning River New South Wales AUSTRALIA,0.5925218109066018,-0.4539107894074932,0.04841988503128112,0.009483858237324033,0.34804651790168006,0.12113637862348452,0.10047237540052345,2020-05-01,Bellynahinch on the Manning River New South Wales AUSTRALIA,"""Bellynahinch"" on the Manning River",New South Wales,AUSTRALIA,-31.8518472,152.10067469999998
3843,2020-05-01|Belongil Bay New South Wales AUSTRALIA,0.617892230948755,-0.42304037988490373,0.04299958757149949,-0.004442914483729457,0.3544841175070193,0.12565898956473026,0.10233075033306227,2020-05-01,Belongil Bay New South Wales AUSTRALIA,Belongil Bay,New South Wales,AUSTRALIA,-28.633732799999997,153.6003455
3844,2020-05-01|Belongil Beach Byron Bay New South Wales AUSTRALIA,0.617892230948755,-0.42304037988490373,0.04299958757149949,-0.004442914483729457,0.3544841175070193,0.12565898956473026,0.10233075033306227,2020-05-01,Belongil Beach Byron Bay New South Wales AUSTRALIA,Belongil Beach,New South Wales,AUSTRALIA,-28.633732799999997,153.6003455
3845,2020-05-01|Bermagui New South Wales AUSTRALIA,0.5340200804848086,-0.47344103372680757,0.06435377507773475,0.027473957317570342,0.3321998834706726,0.11035676257792844,0.10016203353381889,2020-05-01,Bermagui New South Wales AUSTRALIA,Bermagui,New South Wales,AUSTRALIA,-36.4433701,150.061362
3846,2020-05-01|Bernier Island Shark Bay Western Australia AUSTRALIA,0.320351326255531,-0.3297140452105666,0.0028356058693586434,-0.00458200247865967,0.18940059489359107,0.03587258534604619,0.050619438210213134,2020-05-01,Bernier Island Shark Bay Western Australia AUSTRALIA,Bernier Island,Western Australia,AUSTRALIA,-24.8504267,113.1381998
3847,2020-05-01|Berrys Bay Sydney Harbour New South Wales AUSTRALIA,0.5595428189885985,-0.4614571635973927,0.07354295890420513,0.033077547075094936,0.3377924979019789,0.11410377163885843,0.10184827023070706,2020-05-01,Berrys Bay Sydney Harbour New South Wales AUSTRALIA,Berry's Bay,New South Wales,AUSTRALIA,-33.8462182,151.2488616
3848,2020-05-01|Between Bay Rock & Magnetic Island Cleveland Bay Queensland AUSTRALIA,0.9691978868047756,-0.5667833376683092,0.21134547179376725,0.13103735172020917,0.5017218699764602,0.251724834812676,0.1512748356206724,2020-05-01,Between Bay Rock & Magnetic Island Cleveland Bay Queensland AUSTRALIA,Between Bay Rock & Magnetic Island,Queensland,AUSTRALIA,-19.2180556,146.9222222
3849,2020-05-01|Between Carnac and Garden Islands Western Australia AUSTRALIA,0.19649954937714512,-0.24351868898619689,-0.002301754499029071,0.02005877351853774,0.15411591764276714,0.023751716070872186,0.0444894332687289,2020-05-01,Between Carnac and Garden Islands Western Australia AUSTRALIA,Between Carnac and Garden Islands,Western Australia,AUSTRALIA,-32.204325399999995,115.67762739999999
3850,2020-05-01|Between De Grey River and Port Walcott Western Australia AUSTRALIA,1.177703176860861,-1.4757332656644035,0.16599727099783765,0.40171884768297494,0.8932079680554572,0.7978204741977587,0.2387198708285746,2020-05-01,Between De Grey River and Port Walcott Western Australia AUSTRALIA,Between De Grey River and Port Walcott,Western Australia,AUSTRALIA,-20.342612,118.6718706
3851,2020-05-01|Between Dee Why and Long Reef New South Wales AUSTRALIA,0.5610470894160124,-0.461646868824497,0.0738876119981834,0.032690220064257314,0.3383514901326466,0.11448173087498245,0.10201681272978419,2020-05-01,Between Dee Why and Long Reef New South Wales AUSTRALIA,Between Dee Why and Long Reef,New South Wales,AUSTRALIA,-33.746083399999996,151.30407160000001
3852,2020-05-01|Between Port Arthur Penal Colony & Forestier Peninsula Tasmania AUSTRALIA,0.3826600789198453,-0.46114889073745374,0.016954330679323625,0.06218887564701421,0.2566711496413008,0.06588007905818702,0.07409457866930787,2020-05-01,Between Port Arthur Penal Colony & Forestier Peninsula Tasmania AUSTRALIA,Between Port Arthur Penal Colony & Forestier Peninsula,Tasmania,AUSTRALIA,-43.177459999999996,147.8420491
3853,2020-05-01|Between Queensland AUSTRALIA,1.5192042462584494,-1.2284502883557333,0.13867653412325795,0.12195907224546171,1.042225542597596,1.086234081642853,0.3142428247018904,2020-05-01,Between Queensland AUSTRALIA,Between,Queensland,AUSTRALIA,-20.9175738,142.7027956
3854,2020-05-01|Between Smith’s Rock & Moreton Island Queensland AUSTRALIA,0.7772499445234948,-0.5514975693866497,0.04762880987041762,0.028135069894437387,0.45687933135607234,0.20873872342037175,0.13775430150695897,2020-05-01,Between Smith’s Rock & Moreton Island Queensland AUSTRALIA,Between Smith’s Rock & Moreton Island,Queensland,AUSTRALIA,-27.178901,153.3730896
3855,2020-05-01|Between Wynnum & St Helena Island Queensland AUSTRALIA,0.8292658116189133,-0.5285522701107176,0.14769761331298617,0.2204818169532432,0.5071169211982064,0.25716757176554783,0.152901504768607,2020-05-01,Between Wynnum & St Helena Island Queensland AUSTRALIA,Between Wynnum & St. Helena Island,Queensland,AUSTRALIA,-27.391666700000002,153.2327778
3856,2020-05-01|Bherwerre Beach New South Wales AUSTRALIA,0.5420439300272129,-0.46967476574989536,0.06730445523465581,0.02973973171872094,0.33401845713331385,0.11156832970571942,0.10071035412405556,2020-05-01,Bherwerre Beach New South Wales AUSTRALIA,Bherwerre Beach,New South Wales,AUSTRALIA,-35.163734600000005,150.6497392
3857,2020-05-01|Bilgola Beach Sydney New South Wales AUSTRALIA,0.563123328577327,-0.4619177648220385,0.07497248523964298,0.03366345967047134,0.3392204056054579,0.11507048357913138,0.10227880060231596,2020-05-01,Bilgola Beach Sydney New South Wales AUSTRALIA,Bilgola Beach,New South Wales,AUSTRALIA,-33.6444858,151.3275826
3858,2020-05-01|Binalong Bay Tasmania AUSTRALIA,0.46711467420914843,-0.4782990815658527,0.0548721336577119,0.030049476487158305,0.3117493637983241,0.09718766582865981,0.09399596985009508,2020-05-01,Binalong Bay Tasmania AUSTRALIA,Binalong Bay,Tasmania,AUSTRALIA,-41.249126399999994,148.2928957
3859,2020-05-01|Binningup Western Australia AUSTRALIA,0.22101670963298106,-0.24891424940089762,0.021874353687945863,0.07464056293692671,0.16663821558069633,0.02776829489191862,0.046217125440617145,2020-05-01,Binningup Western Australia AUSTRALIA,Binningup,Western Australia,AUSTRALIA,-33.135769399999994,115.72061599999999
3860,2020-05-01|Birubi Point New South Wales AUSTRALIA,0.5746364515545372,-0.45789768522260654,0.04713125924477731,0.010038295379983358,0.3416945528795303,0.11675516746754214,0.09863872104281284,2020-05-01,Birubi Point New South Wales AUSTRALIA,Birubi Point,New South Wales,AUSTRALIA,-32.7884091,152.08031430000003
3861,2020-05-01|Black Head south of Taree New South Wales AUSTRALIA,0.5925227147919274,-0.45391156363929613,0.04841948317663041,0.009483271120514166,0.34804693292386063,0.12113666751770634,0.10047249520710728,2020-05-01,Black Head south of Taree New South Wales AUSTRALIA,Black Head,New South Wales,AUSTRALIA,-31.8894897,152.4444453
3862,2020-05-01|Black Point Eyre Peninsula South Australia AUSTRALIA,0.5411925147984212,-0.41662757970346215,0.010618962333853888,-0.07812598658469715,0.31994508792039217,0.10236485928438747,0.09646707364992824,2020-05-01,Black Point Eyre Peninsula South Australia AUSTRALIA,Black Point,South Australia,AUSTRALIA,-34.6106775,137.8773175
3863,2020-05-01|Black Point South Australia AUSTRALIA,0.5411906636808242,-0.41662786142056585,0.010618695219342621,-0.0781249587592073,0.31994426142277727,0.10236433041736644,0.09646682445152108,2020-05-01,Black Point South Australia AUSTRALIA,Black Point,South Australia,AUSTRALIA,-34.6106775,137.8773175
3864,2020-05-01|Black’s Beach 9 miles north of Mackay Queensland AUSTRALIA,1.6264958183433282,-1.4050153653604158,0.11262084225684399,-0.05657583854152998,1.023589375777757,1.0477352102050983,0.28389261379899083,2020-05-01,Black’s Beach 9 miles north of Mackay Queensland AUSTRALIA,Black’s Beach,Queensland,AUSTRALIA,-21.062778,149.1875
3865,2020-05-01|Blairgowrie Victoria AUSTRALIA,0.9306357081873305,-0.8358664857413481,0.23554988092923562,0.36730307998283585,0.53712340732129,0.2885015546924325,0.14897122971914165,2020-05-01,Blairgowrie Victoria AUSTRALIA,Blairgowrie,Victoria,AUSTRALIA,-38.36,144.769
3866,2020-05-01|Blue Bay New South Wales AUSTRALIA,0.5681298663262107,-0.4607851908829583,0.047464988641176216,0.012150546196916651,0.33936858514907503,0.115171036586085,0.09796727199516046,2020-05-01,Blue Bay New South Wales AUSTRALIA,Blue Bay,New South Wales,AUSTRALIA,-33.353,151.501
3867,2020-05-01|Boarding School Bay Victoria AUSTRALIA,0.5090785140866434,-0.5585283415778335,0.06249214769640022,0.0373506166150182,0.34255158914339284,0.11734159122466382,0.09500671685755205,2020-05-01,Boarding School Bay Victoria AUSTRALIA,Boarding School Bay,Victoria,AUSTRALIA,-37.471307700000004,144.7851531
3868,2020-05-01|Boat Harbour north of Cronulla New South Wales AUSTRALIA,0.5748796091366576,-0.45706832841357103,0.04711386233771294,0.009884132572593702,0.34158792153157536,0.11668230813626167,0.0986079392240899,2020-05-01,Boat Harbour north of Cronulla New South Wales AUSTRALIA,Boat Harbour,New South Wales,AUSTRALIA,-32.7844827,152.110421
3869,2020-05-01|Bombo Beach New South Wales AUSTRALIA,0.5525830959047435,-0.46562299316941674,0.07119290332520363,0.032231685460897996,0.33650276055616773,0.11323410786192156,0.10145939978941938,2020-05-01,Bombo Beach New South Wales AUSTRALIA,Bombo Beach,New South Wales,AUSTRALIA,-34.656041200000004,150.8556659
3870,2020-05-01|Bondi Beach New South Wales AUSTRALIA,0.5595402499365973,-0.46145449873417177,0.07354744378523188,0.0330826890078331,0.33779216199006784,0.11410354470192423,0.10184816894945509,2020-05-01,Bondi Beach New South Wales AUSTRALIA,Bondi Beach,New South Wales,AUSTRALIA,-33.8914755,151.2766845
3871,2020-05-01|Bondi Beach Sydney New South Wales AUSTRALIA,0.5595239818466818,-0.4614598276597755,0.0735379505728795,0.03307240629749196,0.33778851103564933,0.11410107818768098,0.10184706814527937,2020-05-01,Bondi Beach Sydney New South Wales AUSTRALIA,Bondi Beach,New South Wales,AUSTRALIA,-33.8914755,151.2766845
3872,2020-05-01|Bondi New South Wales AUSTRALIA,0.5595239818466818,-0.4614598276597755,0.0735379505728795,0.03307240629749196,0.33778851103564933,0.11410107818768098,0.10184706814527937,2020-05-01,Bondi New South Wales AUSTRALIA,Bondi,New South Wales,AUSTRALIA,-33.89195,151.26099
3873,2020-05-01|Bondi Sydney New South Wales AUSTRALIA,0.5595239818466818,-0.4614598276597755,0.0735379505728795,0.03307240629749196,0.33778851103564933,0.11410107818768098,0.10184706814527937,2020-05-01,Bondi Sydney New South Wales AUSTRALIA,Bondi,New South Wales,AUSTRALIA,-33.89195,151.26099
3874,2020-05-01|Boot Reef Torres Strait Queensland AUSTRALIA,1.0265471596859086,-1.6761514871577148,0.16233655802299113,0.40168842130174864,0.9009825284774534,0.8117695166216251,0.24988759267097327,2020-05-01,Boot Reef Torres Strait Queensland AUSTRALIA,Boot Reef,Queensland,AUSTRALIA,-10.2199025,141.93685449999998
3875,2020-05-01|Booti Booti National Park New South Wales AUSTRALIA,0.5869468117936922,-0.4568664417640754,0.0484577437589479,0.010792512699191757,0.34618641639802056,0.11984503489850366,0.09993541034859453,2020-05-01,Booti Booti National Park New South Wales AUSTRALIA,Booti Booti National Park,New South Wales,AUSTRALIA,-32.312709600000005,152.5179343
3876,2020-05-01|Botany Bay New South Wales AUSTRALIA,0.5567073594558261,-0.46225872759573533,0.07221957560803224,0.03259920334045987,0.3370243414473036,0.11358540672798867,0.10161666234521181,2020-05-01,Botany Bay New South Wales AUSTRALIA,Botany Bay,New South Wales,AUSTRALIA,-33.9930374,151.175278
3877,2020-05-01|Botany Bay Sydney New South Wales AUSTRALIA,0.5567235943514198,-0.4622533762803208,0.07222904829871653,0.032609425254397355,0.33702797877694807,0.11358785847847494,0.1016177590413636,2020-05-01,Botany Bay Sydney New South Wales AUSTRALIA,Botany Bay,New South Wales,AUSTRALIA,-33.9930374,151.175278
3878,2020-05-01|Botany Bay? New South Wales AUSTRALIA,0.5567235943514198,-0.4622533762803208,0.07222904829871653,0.032609425254397355,0.33702797877694807,0.11358785847847494,0.1016177590413636,2020-05-01,Botany Bay? New South Wales AUSTRALIA,Botany Bay?,New South Wales,AUSTRALIA,-33.9930374,151.175278
3879,2020-05-01|Bowen Queensland AUSTRALIA,1.0089189553549787,-0.7066287181278966,0.1269596830873815,0.14325350495405148,0.5378857627927895,0.28932109381518106,0.15527424497084213,2020-05-01,Bowen Queensland AUSTRALIA,Bowen,Queensland,AUSTRALIA,-20.012102399999996,148.24627900000002
3880,2020-05-01|Boyup Brook Western Australia AUSTRALIA,0.22785821325032282,-0.2566841249926805,0.021986109322988914,0.07703535358753842,0.17219327674671184,0.029650524556769687,0.04775782220003312,2020-05-01,Boyup Brook Western Australia AUSTRALIA,Boyup Brook,Western Australia,AUSTRALIA,-33.829471500000004,116.3841139
3881,2020-05-01|Bradleys Head Sydney New South Wales AUSTRALIA,0.5610462323269237,-0.4616459814196701,0.0738880618358812,0.03269193848585978,0.3383509453704037,0.11448136223304592,0.10201664847778787,2020-05-01,Bradleys Head Sydney New South Wales AUSTRALIA,Bradleys Head,New South Wales,AUSTRALIA,-33.843012,151.2441915
3882,2020-05-01|Bramble Reef Queensland AUSTRALIA,0.9020297629249556,-0.5286450092465634,0.19394945058758487,0.11587786165045541,0.47483664068085163,0.22546983533307619,0.14316863398647198,2020-05-01,Bramble Reef Queensland AUSTRALIA,Bramble Reef,Queensland,AUSTRALIA,-18.4082815,146.70503100000002
3883,2020-05-01|Bribie Island Queensland AUSTRALIA,0.6702522671506885,-0.4614017921252439,0.05379978191997088,0.013414015459253222,0.38435887123053125,0.1477317418936081,0.11588856006510899,2020-05-01,Bribie Island Queensland AUSTRALIA,Bribie Island,Queensland,AUSTRALIA,-26.986100300000004,153.1325243
3884,2020-05-01|Bribie Passage Caloundra Queensland AUSTRALIA,0.6372141926417553,-0.4231333706143661,0.027723014943381533,-0.03391821848096721,0.36770656989968015,0.13520812154738834,0.10614774355718715,2020-05-01,Bribie Passage Caloundra Queensland AUSTRALIA,Bribie Passage,Queensland,AUSTRALIA,-26.804309999999997,153.128613
3885,2020-05-01|Brible Island Queensland AUSTRALIA,0.6702522671506885,-0.4614017921252439,0.05379978191997088,0.013414015459253222,0.38435887123053125,0.1477317418936081,0.11588856006510899,2020-05-01,Brible Island Queensland AUSTRALIA,Brible Island,Queensland,AUSTRALIA,-26.986100300000004,153.1325243
3886,2020-05-01|Bridport Tasmania AUSTRALIA,1.2057897818074148,-1.2973072203803582,0.18961077385935377,0.3024214795587639,0.850079507789446,0.7226351695635468,0.24539681632741062,2020-05-01,Bridport Tasmania AUSTRALIA,Bridport,Tasmania,AUSTRALIA,-41.014520700000006,147.4070438
3887,2020-05-01|Brighton Beach Adelaide South Australia AUSTRALIA,0.5025117521022305,-0.37219402757600767,-0.024957476296137194,-0.09150645657033872,0.29437362349513263,0.08665583020965412,0.08497834538362019,2020-05-01,Brighton Beach Adelaide South Australia AUSTRALIA,Brighton Beach,South Australia,AUSTRALIA,-35.0244116,138.51712980000002
3888,2020-05-01|Brighton Victoria AUSTRALIA,0.5120749707455647,-0.562966391217682,0.061601136862380716,0.03588840168495467,0.3449693831123715,0.11900387528493017,0.09567729225206437,2020-05-01,Brighton Victoria AUSTRALIA,Brighton,Victoria,AUSTRALIA,-37.9043383,144.9931825
3889,2020-05-01|Brisbane Queensland AUSTRALIA,0.855772629971798,-0.560170524485027,0.12458520420299585,0.20952259271797197,0.5279546433180727,0.2787361054011134,0.15918431438290573,2020-05-01,Brisbane Queensland AUSTRALIA,Brisbane,Queensland,AUSTRALIA,-27.469770699999998,153.0251235
3890,2020-05-01|Brisbane River Queensland AUSTRALIA,0.632512234234648,-0.4191821331870629,0.028547941538206594,-0.031419159062591503,0.3649295012048275,0.13317354084960417,0.10534607287792151,2020-05-01,Brisbane River Queensland AUSTRALIA,Brisbane River,Queensland,AUSTRALIA,-26.895106800000004,152.318608
3891,2020-05-01|Broken Head Beach New South Wales AUSTRALIA,0.6191635618735881,-0.4255379617231913,0.04264930934228365,-0.005031227765213496,0.355431380833176,0.12633146648097818,0.10260420170123728,2020-05-01,Broken Head Beach New South Wales AUSTRALIA,Broken Head Beach,New South Wales,AUSTRALIA,-28.701846399999997,153.6139946
3892,2020-05-01|Broken Head New South Wales AUSTRALIA,0.6199555786486414,-0.42826642335523657,0.042267594051537315,-0.005519600090811297,0.35615248987342163,0.1268445960430377,0.10281236795048773,2020-05-01,Broken Head New South Wales AUSTRALIA,Broken Head,New South Wales,AUSTRALIA,-28.7264578,153.5983166
3893,2020-05-01|Bronte Beach New South Wales AUSTRALIA,0.5595239818466818,-0.4614598276597755,0.0735379505728795,0.03307240629749196,0.33778851103564933,0.11410107818768098,0.10184706814527937,2020-05-01,Bronte Beach New South Wales AUSTRALIA,Bronte Beach,New South Wales,AUSTRALIA,-33.90532,151.26068999999998
3894,2020-05-01|Bronte New South Wales AUSTRALIA,0.5595239818466818,-0.4614598276597755,0.0735379505728795,0.03307240629749196,0.33778851103564933,0.11410107818768098,0.10184706814527937,2020-05-01,Bronte New South Wales AUSTRALIA,Bronte,New South Wales,AUSTRALIA,-33.90532,151.26068999999998
3895,2020-05-01|Broome Head New South Wales AUSTRALIA,0.6097060171755045,-0.437965341076967,0.04677670925631758,0.0031762525693898817,0.35410047522135984,0.12538714655199287,0.10222000234461326,2020-05-01,Broome Head New South Wales AUSTRALIA,Broome Head,New South Wales,AUSTRALIA,-29.6430001,153.30745190000002
3896,2020-05-01|Broome Western Australia AUSTRALIA,1.4710978972664077,-1.6974134052141057,0.24439925830927192,0.4990290120773337,1.0945137998979255,1.1979604581669963,0.3159589185014138,2020-05-01,Broome Western Australia AUSTRALIA,Broome,Western Australia,AUSTRALIA,-17.964429100000004,122.23036570000001
3897,2020-05-01|Broomfield Island Queensland AUSTRALIA,0.9972516996473678,-0.7060379444237672,0.1381020407973836,0.28188607318743303,0.6011801968012686,0.361417629026012,0.1735457742273423,2020-05-01,Broomfield Island Queensland AUSTRALIA,Broomfield Island,Queensland,AUSTRALIA,-26.9601877,149.0840869
3898,2020-05-01|Broomfield Reef Queensland AUSTRALIA,0.8810005729690026,-0.5909292884700381,0.10527174357186582,0.16922819502249192,0.5204971807351535,0.270917315153243,0.1502545937049411,2020-05-01,Broomfield Reef Queensland AUSTRALIA,Broomfield Reef,Queensland,AUSTRALIA,-23.2670335,151.93534019999998
3899,2020-05-01|Broughton Island New South Wales AUSTRALIA,0.57719349118994,-0.457383247219862,0.04731509918334159,0.010028405490773537,0.34260596828582296,0.11737884950506633,0.09890182400789614,2020-05-01,Broughton Island New South Wales AUSTRALIA,Broughton Island,New South Wales,AUSTRALIA,-32.6157855,152.31398269999997
3900,2020-05-01|Browns Inlet Broadwater Queensland AUSTRALIA,1.5192042462584494,-1.2284502883557333,0.13867653412325795,0.12195907224546171,1.042225542597596,1.086234081642853,0.3142428247018904,2020-05-01,Browns Inlet Broadwater Queensland AUSTRALIA,Brown's Inlet,Queensland,AUSTRALIA,-20.9175738,142.7027956
3901,2020-05-01|Brunswick Heads New South Wales AUSTRALIA,0.6175096861793654,-0.4220563946697893,0.043009207883520556,-0.004202297321970427,0.35415476712391625,0.12542559907659537,0.10223567506689114,2020-05-01,Brunswick Heads New South Wales AUSTRALIA,Brunswick Heads,New South Wales,AUSTRALIA,-28.5557919,153.54363940000002
3902,2020-05-01|Buddina Beach south of Noosa Queensland AUSTRALIA,0.6330371764939384,-0.418999563987639,0.028443303342052334,-0.031262368458518514,0.3651888024505089,0.13336286143523682,0.10542092669991919,2020-05-01,Buddina Beach south of Noosa Queensland AUSTRALIA,Buddina Beach,Queensland,AUSTRALIA,-26.3864103,153.0923901
3903,2020-05-01|Bullcock Beach Queensland AUSTRALIA,0.6372141926417553,-0.4231333706143661,0.027723014943381533,-0.03391821848096721,0.36770656989968015,0.13520812154738834,0.10614774355718715,2020-05-01,Bullcock Beach Queensland AUSTRALIA,Bullcock Beach,Queensland,AUSTRALIA,-26.806945199999998,153.131696
3904,2020-05-01|Bunbury Western Australia AUSTRALIA,0.225871917223424,-0.25317469521369707,0.022092581317369908,0.07651634412725003,0.1699933379709464,0.028897734954504404,0.04714766896473283,2020-05-01,Bunbury Western Australia AUSTRALIA,Bunbury,Western Australia,AUSTRALIA,-33.3209971,115.63834820000001
3905,2020-05-01|Bundegi Sanctuary Zone Ningaloo Western Australia AUSTRALIA,0.36504788894995516,-0.3723160731218204,0.009493170301008462,0.018072934518738506,0.22059252371786778,0.04866106152021806,0.06118135809605989,2020-05-01,Bundegi Sanctuary Zone Ningaloo Western Australia AUSTRALIA,Bundegi Sanctuary Zone,Western Australia,AUSTRALIA,-22.6799051,113.69804909999999
3906,2020-05-01|Bunker Bay Western Australia AUSTRALIA,0.2158073327288089,-0.24699154073150745,0.025922576923042593,0.06766708450737878,0.15903535246087672,0.025292243332355285,0.04795096295587749,2020-05-01,Bunker Bay Western Australia AUSTRALIA,Bunker Bay,Western Australia,AUSTRALIA,-33.5426804,115.0391851
3907,2020-05-01|Burleigh Heads Brisbane Queensland AUSTRALIA,0.6261723157189897,-0.4267503651880598,0.04110428204557381,-0.0076029760653357065,0.3586443997096099,0.12862580544306643,0.10353172035784751,2020-05-01,Burleigh Heads Brisbane Queensland AUSTRALIA,Burleigh Heads,Queensland,AUSTRALIA,-28.104,153.436
3908,2020-05-01|Burleigh Lake on the Gold Coast Queensland AUSTRALIA,0.626853827435496,-0.42620057890511265,0.040408959752848854,-0.008878419370256949,0.35888018478356276,0.12879498703028414,0.10359978564580631,2020-05-01,Burleigh Lake on the Gold Coast Queensland AUSTRALIA,Burleigh Lake on the Gold Coast,Queensland,AUSTRALIA,-28.087777799999998,153.4408333
3909,2020-05-01|Burnett River Queensland AUSTRALIA,0.8448121946637164,-0.6390780387027435,0.08303944528615696,0.10609316330581059,0.5451277911318638,0.297164308664305,0.15736483847636384,2020-05-01,Burnett River Queensland AUSTRALIA,Burnett River,Queensland,AUSTRALIA,-25.3273915,151.813121
3910,2020-05-01|Burns Beach Perth Western Australia AUSTRALIA,0.19748025912099487,-0.24200378099996298,0.012602258817133874,0.04475888043383416,0.15702857873218087,0.024657974538648725,0.043551891717854785,2020-05-01,Burns Beach Perth Western Australia AUSTRALIA,Burns Beach,Western Australia,AUSTRALIA,-31.724687199999998,115.7248959
3911,2020-05-01|Bushrangers Pass at Bass Point New South Wales AUSTRALIA,0.552599693305711,-0.46561740782383765,0.07120251212709329,0.032241877633303107,0.336506446771209,0.11323658871858451,0.10146051122507287,2020-05-01,Bushrangers Pass at Bass Point New South Wales AUSTRALIA,Bushrangers Pass at Bass Point,New South Wales,AUSTRALIA,-34.5973075,150.8997956
3912,2020-05-01|Bushy Ilet Queensland AUSTRALIA,1.3977605602845182,-1.1921382380967647,0.13026341880758527,0.1795032662578791,0.8310275817339895,0.6906068416026426,0.2398969990090613,2020-05-01,Bushy Ilet Queensland AUSTRALIA,Bushy Ilet,Queensland,AUSTRALIA,-20.9539613,150.0725668
3913,2020-05-01|Busselton Western Australia AUSTRALIA,0.2263145880147066,-0.24732604019431392,0.04413405852511729,0.10038860524783869,0.15850955150192306,0.025125277917340795,0.045757766114381065,2020-05-01,Busselton Western Australia AUSTRALIA,Busselton,Western Australia,AUSTRALIA,-33.653158399999995,115.3454892
3914,2020-05-01|Byron Bay New South Wales AUSTRALIA,0.617892230948755,-0.42304037988490373,0.04299958757149949,-0.004442914483729457,0.3544841175070193,0.12565898956473026,0.10233075033306227,2020-05-01,Byron Bay New South Wales AUSTRALIA,Byron Bay,New South Wales,AUSTRALIA,-28.647367100000004,153.601977
3915,2020-05-01|Cabbage Tree Creek Sandgate Queensland AUSTRALIA,0.7919743568850435,-0.49419690447064,0.1398332506594388,0.1964743092003484,0.48275748002855584,0.2330547845235215,0.14555685690838274,2020-05-01,Cabbage Tree Creek Sandgate Queensland AUSTRALIA,Cabbage Tree Creek,Queensland,AUSTRALIA,-27.357138199999998,153.00638469999998
3916,2020-05-01|Cabramatta Creek George’s River New South Wales AUSTRALIA,0.5558340972745603,-0.46304743684564986,0.07174599844260833,0.0321564765997679,0.33690782547363834,0.11350688286537554,0.10158153145732722,2020-05-01,Cabramatta Creek George’s River New South Wales AUSTRALIA,Cabramatta Creek,New South Wales,AUSTRALIA,-33.9224412,150.9010938
3917,2020-05-01|Cactus Beach South Australia AUSTRALIA,0.23491168445497404,-0.3175232977066927,0.024270931580371035,0.10276333224144968,0.21245090414065582,0.04513538667018213,0.06132929334759351,2020-05-01,Cactus Beach South Australia AUSTRALIA,Cactus Beach,South Australia,AUSTRALIA,-32.083500300000004,132.982204
3918,2020-05-01|Cactus Beach near Ceduna South Australia AUSTRALIA,0.23491168445497404,-0.3175232977066927,0.024270931580371035,0.10276333224144968,0.21245090414065582,0.04513538667018213,0.06132929334759351,2020-05-01,Cactus Beach near Ceduna South Australia AUSTRALIA,Cactus Beach,South Australia,AUSTRALIA,-32.083500300000004,132.982204
3919,2020-05-01|Cactus Beach near Penong South Australia AUSTRALIA,0.23491168445497404,-0.3175232977066927,0.024270931580371035,0.10276333224144968,0.21245090414065582,0.04513538667018213,0.06132929334759351,2020-05-01,Cactus Beach near Penong South Australia AUSTRALIA,Cactus Beach near Penong,South Australia,AUSTRALIA,-32.083500300000004,132.982204
3920,2020-05-01|Cairns Aquarium Queensland AUSTRALIA,0.7952320782768539,-0.4563739653382589,0.15972201081343015,0.08948573442736547,0.42300209023368335,0.17893076834206517,0.12753992898556235,2020-05-01,Cairns Aquarium Queensland AUSTRALIA,Cairns Aquarium,Queensland,AUSTRALIA,-16.9184171,145.7738313
3921,2020-05-01|Calliope River Queensland AUSTRALIA,1.0156080160108873,-0.6612630276399095,0.21818370346849658,0.3741210303240009,0.5750784761877654,0.3307152537744422,0.17339268459310458,2020-05-01,Calliope River Queensland AUSTRALIA,Calliope River,Queensland,AUSTRALIA,-23.9815319,151.0075239
3922,2020-05-01|Caloundra Heads Queensland AUSTRALIA,0.6372141926417553,-0.4231333706143661,0.027723014943381533,-0.03391821848096721,0.36770656989968015,0.13520812154738834,0.10614774355718715,2020-05-01,Caloundra Heads Queensland AUSTRALIA,Caloundra Heads,Queensland,AUSTRALIA,-26.799,153.13299999999998
3923,2020-05-01|Caloundra Queensland AUSTRALIA,0.6372141926417553,-0.4231333706143661,0.027723014943381533,-0.03391821848096721,0.36770656989968015,0.13520812154738834,0.10614774355718715,2020-05-01,Caloundra Queensland AUSTRALIA,Caloundra,Queensland,AUSTRALIA,-26.799,153.13299999999998
3924,2020-05-01|Canadian Bay near Mount Eliza Victoria AUSTRALIA,0.5199067449146982,-0.5784724502274113,0.05802031222382952,0.04057929240035531,0.34941177819931607,0.12208859074440805,0.09690939096528343,2020-05-01,Canadian Bay near Mount Eliza Victoria AUSTRALIA,Canadian Bay near Mount Eliza,Victoria,AUSTRALIA,-38.191611,145.09546559999998
3925,2020-05-01|Cape Douglas South Australia AUSTRALIA,0.23063349138215244,-0.2973634226888396,0.01565288717055888,0.05821170555823023,0.19917299478946868,0.03966988185340571,0.06639099826315623,2020-05-01,Cape Douglas South Australia AUSTRALIA,Cape Douglas,South Australia,AUSTRALIA,-38.0146455,140.5819172
3926,2020-05-01|Cape Elizabeth South Australia AUSTRALIA,0.3778867245716482,-0.3816008051095571,0.021884873132612708,0.03735241880607995,0.29623826732285596,0.08775711102644788,0.0855166216915596,2020-05-01,Cape Elizabeth South Australia AUSTRALIA,Cape Elizabeth,South Australia,AUSTRALIA,-34.1333333,137.45
3927,2020-05-01|Cape Howe New South Wales AUSTRALIA,0.525738240110436,-0.4896485539025463,0.05761558618808491,0.009849223021952727,0.33440785497448605,0.11182861346863689,0.10082776199072307,2020-05-01,Cape Howe New South Wales AUSTRALIA,Cape Howe,New South Wales,AUSTRALIA,-37.5021775,149.9781828
3928,2020-05-01|Cape Jervis South Australia AUSTRALIA,0.3948329962006099,-0.24181178488052216,0.031486871389616505,0.0021728941319523677,0.2342968575309752,0.05489501744889009,0.06498225642369325,2020-05-01,Cape Jervis South Australia AUSTRALIA,Cape Jervis,South Australia,AUSTRALIA,-35.6061701,138.11540459999998
3929,2020-05-01|Cape Levêque Western Australia AUSTRALIA,1.3563899082658921,-1.5591055373963323,0.19944466095977087,0.40065467820594186,0.9666218284470286,0.9343577592302768,0.2790396864292301,2020-05-01,Cape Levêque Western Australia AUSTRALIA,Cape Levêque,Western Australia,AUSTRALIA,-16.4,122.93333329999999
3930,2020-05-01|Cape Moreton Queensland AUSTRALIA,0.6277812048171256,-0.40664575698352073,0.033654138619447195,-0.022314532155796533,0.3580244901141946,0.12818153552152903,0.1033527678719544,2020-05-01,Cape Moreton Queensland AUSTRALIA,Cape Moreton,Queensland,AUSTRALIA,-27.0333333,153.4666667
3931,2020-05-01|Cape Nelson Victoria AUSTRALIA,0.22990207314099603,-0.3132336556206743,0.013646138032741367,0.06190566324360168,0.20582796204305964,0.042365149958799204,0.06860932068101988,2020-05-01,Cape Nelson Victoria AUSTRALIA,Cape Nelson,Victoria,AUSTRALIA,-38.384739399999994,141.565049
3932,2020-05-01|Cape Pillar Storm Bay Tasmania AUSTRALIA,0.39009434233003526,-0.4746625451722502,0.02330273986092979,0.07365497899387474,0.26469059376413817,0.07006111042721203,0.07640959278084353,2020-05-01,Cape Pillar Storm Bay Tasmania AUSTRALIA,Cape Pillar,Tasmania,AUSTRALIA,-43.17,147.44
3933,2020-05-01|Carnac Island Western Australia AUSTRALIA,0.1955171706138053,-0.24310829599208686,-0.0024604661515139395,0.01987472452436249,0.1537798716057283,0.02364824891107429,0.044392425133756665,2020-05-01,Carnac Island Western Australia AUSTRALIA,Carnac Island,Western Australia,AUSTRALIA,-32.12095789999999,115.66209009999999
3934,2020-05-01|Carnarvon Western Australia AUSTRALIA,0.38556835018554564,-0.4331324343021562,0.010095487695935783,0.02178842223375007,0.23733116027134837,0.056326079635744444,0.061278642084467705,2020-05-01,Carnarvon Western Australia AUSTRALIA,Carnarvon,Western Australia,AUSTRALIA,-24.8877473,113.6621827
3935,2020-05-01|Carrara Nerang River Queensland AUSTRALIA,0.6275602792640115,-0.42582656009120107,0.039735549236351336,-0.010075271306946961,0.35912736850036453,0.1289724668059966,0.1036711414385237,2020-05-01,Carrara Nerang River Queensland AUSTRALIA,Carrara,Queensland,AUSTRALIA,-28.0211196,153.3618544
3936,2020-05-01|Carrickalinga Head South Australia AUSTRALIA,0.47025005766337286,-0.2738952110048878,0.04345729763949887,-0.07648625953109843,0.2844843167248416,0.08093132646239999,0.08212354842065703,2020-05-01,Carrickalinga Head South Australia AUSTRALIA,Carrickalinga Head,South Australia,AUSTRALIA,-35.428351899999996,138.3308642
3937,2020-05-01|Carrum Victoria AUSTRALIA,0.5192663034229081,-0.5751699595396148,0.059537193288996385,0.039386450978682055,0.34907454136990146,0.12185303543260705,0.09681585829755811,2020-05-01,Carrum Victoria AUSTRALIA,Carrum,Victoria,AUSTRALIA,-38.076,145.122
3938,2020-05-01|Castle Rock north of Dunsborough Western Australia AUSTRALIA,0.2158073327288089,-0.24699154073150745,0.025922576923042593,0.06766708450737878,0.15903535246087672,0.025292243332355285,0.04795096295587749,2020-05-01,Castle Rock north of Dunsborough Western Australia AUSTRALIA,Castle Rock,Western Australia,AUSTRALIA,-33.583762899999996,115.09000060000001
3939,2020-05-01|Cathedral Rock Victoria AUSTRALIA,0.21024211343384694,-0.2752836431263384,0.0366546247850562,0.10157317108512219,0.16930906823461603,0.028665560586473866,0.0437154134423042,2020-05-01,Cathedral Rock Victoria AUSTRALIA,Cathedral Rock,Victoria,AUSTRALIA,-31.434438800000002,120.85630420000001
3940,2020-05-01|Catseye Beach Hamilton Island Whitsundays Queensland AUSTRALIA,1.3832092709333705,-0.8937211645913932,0.231352437343461,0.21964197115480932,0.768372780788177,0.5903967302561558,0.22181011591301764,2020-05-01,Catseye Beach Hamilton Island Whitsundays Queensland AUSTRALIA,Catseye Beach,Queensland,AUSTRALIA,-20.3464395,148.9574515
3941,2020-05-01|Cave at Shell Harbour New South Wales AUSTRALIA,0.5525830959047435,-0.46562299316941674,0.07119290332520363,0.032231685460897996,0.33650276055616773,0.11323410786192156,0.10145939978941938,2020-05-01,Cave at Shell Harbour New South Wales AUSTRALIA,Cave at Shell Harbour,New South Wales,AUSTRALIA,-34.64434779999999,150.8558397
3942,2020-05-01|Caves Beach New South Wales AUSTRALIA,0.5721242560418418,-0.45948385502182887,0.04792438223857288,0.012018166474319119,0.3408560057364207,0.11618281664658686,0.09839665333341156,2020-05-01,Caves Beach New South Wales AUSTRALIA,Caves Beach,New South Wales,AUSTRALIA,-33.1063425,151.6450391
3943,2020-05-01|Ceduna South Australia AUSTRALIA,0.24124780670189888,-0.32094389891579883,0.032304183132163364,0.10621473724834621,0.2123390717256411,0.04508788138130695,0.06714751028988859,2020-05-01,Ceduna South Australia AUSTRALIA,Ceduna,South Australia,AUSTRALIA,-32.130585100000005,133.6817145
3944,2020-05-01|Cellito Beach New South Wales AUSTRALIA,0.5845962923957668,-0.4566022750229422,0.04821639607963532,0.010660433298037616,0.34518845536365067,0.11915506971634304,0.09964732381267742,2020-05-01,Cellito Beach New South Wales AUSTRALIA,Cellito Beach,New South Wales,AUSTRALIA,-32.3789104,152.529459
3945,2020-05-01|Charles Street Wharf Parramatta River New South Wales AUSTRALIA,0.5610470894160124,-0.461646868824497,0.0738876119981834,0.032690220064257314,0.3383514901326466,0.11448173087498245,0.10201681272978419,2020-05-01,Charles Street Wharf Parramatta River New South Wales AUSTRALIA,Charles Street Wharf,New South Wales,AUSTRALIA,-33.834442700000004,151.0923358
3946,2020-05-01|Cheviot Beach Portsea Port Phillip Bay Victoria AUSTRALIA,0.8138313643382551,-0.7382380434796171,0.17641727847297423,0.2509719657368199,0.46882797336085646,0.21979966860564795,0.1300294844095718,2020-05-01,Cheviot Beach Portsea Port Phillip Bay Victoria AUSTRALIA,Cheviot Beach,Victoria,AUSTRALIA,-38.3136027,144.66766669999998
3947,2020-05-01|Cheynes Beach Western Australia AUSTRALIA,0.19710739680079464,-0.27598605370396384,0.04525200451494622,0.12112192886814527,0.16481698044890195,0.027164637044293727,0.04255556136338604,2020-05-01,Cheynes Beach Western Australia AUSTRALIA,Cheynes Beach,Western Australia,AUSTRALIA,-34.88414,118.404629
3948,2020-05-01|Chimney Point George’s Bay Tasmania AUSTRALIA,0.46711467420914843,-0.4782990815658527,0.0548721336577119,0.030049476487158305,0.3117493637983241,0.09718766582865981,0.09399596985009508,2020-05-01,Chimney Point George’s Bay Tasmania AUSTRALIA,Chimney Point,Tasmania,AUSTRALIA,-41.31,148.29
3949,2020-05-01|Chowder Bay Sydney New South Wales AUSTRALIA,0.5610470894160124,-0.461646868824497,0.0738876119981834,0.032690220064257314,0.3383514901326466,0.11448173087498245,0.10201681272978419,2020-05-01,Chowder Bay Sydney New South Wales AUSTRALIA,Chowder Bay,New South Wales,AUSTRALIA,-33.833420600000004,151.25995830000002
3950,2020-05-01|Cid Harbor Whitsundays Queensland AUSTRALIA,1.184403890142996,-0.9115775666793987,0.17645305383567111,0.20378403308275178,0.6918004555939945,0.4785878703600584,0.19187092423334584,2020-05-01,Cid Harbor Whitsundays Queensland AUSTRALIA,Cid Harbor,Queensland,AUSTRALIA,-20.25,148.93333330000002
3951,2020-05-01|City Beach Perth Western Australia AUSTRALIA,0.1980068264851051,-0.24330004147724896,0.012264719765376388,0.044653411956687206,0.15780304362422617,0.024901800577069432,0.04376668963164833,2020-05-01,City Beach Perth Western Australia AUSTRALIA,City Beach,Western Australia,AUSTRALIA,-31.9339651,115.76420859999999
3952,2020-05-01|Clairview Queensland AUSTRALIA,2.501074519523382,-2.1750127889156854,0.6277548422337224,0.9856958343047905,1.6262040465042753,2.6445396008668793,0.4694446720032511,2020-05-01,Clairview Queensland AUSTRALIA,Clairview,Queensland,AUSTRALIA,-22.0422664,149.4835735
3953,2020-05-01|Clarence Head New South Wales AUSTRALIA,0.6168033314910244,-0.44238102861128875,0.045722979118256034,0.0009886307294457476,0.3578021840078645,0.12802240288079772,0.1032885936267883,2020-05-01,Clarence Head New South Wales AUSTRALIA,Clarence Head,New South Wales,AUSTRALIA,-29.431929999999998,153.36539969999998
3954,2020-05-01|Clarence Heads New South Wales AUSTRALIA,0.5561193945035128,-0.46420890106831175,0.0716016191669032,0.031802344795203864,0.33730718209198773,0.11377613509083735,0.10170194200829177,2020-05-01,Clarence Heads New South Wales AUSTRALIA,Clarence Heads,New South Wales,AUSTRALIA,-33.482099100000006,150.22437649999998
3955,2020-05-01|Clarence River New South Wales AUSTRALIA,0.6168236099941947,-0.4423792233241209,0.04572771189846651,0.0009906211318754347,0.35780680440549606,0.1280257092788729,0.10328992742069647,2020-05-01,Clarence River New South Wales AUSTRALIA,Clarence River,New South Wales,AUSTRALIA,-29.4612304,153.14638190000002
3956,2020-05-01|Clark Island Sydney Harbour New South Wales AUSTRALIA,0.5595239818466818,-0.4614598276597755,0.0735379505728795,0.03307240629749196,0.33778851103564933,0.11410107818768098,0.10184706814527937,2020-05-01,Clark Island Sydney Harbour New South Wales AUSTRALIA,Clark Island,New South Wales,AUSTRALIA,-33.8626215,151.241028
3957,2020-05-01|Clarkes Beach Byron Bay New South Wales AUSTRALIA,0.617892230948755,-0.42304037988490373,0.04299958757149949,-0.004442914483729457,0.3544841175070193,0.12565898956473026,0.10233075033306227,2020-05-01,Clarkes Beach Byron Bay New South Wales AUSTRALIA,Clarkes Beach,New South Wales,AUSTRALIA,-28.6396907,153.6272755
3958,2020-05-01|Clarks Beach Byron Bay New South Wales AUSTRALIA,0.617892230948755,-0.42304037988490373,0.04299958757149949,-0.004442914483729457,0.3544841175070193,0.12565898956473026,0.10233075033306227,2020-05-01,Clarks Beach Byron Bay New South Wales AUSTRALIA,Clarks Beach,New South Wales,AUSTRALIA,-28.6396907,153.6272755
3959,2020-05-01|Clarks Island Sydney Harbor New South Wales AUSTRALIA,0.5595231257566875,-0.4614589397277809,0.07353839837875009,0.03307411976225039,0.3377879682920006,0.11410071152283759,0.10184690450191208,2020-05-01,Clarks Island Sydney Harbor New South Wales AUSTRALIA,Clark's Island,New South Wales,AUSTRALIA,-33.8626215,151.241028
3960,2020-05-01|Cleveland Queensland AUSTRALIA,0.8869377148104064,-0.5896017891198428,0.20157809182658548,0.3132678938257829,0.5022395336484697,0.2522445491594324,0.15143091709045906,2020-05-01,Cleveland Queensland AUSTRALIA,Cleveland,Queensland,AUSTRALIA,-27.533333000000002,153.26666699999998
3961,2020-05-01|Clifton Beach Tasmania AUSTRALIA,0.3967940361273743,-0.4990411614919384,0.01701878428663743,0.06360928707652208,0.2870961764568595,0.0824242145361482,0.08656275418664258,2020-05-01,Clifton Beach Tasmania AUSTRALIA,Clifton Beach,Tasmania,AUSTRALIA,-42.989444,147.52166699999998
3962,2020-05-01|Clifton Beach southwest of Hobart Tasmania AUSTRALIA,0.3967940361273743,-0.4990411614919384,0.01701878428663743,0.06360928707652208,0.2870961764568595,0.0824242145361482,0.08656275418664258,2020-05-01,Clifton Beach southwest of Hobart Tasmania AUSTRALIA,Clifton Beach,Tasmania,AUSTRALIA,-42.989444,147.52166699999998
3963,2020-05-01|Coalcliff New South Wales AUSTRALIA,0.5561193945035128,-0.46420890106831175,0.0716016191669032,0.031802344795203864,0.33730718209198773,0.11377613509083735,0.10170194200829177,2020-05-01,Coalcliff New South Wales AUSTRALIA,Coalcliff,New South Wales,AUSTRALIA,-34.245726399999995,150.97291940000002
3964,2020-05-01|Cobblestones Margaret River Area Western Australia AUSTRALIA,0.20946757544572062,-0.2957683024051779,0.006796632135036342,0.061367497895668005,0.1863237941095339,0.03471655625137198,0.05167692257699382,2020-05-01,Cobblestones Margaret River Area Western Australia AUSTRALIA,Cobblestones,Western Australia,AUSTRALIA,-33.9610465,115.0767388
3965,2020-05-01|Cockatoo Island Sydney New South Wales AUSTRALIA,0.5595239818466818,-0.4614598276597755,0.0735379505728795,0.03307240629749196,0.33778851103564933,0.11410107818768098,0.10184706814527937,2020-05-01,Cockatoo Island Sydney New South Wales AUSTRALIA,Cockatoo Island,New South Wales,AUSTRALIA,-33.84705579999999,151.1716362
3966,2020-05-01|Cockle Bay Sydney Harbour New South Wales AUSTRALIA,0.5595231257566875,-0.4614589397277809,0.07353839837875009,0.03307411976225039,0.3377879682920006,0.11410071152283759,0.10184690450191208,2020-05-01,Cockle Bay Sydney Harbour New South Wales AUSTRALIA,Cockle Bay,New South Wales,AUSTRALIA,-33.8661517,151.2005002
3967,2020-05-01|Coffee Head New South Wales AUSTRALIA,0.5595239818466818,-0.4614598276597755,0.0735379505728795,0.03307240629749196,0.33778851103564933,0.11410107818768098,0.10184706814527937,2020-05-01,Coffee Head New South Wales AUSTRALIA,Coffee Head,New South Wales,AUSTRALIA,-33.8594282,151.2777455
3968,2020-05-01|Coffin Bay South Australia AUSTRALIA,0.24176754700797243,-0.30134009159563013,0.003871655713890873,0.04180322556912118,0.20415793539188415,0.04168046258347675,0.06456040782358545,2020-05-01,Coffin Bay South Australia AUSTRALIA,Coffin Bay,South Australia,AUSTRALIA,-34.6235585,135.4654638
3969,2020-05-01|Coff’s Harbor New South Wales AUSTRALIA,0.6004366038933496,-0.43569860935348054,0.04684908307329196,0.004445832222229787,0.3493407990446186,0.12203899387713263,0.10084600218366477,2020-05-01,Coff’s Harbor New South Wales AUSTRALIA,Coff’s Harbor,New South Wales,AUSTRALIA,-30.298612,153.10939219999997
3970,2020-05-01|Coledale Beach New South Wales AUSTRALIA,0.5561202564482014,-0.46420980943025436,0.07160117638834756,0.03180064165175475,0.3373077304591223,0.11377650502748393,0.10170210734720385,2020-05-01,Coledale Beach New South Wales AUSTRALIA,Coledale Beach,New South Wales,AUSTRALIA,-34.28763370000001,150.9490069
3971,2020-05-01|Collaroy New South Wales AUSTRALIA,0.5620236125122215,-0.4616210902045319,0.07411784800423513,0.032908102741086145,0.3387237546177652,0.11473378194235603,0.10212905469523086,2020-05-01,Collaroy New South Wales AUSTRALIA,Collaroy,New South Wales,AUSTRALIA,-33.73,151.3
3972,2020-05-01|Colledges Crossing Brisbane River Queensland AUSTRALIA,0.855772629971798,-0.560170524485027,0.12458520420299585,0.20952259271797197,0.5279546433180727,0.2787361054011134,0.15918431438290573,2020-05-01,Colledges Crossing Brisbane River Queensland AUSTRALIA,Colledge's Crossing,Queensland,AUSTRALIA,-27.5568063,152.80267419999998
3973,2020-05-01|College’s Crossing 54 miles above mouth of the Brisbane River Queensland AUSTRALIA,0.632512234234648,-0.4191821331870629,0.028547941538206594,-0.031419159062591503,0.3649295012048275,0.13317354084960417,0.10534607287792151,2020-05-01,College’s Crossing 54 miles above mouth of the Brisbane River Queensland AUSTRALIA,College’s Crossing,Queensland,AUSTRALIA,-26.895106800000004,152.318608
3974,2020-05-01|Collendina Beach east of Ocean Grove Victoria AUSTRALIA,0.9173624653893027,-1.068770875633219,0.1547614969337064,0.3108330304553162,0.6145089736793938,0.377621278732502,0.1642344314718841,2020-05-01,Collendina Beach east of Ocean Grove Victoria AUSTRALIA,Collendina Beach east of Ocean Grove,Victoria,AUSTRALIA,-38.271434,144.55914099999998
3975,2020-05-01|Collie River Western Australia AUSTRALIA,0.225871917223424,-0.25317469521369707,0.022092581317369908,0.07651634412725003,0.1699933379709464,0.028897734954504404,0.04714766896473283,2020-05-01,Collie River Western Australia AUSTRALIA,Collie River,Western Australia,AUSTRALIA,-33.3057308,115.788155
3976,2020-05-01|Condon 88 km NE of Port Hedland Western Australia AUSTRALIA,1.18216630041074,-1.3946954337456672,0.05407902766552664,0.13950658741804964,0.8559283728230639,0.7326133794035379,0.24708523822821715,2020-05-01,Condon 88 km NE of Port Hedland Western Australia AUSTRALIA,Condon,Western Australia,AUSTRALIA,-20.3068645,118.61767090000001
3977,2020-05-01|Cone Bay Western Australia AUSTRALIA,1.4002411475562608,-1.8866451760456437,0.08154471915682548,0.30767418954275816,1.152260559605725,1.3277043972228981,0.33262897213247705,2020-05-01,Cone Bay Western Australia AUSTRALIA,Cone Bay,Western Australia,AUSTRALIA,-16.4683333,123.53527779999999
3978,2020-05-01|Conspicuous Beach near Walpole Western Australia AUSTRALIA,0.1854704621451502,-0.2849062162377356,0.027980958652799426,0.11173022116561564,0.17030512022069536,0.0290038339733855,0.04397259295924034,2020-05-01,Conspicuous Beach near Walpole Western Australia AUSTRALIA,Conspicuous Beach,Western Australia,AUSTRALIA,-35.0169764,116.861579
3979,2020-05-01|Coogee Bay near Sydney New South Wales AUSTRALIA,0.558738274487065,-0.46170658498823985,0.07300810791191072,0.03271515113314437,0.33758243732549054,0.11396190199061873,0.10178493458384727,2020-05-01,Coogee Bay near Sydney New South Wales AUSTRALIA,Coogee Bay,New South Wales,AUSTRALIA,-33.9197737,151.249673
3980,2020-05-01|Coogee New South Wales AUSTRALIA,0.558738274487065,-0.46170658498823985,0.07300810791191072,0.03271515113314437,0.33758243732549054,0.11396190199061873,0.10178493458384727,2020-05-01,Coogee New South Wales AUSTRALIA,Coogee,New South Wales,AUSTRALIA,-33.919000000000004,151.2555
3981,2020-05-01|Cook Island New South Wales AUSTRALIA,0.6233062562572119,-0.4249303492999959,0.04163843258713296,-0.00659236705305828,0.3570348424369541,0.12747387871398064,0.10306708119552555,2020-05-01,Cook Island New South Wales AUSTRALIA,Cook Island,New South Wales,AUSTRALIA,-28.195873100000004,153.57802900000002
3982,2020-05-01|Cooks Hill Newcastle New South Wales AUSTRALIA,0.5740242364762262,-0.45872048105985147,0.04771001010371694,0.011120744025680668,0.3415950628905901,0.11668718699122621,0.09861000075686467,2020-05-01,Cooks Hill Newcastle New South Wales AUSTRALIA,Cooks Hill,New South Wales,AUSTRALIA,-32.9338,151.7696
3983,2020-05-01|Cooktown Queensland AUSTRALIA,0.7726148909153561,-0.4603216375838054,0.14065782039951896,0.06498730766749537,0.41348268336385624,0.170967929441775,0.12466971982065798,2020-05-01,Cooktown Queensland AUSTRALIA,Cooktown,Queensland,AUSTRALIA,-15.4758164,145.2470981
3984,2020-05-01|Coolum Beach Queensland AUSTRALIA,0.6319573628988553,-0.4181336187880709,0.028809033046212174,-0.030699451706183732,0.3644873584868084,0.13285103449669117,0.10521843726928724,2020-05-01,Coolum Beach Queensland AUSTRALIA,Coolum Beach,Queensland,AUSTRALIA,-26.527691700000002,153.0736329
3985,2020-05-01|Coopers Point Queensland AUSTRALIA,0.6507564767210005,-0.5811899150878082,-0.01158239456436015,-0.14727507529558598,0.41696467726456016,0.17385954208633883,0.10765981673349279,2020-05-01,Coopers Point Queensland AUSTRALIA,Cooper's Point,Queensland,AUSTRALIA,-27.4137404,140.0047273
3986,2020-05-01|Cooranbong New South Wales AUSTRALIA,0.5712761478067819,-0.4600664585099208,0.048006334335696614,0.012414741502955242,0.34056772808528274,0.11598637741317107,0.09831343474366863,2020-05-01,Cooranbong New South Wales AUSTRALIA,Cooranbong,New South Wales,AUSTRALIA,-33.074,151.451
3987,2020-05-01|Coral Bay Western Australia AUSTRALIA,0.3622608246030554,-0.370996164005319,0.0017613920311980288,-0.006586261893368134,0.21321123102104533,0.04545902903350956,0.0569830983923614,2020-05-01,Coral Bay Western Australia AUSTRALIA,Coral Bay,Western Australia,AUSTRALIA,-23.143670800000002,113.77153590000002
3988,2020-05-01|Corio Bay Port Phillip South Australia AUSTRALIA,0.5129870851107602,-0.5610040992253041,0.034428992426307876,0.01716650660466386,0.3566302064059095,0.12718510412112158,0.10295027283480182,2020-05-01,Corio Bay Port Phillip South Australia AUSTRALIA,Corio Bay,South Australia,AUSTRALIA,-38.1166667,144.43333330000002
3989,2020-05-01|Cottesloe Beach Perth Western Australia AUSTRALIA,0.19864860880193708,-0.24442063410433837,0.011861535356618587,0.044287968912057066,0.1584722312366678,0.025113448073127907,0.04395228888161475,2020-05-01,Cottesloe Beach Perth Western Australia AUSTRALIA,Cottesloe Beach,Western Australia,AUSTRALIA,-32.0135412,115.76343659999999
3990,2020-05-01|Cottesloe Beach Western Australia AUSTRALIA,0.19864860880193708,-0.24442063410433837,0.011861535356618587,0.044287968912057066,0.1584722312366678,0.025113448073127907,0.04395228888161475,2020-05-01,Cottesloe Beach Western Australia AUSTRALIA,Cottesloe Beach,Western Australia,AUSTRALIA,-31.9938622,115.7510477
3991,2020-05-01|Cottesloe Perth Western Australia AUSTRALIA,0.19864860880193708,-0.24442063410433837,0.011861535356618587,0.044287968912057066,0.1584722312366678,0.025113448073127907,0.04395228888161475,2020-05-01,Cottesloe Perth Western Australia AUSTRALIA,Cottesloe,Western Australia,AUSTRALIA,-31.9896506,115.7630503
3992,2020-05-01|Cowaramup Bay Western Australia AUSTRALIA,0.20792113094826903,-0.28883865132139697,0.008017114672596061,0.060255329695579854,0.18280010298177038,0.03341587765014586,0.050699626496990065,2020-05-01,Cowaramup Bay Western Australia AUSTRALIA,Cowaramup Bay,Western Australia,AUSTRALIA,-33.8606025,114.9857991
3993,2020-05-01|Cowell South Australia AUSTRALIA,0.43623559846204873,-0.3554816631135025,0.04322188301445937,0.04750647444224737,0.3103418266353255,0.09631204935935042,0.09357158142753622,2020-05-01,Cowell South Australia AUSTRALIA,Cowell,South Australia,AUSTRALIA,-33.683333000000005,136.916667
3994,2020-05-01|Cowes Victoria AUSTRALIA,0.5447189569961796,-0.7065820150655051,0.014221688739784596,0.07576035645888317,0.4031049895702807,0.16249363261645608,0.11636638712004142,2020-05-01,Cowes Victoria AUSTRALIA,Cowes,Victoria,AUSTRALIA,-38.451111,145.241944
3995,2020-05-01|Crescent Head New South Wales AUSTRALIA,0.5978421869370119,-0.4402580310033835,0.048202581826187384,0.007485271345110886,0.34834455558516114,0.12134392940582343,0.10055841146891667,2020-05-01,Crescent Head New South Wales AUSTRALIA,Crescent Head,New South Wales,AUSTRALIA,-31.1861501,152.9132368
3996,2020-05-01|Cronulla New South Wales AUSTRALIA,0.5562715579806239,-0.4627026226930374,0.07191457380674164,0.03227329878048989,0.3369772425511838,0.11355366199739936,0.1016024614937146,2020-05-01,Cronulla New South Wales AUSTRALIA,Cronulla,New South Wales,AUSTRALIA,-34.05744,151.15219
3997,2020-05-01|Cronulla near Sydney New South Wales AUSTRALIA,0.5562715579806239,-0.4627026226930374,0.07191457380674164,0.03227329878048989,0.3369772425511838,0.11355366199739936,0.1016024614937146,2020-05-01,Cronulla near Sydney New South Wales AUSTRALIA,Cronulla,New South Wales,AUSTRALIA,-34.05744,151.15219
3998,2020-05-01|Crookhaven New South Wales AUSTRALIA,0.5501922322988109,-0.4681151862527718,0.06990389052294066,0.029984573362158155,0.33633171780826066,0.11311902440385549,0.10140782846051764,2020-05-01,Crookhaven New South Wales AUSTRALIA,Crookhaven,New South Wales,AUSTRALIA,-34.9211517,150.7225905
3999,2020-05-01|Crowdy Head New South Wales AUSTRALIA,0.5947332789541915,-0.4522808540046074,0.04769510332170176,0.007824096093108197,0.3487449914040262,0.12162306902939432,0.10067400733282414,2020-05-01,Crowdy Head New South Wales AUSTRALIA,Crowdy Head,New South Wales,AUSTRALIA,-31.844324100000005,152.72650990000002
4000,2020-05-01|Cudgen Creek New South Wales AUSTRALIA,0.6200687859561176,-0.42273005060808616,0.041767668572134715,-0.0062733250770269835,0.3552646207098787,0.12621295072813396,0.10255606220019939,2020-05-01,Cudgen Creek New South Wales AUSTRALIA,Cudgen Creek,New South Wales,AUSTRALIA,-28.2765787,153.5730286
4001,2020-05-01|Cull Island  Esperance Western Australia AUSTRALIA,0.21363343729088535,-0.2751382728455963,0.03532933891807091,0.09797635998887323,0.17120635735997003,0.029311616800469766,0.044205291387999966,2020-05-01,Cull Island  Esperance Western Australia AUSTRALIA,Cull Island / Esperance,Western Australia,AUSTRALIA,-33.9221794,121.90321809999999
4002,2020-05-01|Curl Curl New South Wales AUSTRALIA,0.5610470894160124,-0.461646868824497,0.0738876119981834,0.032690220064257314,0.3383514901326466,0.11448173087498245,0.10201681272978419,2020-05-01,Curl Curl New South Wales AUSTRALIA,Curl Curl,New South Wales,AUSTRALIA,-33.77213,151.28992
4003,2020-05-01|Currumbin Queensland AUSTRALIA,0.6261713556556122,-0.4267498626112473,0.0411047564938774,-0.00760224834402194,0.35864399424238713,0.12862551460613342,0.1035316033095424,2020-05-01,Currumbin Queensland AUSTRALIA,Currumbin,Queensland,AUSTRALIA,-28.136,153.483
4004,2020-05-01|Currumbin Rock Queensland AUSTRALIA,0.6261723157189897,-0.4267503651880598,0.04110428204557381,-0.0076029760653357065,0.3586443997096099,0.12862580544306643,0.10353172035784751,2020-05-01,Currumbin Rock Queensland AUSTRALIA,Currumbin Rock,Queensland,AUSTRALIA,-28.133333299999997,153.5
4005,2020-05-01|Dampiers Creek Broome Western Australia AUSTRALIA,1.4710978972664077,-1.6974134052141057,0.24439925830927192,0.4990290120773337,1.0945137998979255,1.1979604581669963,0.3159589185014138,2020-05-01,Dampiers Creek Broome Western Australia AUSTRALIA,Dampier's Creek,Western Australia,AUSTRALIA,-17.9420122,122.250175
4006,2020-05-01|Dangerous Reef South Australia AUSTRALIA,0.3285833484180642,-0.3065019839758458,0.0517239895327001,0.07915515210431258,0.24307217232780445,0.05908408096015786,0.07686617003608145,2020-05-01,Dangerous Reef South Australia AUSTRALIA,Dangerous Reef,South Australia,AUSTRALIA,-34.8166667,136.22916669999998
4007,2020-05-01|Dangerous Reef South Neptune Island South Australia AUSTRALIA,0.3285904582412782,-0.30651277987349834,0.05172343818350826,0.07915594634565014,0.2430783478481563,0.059087083192589276,0.0768681229070863,2020-05-01,Dangerous Reef South Neptune Island South Australia AUSTRALIA,Dangerous Reef,South Australia,AUSTRALIA,-34.8166667,136.22916669999998
4008,2020-05-01|Darling Harbor Sydney New South Wales AUSTRALIA,0.5595239818466818,-0.4614598276597755,0.0735379505728795,0.03307240629749196,0.33778851103564933,0.11410107818768098,0.10184706814527937,2020-05-01,Darling Harbor Sydney New South Wales AUSTRALIA,Darling Harbor,New South Wales,AUSTRALIA,-33.87488,151.2009
4009,2020-05-01|Dee Why north of Queenscliff New South Wales AUSTRALIA,0.5610470894160124,-0.461646868824497,0.0738876119981834,0.032690220064257314,0.3383514901326466,0.11448173087498245,0.10201681272978419,2020-05-01,Dee Why north of Queenscliff New South Wales AUSTRALIA,Dee Why,New South Wales,AUSTRALIA,-33.7544,151.2854
4010,2020-05-01|Denmark Western Australia AUSTRALIA,0.19323366267603306,-0.29263610457545497,0.02480505395219936,0.10802610836078007,0.1771862155073523,0.031394954965817894,0.04574928412249959,2020-05-01,Denmark Western Australia AUSTRALIA,Denmark,Western Australia,AUSTRALIA,-34.9617565,117.35065
4011,2020-05-01|Dent Island Whitsundays Queensland AUSTRALIA,1.3832092709333705,-0.8937211645913932,0.231352437343461,0.21964197115480932,0.768372780788177,0.5903967302561558,0.22181011591301764,2020-05-01,Dent Island Whitsundays Queensland AUSTRALIA,Dent Island,Queensland,AUSTRALIA,-20.3496288,148.93201430000002
4012,2020-05-01|Depth of 40 m on the wreck of the St Paul off Brisbane Queensland AUSTRALIA,1.6251911047519927,-1.7129607240668443,0.22889383035631325,0.4800368288060687,1.2133034502774618,1.472105262455193,0.3502505368131972,2020-05-01,Depth of 40 m on the wreck of the St Paul off Brisbane Queensland AUSTRALIA,Depth of 40 m on the wreck of the St. Paul off Brisbane,Queensland,AUSTRALIA,44.953702899999996,-93.0899578
4013,2020-05-01|Derwent Island Queensland AUSTRALIA,1.4792001160781365,-1.2803283671523498,0.0920689528031608,0.11193315646506263,0.88510881985128,0.7834176229785256,0.25550890770162427,2020-05-01,Derwent Island Queensland AUSTRALIA,Derwent Island,Queensland,AUSTRALIA,-20.9866702,149.7855122
4014,2020-05-01|Derwent River Tasmania AUSTRALIA,0.22014572362120066,-0.34875114017007464,-0.007937412533126326,0.0615811703793528,0.21021321920952057,0.044189597530429954,0.06647525669783452,2020-05-01,Derwent River Tasmania AUSTRALIA,Derwent River,Tasmania,AUSTRALIA,-42.133391100000004,146.22308940000002
4015,2020-05-01|Derwent River empties into the sea at Hobart Tasmania AUSTRALIA,0.22014572362120066,-0.34875114017007464,-0.007937412533126326,0.0615811703793528,0.21021321920952057,0.044189597530429954,0.06647525669783452,2020-05-01,Derwent River empties into the sea at Hobart Tasmania AUSTRALIA,Derwent River (empties into the sea at Hobart),Tasmania,AUSTRALIA,-42.133391100000004,146.22308940000002
4016,2020-05-01|Dicky Beach Queensland AUSTRALIA,0.6372141926417553,-0.4231333706143661,0.027723014943381533,-0.03391821848096721,0.36770656989968015,0.13520812154738834,0.10614774355718715,2020-05-01,Dicky Beach Queensland AUSTRALIA,Dicky Beach,Queensland,AUSTRALIA,-26.783,153.13299999999998
4017,2020-05-01|Dingo Reef 80 nm off Townsville Queensland AUSTRALIA,0.8475149303457558,-0.48985301178222335,0.18539523907425678,0.13667334875396164,0.4513228675700532,0.20369233079165575,0.13607896463973868,2020-05-01,Dingo Reef 80 nm off Townsville Queensland AUSTRALIA,Dingo Reef,Queensland,AUSTRALIA,-19.150384600000002,148.3894903
4018,2020-05-01|Direction Island Cocos Islands Western Australia AUSTRALIA,0.34654961170767046,-0.21261594497391276,0.044016982011415455,-0.0017137519841726612,0.18664674057369643,0.03483700576678474,0.05627610971143224,2020-05-01,Direction Island Cocos Islands Western Australia AUSTRALIA,Direction Island,Western Australia,AUSTRALIA,-12.188700599999999,96.8293902
4019,2020-05-01|Dobroyd Head Watson Bay Sydney New South Wales AUSTRALIA,0.5610462323269237,-0.4616459814196701,0.0738880618358812,0.03269193848585978,0.3383509453704037,0.11448136223304592,0.10201664847778787,2020-05-01,Dobroyd Head Watson Bay Sydney New South Wales AUSTRALIA,Dobroyd Head,New South Wales,AUSTRALIA,-33.8115783,151.2731683
4020,2020-05-01|Dolphin Bay Innes National Park South Australia AUSTRALIA,0.27447548971294056,-0.2550225072674651,0.06080132038629989,0.10114711852159874,0.19771338909875766,0.039090584228916744,0.06252246334631797,2020-05-01,Dolphin Bay Innes National Park South Australia AUSTRALIA,Dolphin Bay,South Australia,AUSTRALIA,-35.2367081,136.897156
4021,2020-05-01|Double Island Beach Queensland AUSTRALIA,0.6389379562793586,-0.4231833390303685,0.024328498868814663,-0.038074261783304246,0.3687870482284109,0.13600388694102428,0.10645965078416028,2020-05-01,Double Island Beach Queensland AUSTRALIA,Double Island Beach,Queensland,AUSTRALIA,-25.9090307,153.0924523
4022,2020-05-01|Dover Heights Sydney New South Wales AUSTRALIA,0.5595239818466818,-0.4614598276597755,0.0735379505728795,0.03307240629749196,0.33778851103564933,0.11410107818768098,0.10184706814527937,2020-05-01,Dover Heights Sydney New South Wales AUSTRALIA,Dover Heights,New South Wales,AUSTRALIA,-33.87185,151.27837
4023,2020-05-01|Dugong Bay Westerm Australia AUSTRALIA,1.9843307510341859,-1.9831572086703204,0.2544160104043666,0.39374689505339505,1.3735163239284218,1.886547092097845,0.3965000096782098,2020-05-01,Dugong Bay Westerm Australia AUSTRALIA,Dugong Bay,Western Australia,AUSTRALIA,-16.395,123.87222220000001
4024,2020-05-01|Duranbah Greenmount Beach Queensland AUSTRALIA,0.6232881995276013,-0.4249333798139857,0.041630472296467304,-0.00660102090940474,0.35703026735759086,0.1274706118094328,0.10306576048387457,2020-05-01,Duranbah Greenmount Beach Queensland AUSTRALIA,Duranbah,Queensland,AUSTRALIA,-28.1675,153.55194440000002
4025,2020-05-01|Duranbah Queensland AUSTRALIA,0.6184498135020069,-0.4221669069446702,0.042077623353975906,-0.00568422234673579,0.3544861677639583,0.12566044313597718,0.10233134219126008,2020-05-01,Duranbah Queensland AUSTRALIA,Duranbah,Queensland,AUSTRALIA,-28.316667,153.533333
4026,2020-05-01|Eaglehawk Neck Tasmania AUSTRALIA,0.3751082475981249,-0.4273137550584016,0.05150124467101777,0.0895979314750729,0.25858687415527787,0.0668671714853975,0.07464760070122678,2020-05-01,Eaglehawk Neck Tasmania AUSTRALIA,Eaglehawk Neck,Tasmania,AUSTRALIA,-43.019722200000004,147.925
4027,2020-05-01|East Ballina New South Wales AUSTRALIA,0.6191498509476768,-0.43045488516031927,0.042487746415931005,-0.004959440070520349,0.3561232288669336,0.12682375413861038,0.10280392102550141,2020-05-01,East Ballina New South Wales AUSTRALIA,East Ballina,New South Wales,AUSTRALIA,-28.8537305,153.5865127
4028,2020-05-01|East of Station Pier Port Melbourne Victoria AUSTRALIA,0.5120752104147586,-0.5629600948081395,0.061606875559959764,0.03587530449835527,0.34496782407181364,0.11900279964484178,0.09567685985201267,2020-05-01,East of Station Pier Port Melbourne Victoria AUSTRALIA,East of Station Pier,Victoria,AUSTRALIA,-37.8423661,144.93221259999999
4029,2020-05-01|Egg Rock Middle Harbor Sydney New South Wales AUSTRALIA,0.5610470894160124,-0.461646868824497,0.0738876119981834,0.032690220064257314,0.3383514901326466,0.11448173087498245,0.10201681272978419,2020-05-01,Egg Rock Middle Harbor Sydney New South Wales AUSTRALIA,Egg Rock,New South Wales,AUSTRALIA,-33.7859956,151.2260866
4030,2020-05-01|Eight-mile reef off Port Kembla New South Wales AUSTRALIA,0.5546948922299901,-0.46502480668174606,0.07136757227753358,0.03181451341164409,0.33705294875924935,0.11360469026730516,0.10162528777430134,2020-05-01,Eight-mile reef off Port Kembla New South Wales AUSTRALIA,Eight-mile reef off Port Kembla,New South Wales,AUSTRALIA,-34.485392,150.8995794
4031,2020-05-01|Elephant Rock Currumbin near Southport Queensland AUSTRALIA,0.6261713556556122,-0.4267498626112473,0.0411047564938774,-0.00760224834402194,0.35864399424238713,0.12862551460613342,0.1035316033095424,2020-05-01,Elephant Rock Currumbin near Southport Queensland AUSTRALIA,Elephant Rock,Queensland,AUSTRALIA,-28.131834499999997,153.48836269999998
4032,2020-05-01|Elliot Head near Bundaberg Queensland AUSTRALIA,0.8991302762752247,-0.6149525256059188,0.1568379242441452,0.26913087094591726,0.5622405639410842,0.31611445174078845,0.1695219084100364,2020-05-01,Elliot Head near Bundaberg Queensland AUSTRALIA,Elliot Head,Queensland,AUSTRALIA,-24.916667,152.48333300000002
4033,2020-05-01|Elliots Cove Tasmania AUSTRALIA,0.21191928698429144,-0.35410198957291095,-0.0013128357098925708,0.0762432369728923,0.21129644631293107,0.04464618822447336,0.06681780318483492,2020-05-01,Elliots Cove Tasmania AUSTRALIA,Elliot's Cove,Tasmania,AUSTRALIA,-42.98,145.56
4034,2020-05-01|Ellis Beach Queensland AUSTRALIA,0.7950603063910685,-0.4587259991584665,0.15666328938680035,0.08280022301624308,0.4233466879487206,0.1792224181971514,0.12764382910596167,2020-05-01,Ellis Beach Queensland AUSTRALIA,Ellis Beach,Queensland,AUSTRALIA,-16.722874800000003,145.67572130000002
4035,2020-05-01|Elliston Eyre Peninsula South Australia AUSTRALIA,0.33633679785334203,-0.26809908588049697,0.07175929669832545,0.08899145218740048,0.22495094481382003,0.050602927572630296,0.07953216925608647,2020-05-01,Elliston Eyre Peninsula South Australia AUSTRALIA,Elliston,South Australia,AUSTRALIA,-34.3333333,135.75
4036,2020-05-01|Elwood Beach Victoria AUSTRALIA,0.5120752104147586,-0.5629600948081395,0.061606875559959764,0.03587530449835527,0.34496782407181364,0.11900279964484178,0.09567685985201267,2020-05-01,Elwood Beach Victoria AUSTRALIA,Elwood Beach,Victoria,AUSTRALIA,-37.890226500000004,144.9845562
4037,2020-05-01|Elwood Victoria AUSTRALIA,0.5120749707455647,-0.562966391217682,0.061601136862380716,0.03588840168495467,0.3449693831123715,0.11900387528493017,0.09567729225206437,2020-05-01,Elwood Victoria AUSTRALIA,Elwood,Victoria,AUSTRALIA,-37.882248600000004,144.9825759
4038,2020-05-01|Emerald Beach New South Wales AUSTRALIA,0.6034217146077415,-0.4377537872923031,0.046420854228108134,0.003239298207363822,0.35147010760218245,0.1235312365378897,0.10146068061811339,2020-05-01,Emerald Beach New South Wales AUSTRALIA,Emerald Beach,New South Wales,AUSTRALIA,-30.1574794,153.1501948
4039,2020-05-01|Emerald Hill Victoria AUSTRALIA,0.5120749235084671,-0.5629676511163363,0.06160225548801331,0.035887747549349425,0.3449705696907671,0.11900469395277243,0.0956776213496988,2020-05-01,Emerald Hill Victoria AUSTRALIA,Emerald Hill,Victoria,AUSTRALIA,-37.835,144.96
4040,2020-05-01|Emu Channel Western Australia AUSTRALIA,0.23582430407378369,-0.28282483627246824,0.004502455317952056,0.05128305217251207,0.18738780113388048,0.03511418801379074,0.0500814964502793,2020-05-01,Emu Channel Western Australia AUSTRALIA,Emu Channel,Western Australia,AUSTRALIA,-27.6728168,121.6283098
4041,2020-05-01|Emu Point Western Australia AUSTRALIA,0.19847352093659115,-0.27663094554015727,0.04853056732621432,0.12442721767690505,0.16419959596169179,0.02696150731398283,0.04239615337424126,2020-05-01,Emu Point Western Australia AUSTRALIA,Emu Point,Western Australia,AUSTRALIA,-34.9977653,117.9383683
4042,2020-05-01|Encounter Bay South Australia AUSTRALIA,0.28003823383322224,-0.2935521955261163,-0.010903299260242619,0.019452425553995033,0.2179252196486831,0.04749140135892678,0.05824296484734492,2020-05-01,Encounter Bay South Australia AUSTRALIA,Encounter Bay,South Australia,AUSTRALIA,-35.5753024,138.5962997
4043,2020-05-01|Esperance Westerm Australia AUSTRALIA,0.21363343729088535,-0.2751382728455963,0.03532933891807091,0.09797635998887323,0.17120635735997003,0.029311616800469766,0.044205291387999966,2020-05-01,Esperance Westerm Australia AUSTRALIA,Esperance,Western Australia,AUSTRALIA,-33.86131029999999,121.89142379999998
4044,2020-05-01|Esperance Western Australia AUSTRALIA,0.21363343729088535,-0.2751382728455963,0.03532933891807091,0.09797635998887323,0.17120635735997003,0.029311616800469766,0.044205291387999966,2020-05-01,Esperance Western Australia AUSTRALIA,Esperance,Western Australia,AUSTRALIA,-33.86131029999999,121.89142379999998
4045,2020-05-01|Eva Rock Queensland AUSTRALIA,0.8883488698929617,-0.5233413274511952,0.1838772041789808,0.12568858391829518,0.47444975590586214,0.22510257087913219,0.14305198383776824,2020-05-01,Eva Rock Queensland AUSTRALIA,Eva Rock,Queensland,AUSTRALIA,-18.235612,146.3256112
4046,2020-05-01|Evans Head New South Wales AUSTRALIA,0.6217282667772807,-0.44093688240044154,0.043590405338371635,-0.002975349036303039,0.3593180609030806,0.12910946889114994,0.10372618959354397,2020-05-01,Evans Head New South Wales AUSTRALIA,Evans Head,New South Wales,AUSTRALIA,-29.108617100000004,153.4217078
4047,2020-05-01|Exmouth Western Australia AUSTRALIA,0.47011763498319803,-0.47205009814099713,0.041995819763427984,0.05814853093232606,0.27998096270636685,0.078389339477984,0.08082354209324574,2020-05-01,Exmouth Western Australia AUSTRALIA,Exmouth,Western Australia,AUSTRALIA,-21.9313388,114.1236812
4048,2020-05-01|Fairhaven Beach Lorne Victoria AUSTRALIA,0.8204772493545726,-0.9405473948017036,0.07842729694004293,0.16479332816319475,0.531557853311712,0.28255375141735556,0.1534475348496883,2020-05-01,Fairhaven Beach Lorne Victoria AUSTRALIA,Fairhaven Beach,Victoria,AUSTRALIA,-38.468452500000005,144.0776499
4049,2020-05-01|Fairy Bower New South Wales AUSTRALIA,0.5610470894160124,-0.461646868824497,0.0738876119981834,0.032690220064257314,0.3383514901326466,0.11448173087498245,0.10201681272978419,2020-05-01,Fairy Bower New South Wales AUSTRALIA,Fairy Bower,New South Wales,AUSTRALIA,-33.8007906,151.2936784
4050,2020-05-01|Fairy Bower near North Steyne New South Wales AUSTRALIA,0.5610470894160124,-0.461646868824497,0.0738876119981834,0.032690220064257314,0.3383514901326466,0.11448173087498245,0.10201681272978419,2020-05-01,Fairy Bower near North Steyne New South Wales AUSTRALIA,Fairy Bower,New South Wales,AUSTRALIA,-33.8007906,151.2936784
4051,2020-05-01|Falcon Bay Beach Mandurah Western Australia AUSTRALIA,0.2009189543689429,-0.21222342948521508,0.02358200739520441,0.0554108187974732,0.14073089433886452,0.01980518462141665,0.042431961175742224,2020-05-01,Falcon Bay Beach Mandurah Western Australia AUSTRALIA,Falcon Bay Beach,Western Australia,AUSTRALIA,-32.5785751,115.65358130000001
4052,2020-05-01|Falcon Beach Mandurah Western Australia AUSTRALIA,0.2009189543689429,-0.21222342948521508,0.02358200739520441,0.0554108187974732,0.14073089433886452,0.01980518462141665,0.042431961175742224,2020-05-01,Falcon Beach Mandurah Western Australia AUSTRALIA,Falcon Beach,Western Australia,AUSTRALIA,-32.5785751,115.65358130000001
4053,2020-05-01|Fantome Island Queensland AUSTRALIA,0.9616393250794911,-0.5881537988826324,0.19643546941023632,0.13946407176118156,0.5067859884774495,0.25683203811706556,0.15280172479900683,2020-05-01,Fantome Island Queensland AUSTRALIA,Fantome Island,Queensland,AUSTRALIA,-18.6932861,146.5196111
4054,2020-05-01|Fidos Reef 300 m east of Cook Island Cook Island is 2 miles from Tweed Heads Gold Coast Queensland AUSTRALIA,0.6232881995276013,-0.4249333798139857,0.041630472296467304,-0.00660102090940474,0.35703026735759086,0.1274706118094328,0.10306576048387457,2020-05-01,Fidos Reef 300 m east of Cook Island Cook Island is 2 miles from Tweed Heads Gold Coast Queensland AUSTRALIA,Fido's Reef,Queensland,AUSTRALIA,-28.178665600000002,153.5370011
4055,2020-05-01|Fig Tree Bridge Lane Cove River near Sydney New South Wales AUSTRALIA,0.5610462323269237,-0.4616459814196701,0.0738880618358812,0.03269193848585978,0.3383509453704037,0.11448136223304592,0.10201664847778787,2020-05-01,Fig Tree Bridge Lane Cove River near Sydney New South Wales AUSTRALIA,Fig Tree Bridge,New South Wales,AUSTRALIA,-33.8298,151.1461246
4056,2020-05-01|Figtree Ledge Hervey Bay Queensland AUSTRALIA,0.968823346817438,-0.6865148765433619,0.16446717878599468,0.3199247902532733,0.6157902892860176,0.37919768037895735,0.18566775810055722,2020-05-01,Figtree Ledge Hervey Bay Queensland AUSTRALIA,Figtree Ledge,Queensland,AUSTRALIA,-25.288153899999998,152.7676633
4057,2020-05-01|Fingal Bay New South Wales AUSTRALIA,0.5754686495136072,-0.457049600670425,0.04723246814066984,0.010028417458461128,0.34184800497644563,0.11686005850637599,0.09868301884754371,2020-05-01,Fingal Bay New South Wales AUSTRALIA,Fingal Bay,New South Wales,AUSTRALIA,-32.750155,152.16318700000002
4058,2020-05-01|Fingal Beach New South Wales AUSTRALIA,0.6232881995276013,-0.4249333798139857,0.041630472296467304,-0.00660102090940474,0.35703026735759086,0.1274706118094328,0.10306576048387457,2020-05-01,Fingal Beach New South Wales AUSTRALIA,Fingal Beach,New South Wales,AUSTRALIA,-28.2,153.5667
4059,2020-05-01|Fingal Beach Queensland AUSTRALIA,0.6232881995276013,-0.4249333798139857,0.041630472296467304,-0.00660102090940474,0.35703026735759086,0.1274706118094328,0.10306576048387457,2020-05-01,Fingal Beach Queensland AUSTRALIA,Fingal Beach,Queensland,AUSTRALIA,-28.2,153.5667
4060,2020-05-01|Fingal Beach near Tweed Heads Queensland AUSTRALIA,0.6233062562572119,-0.4249303492999959,0.04163843258713296,-0.00659236705305828,0.3570348424369541,0.12747387871398064,0.10306708119552555,2020-05-01,Fingal Beach near Tweed Heads Queensland AUSTRALIA,Fingal Beach,Queensland,AUSTRALIA,-28.2,153.5667
4061,2020-05-01|First Beach Forster New South Wales AUSTRALIA,0.5914304921603057,-0.45415438240018235,0.04852602495055486,0.00987470287884294,0.34764469054298386,0.120856830862727,0.10035637783366795,2020-05-01,First Beach Forster New South Wales AUSTRALIA,First Beach,New South Wales,AUSTRALIA,-32.1777906,152.5131044
4062,2020-05-01|First Sun Beach Byron Bay New South Wales AUSTRALIA,0.617892230948755,-0.42304037988490373,0.04299958757149949,-0.004442914483729457,0.3544841175070193,0.12565898956473026,0.10233075033306227,2020-05-01,First Sun Beach Byron Bay New South Wales AUSTRALIA,First Sun Beach,New South Wales,AUSTRALIA,-28.6410983,153.611705
4063,2020-05-01|Fishery Bay Eyre Peninsula South Australia AUSTRALIA,0.2431692165767633,-0.2692301523890236,0.01159035068671432,0.03480458034057146,0.19590708198868903,0.03837958477332293,0.061951258884160636,2020-05-01,Fishery Bay Eyre Peninsula South Australia AUSTRALIA,Fishery Bay,South Australia,AUSTRALIA,-34.9141667,135.6861111
4064,2020-05-01|Fishery Bay South Australia AUSTRALIA,0.2431692165767633,-0.2692301523890236,0.01159035068671432,0.03480458034057146,0.19590708198868903,0.03837958477332293,0.061951258884160636,2020-05-01,Fishery Bay South Australia AUSTRALIA,Fishery Bay,South Australia,AUSTRALIA,-34.9141667,135.6861111
4065,2020-05-01|Fitzroy Island Queensland AUSTRALIA,0.79704172306399,-0.4556279496044954,0.16218681456513606,0.09300864902327334,0.42358382884483253,0.17942326005884837,0.12771532977640276,2020-05-01,Fitzroy Island Queensland AUSTRALIA,Fitzroy Island,Queensland,AUSTRALIA,-16.9336669,145.9943465
4066,2020-05-01|Fitzroy River at Rockhampton Queensland AUSTRALIA,1.4695752037830005,-1.210884157330443,0.17718148342820608,0.15032429993046,0.8714992774882905,0.7595109906626123,0.26276691895404397,2020-05-01,Fitzroy River at Rockhampton Queensland AUSTRALIA,Fitzroy River at Rockhampton,Queensland,AUSTRALIA,-23.265825699999997,150.35923630000002
4067,2020-05-01|Fitzroy River near Rockhampton Queensland AUSTRALIA,1.4695753880654783,-1.2108842910352622,0.17717995121469893,0.1503212575961452,0.8714982164000795,0.7595091411885199,0.2627665990239108,2020-05-01,Fitzroy River near Rockhampton Queensland AUSTRALIA,Fitzroy River near Rockhampton,Queensland,AUSTRALIA,-23.265825699999997,150.35923630000002
4068,2020-05-01|Flat Rock Ballina New South Wales AUSTRALIA,0.6194869336442297,-0.4296886806871816,0.04223929651771905,-0.005365352805212291,0.3561338410964282,0.12683131277409598,0.10280698451227913,2020-05-01,Flat Rock Ballina New South Wales AUSTRALIA,Flat Rock,New South Wales,AUSTRALIA,-28.842362599999998,153.60194730000003
4069,2020-05-01|Flat Rock Beach Lennox Head New South Wales AUSTRALIA,0.6195046987395435,-0.4296855204765885,0.04224727902855033,-0.005356392172436145,0.3561384541453512,0.12683459852104043,0.10280831618479787,2020-05-01,Flat Rock Beach Lennox Head New South Wales AUSTRALIA,Flat Rock Beach,New South Wales,AUSTRALIA,-28.842362599999998,153.60194730000003
4070,2020-05-01|Flat Rock New South Wales AUSTRALIA,0.5411898314685091,-0.46944392435578125,0.06713784441313811,0.029887133494411022,0.3336099588204021,0.1112956046241504,0.1005871872484718,2020-05-01,Flat Rock New South Wales AUSTRALIA,Flat Rock,New South Wales,AUSTRALIA,-35.2341806,150.52992930000002
4071,2020-05-01|Flat Rock Yamba New South Wales AUSTRALIA,0.6168033314910244,-0.44238102861128875,0.045722979118256034,0.0009886307294457476,0.3578021840078645,0.12802240288079772,0.1032885936267883,2020-05-01,Flat Rock Yamba New South Wales AUSTRALIA,Flat Rock,New South Wales,AUSTRALIA,-29.4372663,153.3652792
4072,2020-05-01|Flinders Cay Queensland AUSTRALIA,0.9918003658431919,-0.6137744281672757,0.20756424497700085,0.20666514262457664,0.4967227101854999,0.24673345081402812,0.1433914952190994,2020-05-01,Flinders Cay Queensland AUSTRALIA,Flinders Cay,Queensland,AUSTRALIA,-21.0184301,144.4342138
4073,2020-05-01|Flinders Island Tasmania AUSTRALIA,0.6260226401438468,-0.6008417599326058,0.06391698182103703,0.06526301141011143,0.40660409560310795,0.16532689056122135,0.12259574757611863,2020-05-01,Flinders Island Tasmania AUSTRALIA,Flinders Island,Tasmania,AUSTRALIA,-39.9836386,148.052689
4074,2020-05-01|Flinders Island Victoria AUSTRALIA,0.5149770244967783,-0.5689038067539005,0.06043532636869265,0.03786975911161112,0.34681894136044344,0.12028337808637872,0.09619026741363211,2020-05-01,Flinders Island Victoria AUSTRALIA,Flinders Island,Victoria,AUSTRALIA,-37.908132,145.101076
4075,2020-05-01|Flinders Mornington Penisula Victoria AUSTRALIA,0.9782826027549293,-0.920796283706892,0.2321448818142765,0.37773918294788816,0.5849318872877546,0.3421453127660144,0.16223091632845554,2020-05-01,Flinders Mornington Penisula Victoria AUSTRALIA,Flinders,Victoria,AUSTRALIA,-38.474000000000004,145.02200000000002
4076,2020-05-01|Flinders Victoria AUSTRALIA,0.9782884589098698,-0.920809650051366,0.23213821802466134,0.37773840381058926,0.5849389870418955,0.3421536185615988,0.1622328854459631,2020-05-01,Flinders Victoria AUSTRALIA,Flinders,Victoria,AUSTRALIA,-38.474000000000004,145.02200000000002
4077,2020-05-01|Floreat Beach Western Australia AUSTRALIA,0.1980035252700153,-0.2432957197320712,0.012265380863264062,0.04465405123431905,0.15780029237408227,0.024900932273345847,0.04376592657215098,2020-05-01,Floreat Beach Western Australia AUSTRALIA,Floreat Beach,Western Australia,AUSTRALIA,-31.928959399999997,115.7548856
4078,2020-05-01|Fluted Cape Bruny Island Tasmania AUSTRALIA,0.3790907992605336,-0.4661863974236353,0.02410434543769482,0.07680720067432754,0.26008421380911584,0.06764379827270588,0.0750798454273326,2020-05-01,Fluted Cape Bruny Island Tasmania AUSTRALIA,Fluted Cape,Tasmania,AUSTRALIA,-43.3582342,147.3630217
4079,2020-05-01|Fourth Beach  Twilgth Beach Western Australia AUSTRALIA,0.21349085590412442,-0.27491605521973067,0.035448848070512004,0.098046566515576,0.17097421962828385,0.02923218377750064,0.044145353683410174,2020-05-01,Fourth Beach  Twilgth Beach Western Australia AUSTRALIA,Fourth Beach / Twilgth Beach,Western Australia,AUSTRALIA,-33.887392299999995,121.84184979999999
4080,2020-05-01|Frankston Victoria AUSTRALIA,0.5199063065612459,-0.5784785462917271,0.05801456472824528,0.04059175911227812,0.34941348356801705,0.12208978249913692,0.09690986394945997,2020-05-01,Frankston Victoria AUSTRALIA,Frankston,Victoria,AUSTRALIA,-38.1466246,145.135722
4081,2020-05-01|Fraser Island Queensland AUSTRALIA,0.9604928301084806,-0.6571997407276591,0.10836466711707637,0.19589695874205765,0.5720511249447173,0.32724248955051655,0.18089844928868698,2020-05-01,Fraser Island Queensland AUSTRALIA,Fraser Island,Queensland,AUSTRALIA,-25.2398229,153.1325243
4082,2020-05-01|Frasers Reef New South Wales AUSTRALIA,0.5631241880867909,-0.4619186506910682,0.07497203170052845,0.03366173111564605,0.3392209511722612,0.11507085371421362,0.10227896509689638,2020-05-01,Frasers Reef New South Wales AUSTRALIA,Fraser's Reef,New South Wales,AUSTRALIA,-31.2532183,146.921099
4083,2020-05-01|Fremantle Western Australia AUSTRALIA,0.19699694557106132,-0.24520548338876638,-0.0038283256627493606,0.017720978868919,0.15508364005982395,0.02405093541420503,0.04476879066772319,2020-05-01,Fremantle Western Australia AUSTRALIA,Fremantle,Western Australia,AUSTRALIA,-32.051819099999996,115.75510849999999
4084,2020-05-01|Frenchman Bay Western Australia AUSTRALIA,0.19608360728381302,-0.2729237482207446,0.04070738173931015,0.1126250593638732,0.16326015817367606,0.026653879246893726,0.043633112628315505,2020-05-01,Frenchman Bay Western Australia AUSTRALIA,Frenchman Bay,Western Australia,AUSTRALIA,-35.0943154,117.9496472
4085,2020-05-01|Freo Western Australia AUSTRALIA,0.19699694557106132,-0.24520548338876638,-0.0038283256627493606,0.017720978868919,0.15508364005982395,0.02405093541420503,0.04476879066772319,2020-05-01,Freo Western Australia AUSTRALIA,Freo,Western Australia,AUSTRALIA,-32.051819099999996,115.75510849999999
4086,2020-05-01|Garden Island Sydney New South Wales AUSTRALIA,0.5595231257566875,-0.4614589397277809,0.07353839837875009,0.03307411976225039,0.3377879682920006,0.11410071152283759,0.10184690450191208,2020-05-01,Garden Island Sydney New South Wales AUSTRALIA,Garden Island,New South Wales,AUSTRALIA,-33.858892100000006,151.2294331
4087,2020-05-01|Garden Point Woolloomooloo Sydney Harbour New South Wales AUSTRALIA,0.5595239818466818,-0.4614598276597755,0.0735379505728795,0.03307240629749196,0.33778851103564933,0.11410107818768098,0.10184706814527937,2020-05-01,Garden Point Woolloomooloo Sydney Harbour New South Wales AUSTRALIA,Garden Point,New South Wales,AUSTRALIA,-33.8641859,151.2165708
4088,2020-05-01|Gay’s Corner Bulimba Reach of Brisbane River Queensland AUSTRALIA,0.855772629971798,-0.560170524485027,0.12458520420299585,0.20952259271797197,0.5279546433180727,0.2787361054011134,0.15918431438290573,2020-05-01,Gay’s Corner Bulimba Reach of Brisbane River Queensland AUSTRALIA,Gay’s Corner,Queensland,AUSTRALIA,-27.45,153.058
4089,2020-05-01|Gearys Beach Western Australia AUSTRALIA,0.23582430407378369,-0.28282483627246824,0.004502455317952056,0.05128305217251207,0.18738780113388048,0.03511418801379074,0.0500814964502793,2020-05-01,Gearys Beach Western Australia AUSTRALIA,Gearys Beach,Western Australia,AUSTRALIA,-27.6728168,121.6283098
4090,2020-05-01|Geelong Victoria AUSTRALIA,0.5129871364449181,-0.5610054388727755,0.034430458716315324,0.017164943732653752,0.3566317821705886,0.12718622805417018,0.10295072771888267,2020-05-01,Geelong Victoria AUSTRALIA,Geelong,Victoria,AUSTRALIA,-38.1499181,144.3617186
4091,2020-05-01|Geographe Bay Western Australia AUSTRALIA,0.22592092974666977,-0.24731451197619744,0.04421419160685183,0.10035914016775854,0.1586879939179571,0.025181879413705588,0.04580927800284711,2020-05-01,Geographe Bay Western Australia AUSTRALIA,Geographe Bay,Western Australia,AUSTRALIA,-33.625,115.3197222
4092,2020-05-01|George Town Cove Tasmania AUSTRALIA,1.2353249013305825,-1.383830706547586,0.20812010420483806,0.30951303184741935,0.9259004267092413,0.8572916001803552,0.25679857419031976,2020-05-01,George Town Cove Tasmania AUSTRALIA,George Town Cove,Tasmania,AUSTRALIA,-41.112004999999996,146.82339299999998
4093,2020-05-01|Georges Head off Port Jackson New South Wales AUSTRALIA,0.5595239818466818,-0.4614598276597755,0.0735379505728795,0.03307240629749196,0.33778851103564933,0.11410107818768098,0.10184706814527937,2020-05-01,Georges Head off Port Jackson New South Wales AUSTRALIA,Georges Head,New South Wales,AUSTRALIA,-33.8462182,151.2488616
4094,2020-05-01|Georges River New South Wales AUSTRALIA,0.5559922060395479,-0.4636007562988613,0.07165890206395778,0.03194202762656989,0.337101142417673,0.11363718021930028,0.10163981870905278,2020-05-01,Georges River New South Wales AUSTRALIA,Georges River,New South Wales,AUSTRALIA,-34.0494645,150.8953368
4095,2020-05-01|George’s River New South Wales AUSTRALIA,0.5559922060395479,-0.4636007562988613,0.07165890206395778,0.03194202762656989,0.337101142417673,0.11363718021930028,0.10163981870905278,2020-05-01,George’s River New South Wales AUSTRALIA,George’s River,New South Wales,AUSTRALIA,-34.0494645,150.8953368
4096,2020-05-01|George’s River at Kentucky New South Wales AUSTRALIA,0.5559922060395479,-0.4636007562988613,0.07165890206395778,0.03194202762656989,0.337101142417673,0.11363718021930028,0.10163981870905278,2020-05-01,George’s River at Kentucky New South Wales AUSTRALIA,George’s River at Kentucky,New South Wales,AUSTRALIA,-34.0494645,150.8953368
4097,2020-05-01|Geraldton Western Australia AUSTRALIA,0.23938470205320503,-0.26686611541144106,0.0018862531267329083,0.018935904615974573,0.1706138957174255,0.02910910141187654,0.045598481656956,2020-05-01,Geraldton Western Australia AUSTRALIA,Geraldton,Western Australia,AUSTRALIA,-28.7796535,114.6144452
4098,2020-05-01|Gerringong New South Wales AUSTRALIA,0.552128388730865,-0.4671563524469338,0.07051943795817334,0.031212276125333727,0.33678627553899765,0.11342499539142965,0.10154488277310036,2020-05-01,Gerringong New South Wales AUSTRALIA,Gerringong,New South Wales,AUSTRALIA,-34.7391385,150.8249873
4099,2020-05-01|Gin Arm Creek Queensland AUSTRALIA,1.4403189539803223,-1.2729957975498971,0.0924779937569772,0.08454295813963553,1.0354242535248002,1.0721033847873895,0.29890123574900535,2020-05-01,Gin Arm Creek Queensland AUSTRALIA,Gin Arm Creek,Queensland,AUSTRALIA,-17.563458999999998,139.44820280000002
4100,2020-05-01|Gladstone Queensland AUSTRALIA,1.0156080160108873,-0.6612630276399095,0.21818370346849658,0.3741210303240009,0.5750784761877654,0.3307152537744422,0.17339268459310458,2020-05-01,Gladstone Queensland AUSTRALIA,Gladstone,Queensland,AUSTRALIA,-23.8415948,151.24977080000002
4101,2020-05-01|Gladstone Reef Queensland AUSTRALIA,1.0156080160108873,-0.6612630276399095,0.21818370346849658,0.3741210303240009,0.5750784761877654,0.3307152537744422,0.17339268459310458,2020-05-01,Gladstone Reef Queensland AUSTRALIA,Gladstone Reef,Queensland,AUSTRALIA,-23.8397556,151.2543694
4102,2020-05-01|Glenelg Breakwater South Australia AUSTRALIA,0.502521904008388,-0.37219263271980796,-0.02495738672867683,-0.09151415134938216,0.2943787048395827,0.08665882186303017,0.08497981224141324,2020-05-01,Glenelg Breakwater South Australia AUSTRALIA,Glenelg Breakwater,South Australia,AUSTRALIA,-34.982,138.516
4103,2020-05-01|Glenelg South Australia AUSTRALIA,0.5025117521022305,-0.37219402757600767,-0.024957476296137194,-0.09150645657033872,0.29437362349513263,0.08665583020965412,0.08497834538362019,2020-05-01,Glenelg South Australia AUSTRALIA,Glenelg,South Australia,AUSTRALIA,-34.982,138.516
4104,2020-05-01|Glenelg Western Australia AUSTRALIA,0.502521904008388,-0.37219263271980796,-0.02495738672867683,-0.09151415134938216,0.2943787048395827,0.08665882186303017,0.08497981224141324,2020-05-01,Glenelg Western Australia AUSTRALIA,Glenelg,Western Australia,AUSTRALIA,-34.982,138.516
4105,2020-05-01|Gnaraloo Western Australia AUSTRALIA,0.35549318289330517,-0.36985452703187455,-0.00022696951605710725,-0.013998918956869647,0.21288296559552378,0.045319157040744955,0.0568953657670596,2020-05-01,Gnaraloo Western Australia AUSTRALIA,Gnaraloo,Western Australia,AUSTRALIA,-23.8214,113.523903
4106,2020-05-01|Golden Beach Caloundra Queensland AUSTRALIA,0.6372141926417553,-0.4231333706143661,0.027723014943381533,-0.03391821848096721,0.36770656989968015,0.13520812154738834,0.10614774355718715,2020-05-01,Golden Beach Caloundra Queensland AUSTRALIA,Golden Beach,Queensland,AUSTRALIA,-26.799,153.13299999999998
4107,2020-05-01|Golden Beach Queensland AUSTRALIA,0.6372141926417553,-0.4231333706143661,0.027723014943381533,-0.03391821848096721,0.36770656989968015,0.13520812154738834,0.10614774355718715,2020-05-01,Golden Beach Queensland AUSTRALIA,Golden Beach,Queensland,AUSTRALIA,-26.823,153.118
4108,2020-05-01|Goldsmith Beach Yorke Peninsula South Australia AUSTRALIA,0.4347179778368198,-0.25384172344632416,0.036085482090168014,-0.05525981410842899,0.25686553278427704,0.0659799019325505,0.077447872165471,2020-05-01,Goldsmith Beach Yorke Peninsula South Australia AUSTRALIA,Goldsmith Beach,South Australia,AUSTRALIA,-35.15153370000001,137.68547780000003
4109,2020-05-01|Goolwa Beach Fleurieu Peninsula South Australia AUSTRALIA,0.2810484750101977,-0.291617637874966,-0.012687254928587039,0.02434023194507332,0.22623945374091042,0.05118429042898554,0.06274753469198584,2020-05-01,Goolwa Beach Fleurieu Peninsula South Australia AUSTRALIA,Goolwa Beach,South Australia,AUSTRALIA,-35.5,138.5
4110,2020-05-01|Goolwa Beach South Australia AUSTRALIA,0.27999500135561367,-0.29667517052906706,-0.011145726051442425,0.021669652961227012,0.218665025752228,0.04781439348722252,0.05844068634535271,2020-05-01,Goolwa Beach South Australia AUSTRALIA,Goolwa Beach,South Australia,AUSTRALIA,-35.5121467,138.7618244
4111,2020-05-01|Goolwa Victoria AUSTRALIA,0.28000355342417116,-0.296685548339604,-0.01114935968020271,0.02165682956483967,0.21867017319496618,0.04781664464511651,0.0584420620572916,2020-05-01,Goolwa Victoria AUSTRALIA,Goolwa,Victoria,AUSTRALIA,-35.498028600000005,138.7783094
4112,2020-05-01|Governors Reef Port Phillip Bay Victoria AUSTRALIA,0.5056512067737127,-0.5573460063225327,0.06525828955731983,0.05410252203990508,0.33764863518868926,0.11400660084478458,0.09364688209717337,2020-05-01,Governors Reef Port Phillip Bay Victoria AUSTRALIA,Governor's Reef,Victoria,AUSTRALIA,-38.1552778,144.7263889
4113,2020-05-01|Gracetown Western Australia AUSTRALIA,0.2079285550940806,-0.2888483017548869,0.008015402178747298,0.060253455010788895,0.18280619476760743,0.03341810484541242,0.05070131605438965,2020-05-01,Gracetown Western Australia AUSTRALIA,Gracetown,Western Australia,AUSTRALIA,-33.8641558,114.9882251
4114,2020-05-01|Graceville Queensland AUSTRALIA,0.8557923171906324,-0.5601707232822244,0.12458761349716235,0.20952475513281374,0.5279572273757335,0.278738833938272,0.15918509350560547,2020-05-01,Graceville Queensland AUSTRALIA,Graceville,Queensland,AUSTRALIA,-27.520922,152.98091200000002
4115,2020-05-01|Grange South Australia AUSTRALIA,0.5130344778060816,-0.38720476147572497,-0.025852541763691544,-0.09174831613096315,0.30309638805210876,0.0918674204502345,0.08749639061614413,2020-05-01,Grange South Australia AUSTRALIA,Grange,South Australia,AUSTRALIA,-34.9,138.489
4116,2020-05-01|Great Barrier Reef Queensland AUSTRALIA,0.768462979041371,-0.510181783070088,0.12972122330095126,0.06775014748529985,0.43808803316903183,0.19192112480591073,0.12646512193944712,2020-05-01,Great Barrier Reef Queensland AUSTRALIA,Great Barrier Reef,Queensland,AUSTRALIA,-18.2870668,147.6991918
4117,2020-05-01|Great Barrier Reef near Upolu Bay Queensland AUSTRALIA,0.7908420009600743,-0.45302380811651105,0.1608379722836484,0.09304413237559589,0.42033529711164463,0.17668176199793456,0.12673586060562575,2020-05-01,Great Barrier Reef near Upolu Bay Queensland AUSTRALIA,Great Barrier Reef (near Upolu Bay),Queensland,AUSTRALIA,-16.6722064,145.9334219
4118,2020-05-01|Great Barrier Reef off Cairns Queensland AUSTRALIA,0.7952249204727381,-0.4563689998977731,0.15972278703676032,0.08946663941135954,0.42299931537872765,0.1789284208108723,0.12753909233531366,2020-05-01,Great Barrier Reef off Cairns Queensland AUSTRALIA,Great Barrier Reef,Queensland,AUSTRALIA,-16.9185514,145.7780548
4119,2020-05-01|Great Keppel Island Queensland AUSTRALIA,1.286873735423317,-0.9249488152073808,0.25661234168721003,0.4020982729288886,0.7488554554780587,0.5607844931992507,0.2161759494021885,2020-05-01,Great Keppel Island Queensland AUSTRALIA,Great Keppel Island,Queensland,AUSTRALIA,-23.1262002,150.97441619999998
4120,2020-05-01|Green Island New South Wales AUSTRALIA,0.5412063806837908,-0.4694380997023335,0.06714748994557712,0.029897139995952796,0.3336135919432342,0.11129802872926679,0.10058828267622191,2020-05-01,Green Island New South Wales AUSTRALIA,Green Island,New South Wales,AUSTRALIA,-35.2721138,150.5160592
4121,2020-05-01|Green Island Queensland AUSTRALIA,0.7893478867417935,-0.45180214573141786,0.16079613639320753,0.09496931241760147,0.4196311055735392,0.17609026476487083,0.12652353886813128,2020-05-01,Green Island Queensland AUSTRALIA,Green Island,Queensland,AUSTRALIA,-16.7597228,145.97380159999997
4122,2020-05-01|Greenmount Beach Queensland AUSTRALIA,0.6232881995276013,-0.4249333798139857,0.041630472296467304,-0.00660102090940474,0.35703026735759086,0.1274706118094328,0.10306576048387457,2020-05-01,Greenmount Beach Queensland AUSTRALIA,Greenmount Beach,Queensland,AUSTRALIA,-28.1639838,153.54760100000001
4123,2020-05-01|Grey’s Point Port Hacking New South Wales AUSTRALIA,0.5562715579806239,-0.4627026226930374,0.07191457380674164,0.03227329878048989,0.3369772425511838,0.11355366199739936,0.1016024614937146,2020-05-01,Grey’s Point Port Hacking New South Wales AUSTRALIA,Grey’s Point,New South Wales,AUSTRALIA,-34.05508,151.07492
4124,2020-05-01|Guillotines surf break Shire of Augusta Margaret River Western Australia AUSTRALIA,0.21043261532262889,-0.30670585102947373,0.01619061321565312,0.08450519911527969,0.19201127298499454,0.03686832895331809,0.05131717127915519,2020-05-01,Guillotines surf break Shire of Augusta Margaret River Western Australia AUSTRALIA,Guillotines surf break,Western Australia,AUSTRALIA,-34.1622739,115.18891599999999
4125,2020-05-01|Half Tide Beach Evans Head New South Wales AUSTRALIA,0.6217282667772807,-0.44093688240044154,0.043590405338371635,-0.002975349036303039,0.3593180609030806,0.12910946889114994,0.10372618959354397,2020-05-01,Half Tide Beach Evans Head New South Wales AUSTRALIA,Half Tide Beach,New South Wales,AUSTRALIA,-29.108617100000004,153.4217078
4126,2020-05-01|Hallidays Point New South Wales AUSTRALIA,0.5925227147919274,-0.45391156363929613,0.04841948317663041,0.009483271120514166,0.34804693292386063,0.12113666751770634,0.10047249520710728,2020-05-01,Hallidays Point New South Wales AUSTRALIA,Hallidays Point,New South Wales,AUSTRALIA,-32.0683509,152.51499819999998
4127,2020-05-01|Hamelin Bay Western Australia AUSTRALIA,0.21100948048778237,-0.28417629192875077,0.038885934126467465,0.10902758754041425,0.17719379150733836,0.03139763974874609,0.049144715459506466,2020-05-01,Hamelin Bay Western Australia AUSTRALIA,Hamelin Bay,Western Australia,AUSTRALIA,-34.2283311,115.0559483
4128,2020-05-01|Hamelin Harbour at Faure Island Western Australia AUSTRALIA,0.4020270208207374,-0.4743969404797753,0.012145582690140228,0.05712995924442676,0.2666183616099854,0.07108535074759294,0.07394662875115401,2020-05-01,Hamelin Harbour at Faure Island Western Australia AUSTRALIA,Hamelin Harbour,Western Australia,AUSTRALIA,-25.8438664,113.89416570000002
4129,2020-05-01|Hams Beach New South Wales AUSTRALIA,0.5721242560418418,-0.45948385502182887,0.04792438223857288,0.012018166474319119,0.3408560057364207,0.11618281664658686,0.09839665333341156,2020-05-01,Hams Beach New South Wales AUSTRALIA,Hams Beach,New South Wales,AUSTRALIA,-33.097531,151.658097
4130,2020-05-01|Happy Valley Beach Caloundra Queensland AUSTRALIA,0.6372141926417553,-0.4231333706143661,0.027723014943381533,-0.03391821848096721,0.36770656989968015,0.13520812154738834,0.10614774355718715,2020-05-01,Happy Valley Beach Caloundra Queensland AUSTRALIA,Happy Valley Beach,Queensland,AUSTRALIA,-26.8071839,153.13424890000002
4131,2020-05-01|Hardwicke Bay Yorke Peninsula South Australia AUSTRALIA,0.3365959926722477,-0.3383797031991538,0.03898186453894433,0.07239034820016338,0.25205383174595025,0.06353113409781579,0.07970642012900579,2020-05-01,Hardwicke Bay Yorke Peninsula South Australia AUSTRALIA,Hardwicke Bay,South Australia,AUSTRALIA,-34.889309600000004,137.45835280000003
4132,2020-05-01|Harvey Bay Queensland AUSTRALIA,0.9688061498838488,-0.686514190182659,0.16446018278210647,0.31990928721674095,0.6157883809143024,0.379195330069058,0.1856671827048354,2020-05-01,Harvey Bay Queensland AUSTRALIA,Harvey Bay,Queensland,AUSTRALIA,-25.288153899999998,152.7676633
4133,2020-05-01|Hawkesbury Bridge Sydney New South Wales AUSTRALIA,0.5562715579806239,-0.4627026226930374,0.07191457380674164,0.03227329878048989,0.3369772425511838,0.11355366199739936,0.1016024614937146,2020-05-01,Hawkesbury Bridge Sydney New South Wales AUSTRALIA,Hawkesbury Bridge,New South Wales,AUSTRALIA,-33.874241299999994,150.92112269999998
4134,2020-05-01|Hawkesbury River New South Wales AUSTRALIA,0.5631241880867909,-0.4619186506910682,0.07497203170052845,0.03366173111564605,0.3392209511722612,0.11507085371421362,0.10227896509689638,2020-05-01,Hawkesbury River New South Wales AUSTRALIA,Hawkesbury River,New South Wales,AUSTRALIA,-33.4594721,151.0642231
4135,2020-05-01|Hawks Nest Beach New South Wales AUSTRALIA,0.5762754468466215,-0.45733085014154695,0.04726616438760365,0.010041281254440535,0.3422482773673001,0.11713388336088441,0.09879856753384822,2020-05-01,Hawks Nest Beach New South Wales AUSTRALIA,Hawks Nest Beach,New South Wales,AUSTRALIA,-32.6742413,152.1858925
4136,2020-05-01|Heron Island Queensland AUSTRALIA,0.8769956682795175,-0.5706111451914617,0.11693386865372517,0.19202477726856698,0.5161986453775239,0.2664610414895907,0.1490137134320168,2020-05-01,Heron Island Queensland AUSTRALIA,Heron Island,Queensland,AUSTRALIA,-23.442297600000003,151.9148004
4137,2020-05-01|Hinchinbrook Channel Queensland Queensland AUSTRALIA,0.8883488698929617,-0.5233413274511952,0.1838772041789808,0.12568858391829518,0.47444975590586214,0.22510257087913219,0.14305198383776824,2020-05-01,Hinchinbrook Channel Queensland Queensland AUSTRALIA,Hinchinbrook Channel,Queensland,AUSTRALIA,-18.292160600000003,146.2440175
4138,2020-05-01|Hobart Tasmania AUSTRALIA,0.39528072768794675,-0.4852049037730399,0.023671606267624334,0.07296896613167272,0.2688712539541332,0.07229175120286799,0.07761644542388552,2020-05-01,Hobart Tasmania AUSTRALIA,Hobart,Tasmania,AUSTRALIA,-42.8821377,147.3271949
4139,2020-05-01|Hobson Bay Victoria AUSTRALIA,0.5090785140866434,-0.5585283415778335,0.06249214769640022,0.0373506166150182,0.34255158914339284,0.11734159122466382,0.09500671685755205,2020-05-01,Hobson Bay Victoria AUSTRALIA,Hobson Bay,Victoria,AUSTRALIA,-37.8360799,144.8401227
4140,2020-05-01|Hobsons Bay Victoria AUSTRALIA,0.5090785140866434,-0.5585283415778335,0.06249214769640022,0.0373506166150182,0.34255158914339284,0.11734159122466382,0.09500671685755205,2020-05-01,Hobsons Bay Victoria AUSTRALIA,Hobson's Bay,Victoria,AUSTRALIA,-37.8360799,144.8401227
4141,2020-05-01|Hog Bay South Australia AUSTRALIA,0.39976226168750445,-0.21724335750169166,0.05462076200721475,0.013562470947671365,0.24527264252781714,0.06015866917257837,0.07080411309414304,2020-05-01,Hog Bay South Australia AUSTRALIA,Hog Bay,South Australia,AUSTRALIA,-35.7189386,137.9434671
4142,2020-05-01|Holmes Reef Queensland AUSTRALIA,0.9760944021628879,-1.3820502839235644,0.07772597596741422,0.35114698039513415,0.7741533818431494,0.5993134586191852,0.2069011942621034,2020-05-01,Holmes Reef Queensland AUSTRALIA,Holmes Reef,Queensland,AUSTRALIA,-10.6005556,142.23138889999998
4143,2020-05-01|Homebush Bay Parramatta River Sydney New South Wales AUSTRALIA,0.5610462323269237,-0.4616459814196701,0.0738880618358812,0.03269193848585978,0.3383509453704037,0.11448136223304592,0.10201664847778787,2020-05-01,Homebush Bay Parramatta River Sydney New South Wales AUSTRALIA,Homebush Bay,New South Wales,AUSTRALIA,-33.8321521,151.08061709999998
4144,2020-05-01|Honeycombs 250 km south of Perth Western Australia AUSTRALIA,0.1980035252700153,-0.2432957197320712,0.012265380863264062,0.04465405123431905,0.15780029237408227,0.024900932273345847,0.04376592657215098,2020-05-01,Honeycombs 250 km south of Perth Western Australia AUSTRALIA,Honeycombs,Western Australia,AUSTRALIA,-31.950526899999996,115.8604572
4145,2020-05-01|Honeymoon Island near Hopetown Western Australia AUSTRALIA,0.19323366267603306,-0.29263610457545497,0.02480505395219936,0.10802610836078007,0.1771862155073523,0.031394954965817894,0.04574928412249959,2020-05-01,Honeymoon Island near Hopetown Western Australia AUSTRALIA,Honeymoon Island,Western Australia,AUSTRALIA,-34.99101160000001,117.34502920000001
4146,2020-05-01|Honeysuckle Point Eden New South Wales AUSTRALIA,0.5382830174751164,-0.4780728443746051,0.06302123199646793,0.020131172602466118,0.3347979541413693,0.11208967009724642,0.10094538131504871,2020-05-01,Honeysuckle Point Eden New South Wales AUSTRALIA,Honeysuckle Point,New South Wales,AUSTRALIA,-36.9640598,149.8899148
4147,2020-05-01|Horizontal Falls Western Australia AUSTRALIA,1.4710978972664077,-1.6974134052141057,0.24439925830927192,0.4990290120773337,1.0945137998979255,1.1979604581669963,0.3159589185014138,2020-05-01,Horizontal Falls Western Australia AUSTRALIA,Horizontal Falls,Western Australia,AUSTRALIA,-17.947279,122.231078
4148,2020-05-01|Horn Point Ladys Bay South Australia AUSTRALIA,0.6507622650365429,-0.5811916068741194,-0.011583265981987527,-0.14728060054480324,0.4169690398636278,0.17386318020479566,0.10766094315172847,2020-05-01,Horn Point Ladys Bay South Australia AUSTRALIA,Horn Point,South Australia,AUSTRALIA,-30.0002315,136.20915469999997
4149,2020-05-01|Horseshoe Bay New South Wales AUSTRALIA,0.5342343955765151,-0.4731249553106931,0.0647559498403515,0.028421004154226565,0.3322016268733727,0.11035792089731551,0.10016255918951113,2020-05-01,Horseshoe Bay New South Wales AUSTRALIA,Horseshoe Bay,New South Wales,AUSTRALIA,-36.4058391,150.075097
4150,2020-05-01|Horseshoe Bay near Kempsey New South Wales AUSTRALIA,0.5989932811549131,-0.43743511751699876,0.04826235033507879,0.007048763193581817,0.3486337276149683,0.1215454760307079,0.10064188824354231,2020-05-01,Horseshoe Bay near Kempsey New South Wales AUSTRALIA,Horseshoe Bay,New South Wales,AUSTRALIA,-30.8840947,153.039412
4151,2020-05-01|Iluka Beach New South Wales AUSTRALIA,0.6168033314910244,-0.44238102861128875,0.045722979118256034,0.0009886307294457476,0.3578021840078645,0.12802240288079772,0.1032885936267883,2020-05-01,Iluka Beach New South Wales AUSTRALIA,Iluka Beach,New South Wales,AUSTRALIA,-29.4120103,153.3647477
4152,2020-05-01|In Swan River at Freshwater Bay Claremont 5 miles from river mouth Western Australia AUSTRALIA,0.19864860880193708,-0.24442063410433837,0.011861535356618587,0.044287968912057066,0.1584722312366678,0.025113448073127907,0.04395228888161475,2020-05-01,In Swan River at Freshwater Bay Claremont 5 miles from river mouth Western Australia AUSTRALIA,In Swan River at Freshwater Bay,Western Australia,AUSTRALIA,-31.9842456,115.77800049999999
4153,2020-05-01|In a tidal creek 5 km from Wickham Western Australia AUSTRALIA,0.9892158588936476,-1.1714415392929598,0.04642838766818042,0.12380277304433708,0.7055449152029334,0.4977936273687145,0.20367327335889265,2020-05-01,In a tidal creek 5 km from Wickham Western Australia AUSTRALIA,In a tidal creek 5 km from Wickham,Western Australia,AUSTRALIA,-20.673199399999998,117.147269
4154,2020-05-01|Injidup Western Australia AUSTRALIA,0.20975354783848132,-0.2815047966239187,0.012382176556373414,0.0627945951725096,0.17978109771444845,0.03232124309541206,0.04986230508989582,2020-05-01,Injidup Western Australia AUSTRALIA,Injidup,Western Australia,AUSTRALIA,-33.6930914,114.9857991
4155,2020-05-01|Ipswich Queensland AUSTRALIA,0.8557923171906324,-0.5601707232822244,0.12458761349716235,0.20952475513281374,0.5279572273757335,0.278738833938272,0.15918509350560547,2020-05-01,Ipswich Queensland AUSTRALIA,Ipswich,Queensland,AUSTRALIA,-27.623,152.76
4156,2020-05-01|Iron Cove Bridge Sydney Estuary New South Wales AUSTRALIA,0.5595231257566875,-0.4614589397277809,0.07353839837875009,0.03307411976225039,0.3377879682920006,0.11410071152283759,0.10184690450191208,2020-05-01,Iron Cove Bridge Sydney Estuary New South Wales AUSTRALIA,Iron Cove Bridge,New South Wales,AUSTRALIA,-33.8592696,151.1619465
4157,2020-05-01|Iron Cove Sydney New South Wales AUSTRALIA,0.5595239818466818,-0.4614598276597755,0.0735379505728795,0.03307240629749196,0.33778851103564933,0.11410107818768098,0.10184706814527937,2020-05-01,Iron Cove Sydney New South Wales AUSTRALIA,Iron Cove,New South Wales,AUSTRALIA,-33.8642907,151.1583441
4158,2020-05-01|Jan Juc Beach Victoria AUSTRALIA,0.8785520611110641,-1.0194539702699832,0.15599775670492141,0.3142783794272504,0.5840243577181806,0.34108445040813334,0.15608707515086695,2020-05-01,Jan Juc Beach Victoria AUSTRALIA,Jan Juc Beach,Victoria,AUSTRALIA,-38.346092299999995,144.3099291
4159,2020-05-01|Jervis Bay & Long Reef New South Wales AUSTRALIA,0.5484889945656053,-0.46820464672560697,0.06941381434861572,0.029471885529392346,0.33576260853568196,0.1127365292906856,0.10123623555853076,2020-05-01,Jervis Bay & Long Reef New South Wales AUSTRALIA,Jervis Bay & Long Reef,New South Wales,AUSTRALIA,-35.0480805,150.7446771
4160,2020-05-01|Jervis Bay New South Wales AUSTRALIA,0.5484889945656053,-0.46820464672560697,0.06941381434861572,0.029471885529392346,0.33576260853568196,0.1127365292906856,0.10123623555853076,2020-05-01,Jervis Bay New South Wales AUSTRALIA,Jervis Bay,New South Wales,AUSTRALIA,-35.0480805,150.7446771
4161,2020-05-01|Jimmys Beach New South Wales AUSTRALIA,0.5754686495136072,-0.457049600670425,0.04723246814066984,0.010028417458461128,0.34184800497644563,0.11686005850637599,0.09868301884754371,2020-05-01,Jimmys Beach New South Wales AUSTRALIA,Jimmy's Beach,New South Wales,AUSTRALIA,-32.6790132,152.1762756
4162,2020-05-01|Jimmys Beach Port Stephens New South Wales AUSTRALIA,0.5754849687399463,-0.45704469275842763,0.0472408365221553,0.010039754037729234,0.34185246538006875,0.11686310808643109,0.09868430645515996,2020-05-01,Jimmys Beach Port Stephens New South Wales AUSTRALIA,Jimmys Beach,New South Wales,AUSTRALIA,-32.6790132,152.1762756
4163,2020-05-01|Johnstones Bay Sydney New South Wales AUSTRALIA,0.5595239818466818,-0.4614598276597755,0.0735379505728795,0.03307240629749196,0.33778851103564933,0.11410107818768098,0.10184706814527937,2020-05-01,Johnstones Bay Sydney New South Wales AUSTRALIA,Johnstone's Bay,New South Wales,AUSTRALIA,-33.864072,151.1898785
4164,2020-05-01|Julian Rocks Byron Bay New South Wales AUSTRALIA,0.617892230948755,-0.42304037988490373,0.04299958757149949,-0.004442914483729457,0.3544841175070193,0.12565898956473026,0.10233075033306227,2020-05-01,Julian Rocks Byron Bay New South Wales AUSTRALIA,Julian Rocks,New South Wales,AUSTRALIA,-28.643715999999998,153.615072
4165,2020-05-01|Junpinpin off Stradbroke Island Queensland AUSTRALIA,0.6315175615786297,-0.4255701853003979,0.03690507458788649,-0.014863454949341784,0.3607141359710431,0.1301146878893362,0.10412920175169252,2020-05-01,Junpinpin off Stradbroke Island Queensland AUSTRALIA,Junpinpin,Queensland,AUSTRALIA,-27.731177600000002,153.4428803
4166,2020-05-01|Jurien Bay Western Australia AUSTRALIA,0.19981950930046924,-0.23418628083611737,0.015958986550950696,0.04367689445220495,0.15400364690719848,0.023717123260717066,0.04271292657941195,2020-05-01,Jurien Bay Western Australia AUSTRALIA,Jurien Bay,Western Australia,AUSTRALIA,-30.293831400000002,115.11776540000001
4167,2020-05-01|Just below Roseville Bridge opposite Killarney picnic reserve Middle Harbor Sydney New South Wales AUSTRALIA,0.5610659484936477,-0.4616442063433277,0.07389262855804633,0.0326953757121015,0.3383554795715908,0.11448443055612119,0.10201801559088437,2020-05-01,Just below Roseville Bridge opposite Killarney picnic reserve Middle Harbor Sydney New South Wales AUSTRALIA,Just below Roseville Bridge,New South Wales,AUSTRALIA,-33.773044899999995,151.2037718
4168,2020-05-01|Just north of Fingal Spit New South Wales AUSTRALIA,0.5754686495136072,-0.457049600670425,0.04723246814066984,0.010028417458461128,0.34184800497644563,0.11686005850637599,0.09868301884754371,2020-05-01,Just north of Fingal Spit New South Wales AUSTRALIA,Just north of Fingal Spit,New South Wales,AUSTRALIA,-32.750155,152.16318700000002
4169,2020-05-01|Kalbarri Western Australia AUSTRALIA,0.2407540793631266,-0.24743101953517996,0.007690509085603404,0.010421213205423942,0.16053227159298067,0.025770610222802505,0.04290405427296262,2020-05-01,Kalbarri Western Australia AUSTRALIA,Kalbarri,Western Australia,AUSTRALIA,-27.710419199999997,114.1646201
4170,2020-05-01|Kangaroo Island South Australia AUSTRALIA,0.3160315189105047,-0.23831337975156142,0.03759972132750605,0.04353767133297616,0.20573465676808958,0.04232674899548362,0.0650590109020139,2020-05-01,Kangaroo Island South Australia AUSTRALIA,Kangaroo Island,South Australia,AUSTRALIA,-35.775242600000006,137.2142417
4171,2020-05-01|Karra Garra Queensland AUSTRALIA,0.9032935843585023,-0.6035630188748898,0.20505696075081278,0.3132756503290678,0.5126006611555174,0.26275943781707356,0.15455491457645065,2020-05-01,Karra Garra Queensland AUSTRALIA,Karra Garra,Queensland,AUSTRALIA,-27.637184,153.3718169
4172,2020-05-01|Katana Downs Reach Brisbane River Queensland AUSTRALIA,0.8557882181101915,-0.5601717158771621,0.12459282721862727,0.20953556905723605,0.5279574425700836,0.27873906116514313,0.15918515838914332,2020-05-01,Katana Downs Reach Brisbane River Queensland AUSTRALIA,Katana Downs Reach,Queensland,AUSTRALIA,-27.55,152.822222
4173,2020-05-01|Kelpids Beach Wylie Bay Esperance Western Australia AUSTRALIA,0.21396596366010134,-0.27611025904370323,0.03552727670304943,0.09879593638746334,0.17198996708674288,0.0295805487784989,0.044407618549447796,2020-05-01,Kelpids Beach Wylie Bay Esperance Western Australia AUSTRALIA,Kelpids Beach,Western Australia,AUSTRALIA,-33.8356954,121.9840825
4174,2020-05-01|Kelpies near Wylie Bay Western Australia AUSTRALIA,0.21396596366010134,-0.27611025904370323,0.03552727670304943,0.09879593638746334,0.17198996708674288,0.0295805487784989,0.044407618549447796,2020-05-01,Kelpies near Wylie Bay Western Australia AUSTRALIA,Kelpies near Wylie Bay,Western Australia,AUSTRALIA,-33.8324777,121.9970721
4175,2020-05-01|Kempsey New South Wales AUSTRALIA,0.5978421869370119,-0.4402580310033835,0.048202581826187384,0.007485271345110886,0.34834455558516114,0.12134392940582343,0.10055841146891667,2020-05-01,Kempsey New South Wales AUSTRALIA,Kempsey,New South Wales,AUSTRALIA,-31.060476899999998,152.8481977
4176,2020-05-01|Kerosene Bay New South Wales AUSTRALIA,0.5631241880867909,-0.4619186506910682,0.07497203170052845,0.03366173111564605,0.3392209511722612,0.11507085371421362,0.10227896509689638,2020-05-01,Kerosene Bay New South Wales AUSTRALIA,Kerosene Bay,New South Wales,AUSTRALIA,-31.2532183,146.921099
4177,2020-05-01|Kiah Creek Eden New South Wales AUSTRALIA,0.5382820384086289,-0.47807179400851035,0.06302161325438695,0.02013278660252009,0.3347973158526338,0.11208924270212821,0.10094518886375382,2020-05-01,Kiah Creek Eden New South Wales AUSTRALIA,Kiah Creek,New South Wales,AUSTRALIA,-37.137766,149.871076
4178,2020-05-01|Kiama New South Wales AUSTRALIA,0.5523417359105678,-0.46642333372873224,0.0709120893105734,0.03191918919188418,0.3366577520824193,0.11333844203718771,0.10150613149289765,2020-05-01,Kiama New South Wales AUSTRALIA,Kiama,New South Wales,AUSTRALIA,-34.6738221,150.8443706
4179,2020-05-01|Kilcunda Victoria AUSTRALIA,1.035399929805054,-1.018449876234176,0.21643941364688726,0.3493906103672527,0.6407155336630539,0.410516395077132,0.1777025161237242,2020-05-01,Kilcunda Victoria AUSTRALIA,Kilcunda,Victoria,AUSTRALIA,-38.5498,145.4761
4180,2020-05-01|Kings Beach Caloundra Queensland AUSTRALIA,0.6372141926417553,-0.4231333706143661,0.027723014943381533,-0.03391821848096721,0.36770656989968015,0.13520812154738834,0.10614774355718715,2020-05-01,Kings Beach Caloundra Queensland AUSTRALIA,Kings Beach,Queensland,AUSTRALIA,-26.801,153.141
4181,2020-05-01|Kingscliff Beach New South Wales AUSTRALIA,0.6200865893157352,-0.42272704578267445,0.041775547840936456,-0.0062647138368255965,0.3552691454874153,0.12621616573535824,0.10255736839096377,2020-05-01,Kingscliff Beach New South Wales AUSTRALIA,Kingscliff Beach,New South Wales,AUSTRALIA,-28.251915000000004,153.574525
4182,2020-05-01|Kingscliff New South Wales AUSTRALIA,0.6200687859561176,-0.42273005060808616,0.041767668572134715,-0.0062733250770269835,0.3552646207098787,0.12621295072813396,0.10255606220019939,2020-05-01,Kingscliff New South Wales AUSTRALIA,Kingscliff,New South Wales,AUSTRALIA,-28.264593800000004,153.5776602
4183,2020-05-01|Kingscliffe Beach south of Tweed Heads New South Wales AUSTRALIA,0.6200865893157352,-0.42272704578267445,0.041775547840936456,-0.0062647138368255965,0.3552691454874153,0.12621616573535824,0.10255736839096377,2020-05-01,Kingscliffe Beach south of Tweed Heads New South Wales AUSTRALIA,Kingscliffe Beach,New South Wales,AUSTRALIA,-28.2732826,153.5811643
4184,2020-05-01|King’s Beach Caloundra Queensland AUSTRALIA,0.6372141926417553,-0.4231333706143661,0.027723014943381533,-0.03391821848096721,0.36770656989968015,0.13520812154738834,0.10614774355718715,2020-05-01,King’s Beach Caloundra Queensland AUSTRALIA,King’s Beach,Queensland,AUSTRALIA,-26.801,153.141
4185,2020-05-01|Kirra Beach Coolangatta Queensland AUSTRALIA,0.6233091070920361,-0.42493186497655105,0.04163530423955424,-0.006598858417176534,0.35703496468024437,0.12747396600422334,0.10306711648412381,2020-05-01,Kirra Beach Coolangatta Queensland AUSTRALIA,Kirra Beach,Queensland,AUSTRALIA,-28.165981300000002,153.5286085
4186,2020-05-01|Kirra Queensland AUSTRALIA,0.6232881995276013,-0.4249333798139857,0.041630472296467304,-0.00660102090940474,0.35703026735759086,0.1274706118094328,0.10306576048387457,2020-05-01,Kirra Queensland AUSTRALIA,Kirra,Queensland,AUSTRALIA,-28.1673738,153.53098530000003
4187,2020-05-01|Kissing Point Camp Townsville Queensland AUSTRALIA,0.9660086709021576,-0.5657552567124021,0.20807709985046074,0.1255860936219268,0.5002204074300803,0.2502204560095156,0.15082212762948027,2020-05-01,Kissing Point Camp Townsville Queensland AUSTRALIA,Kissing Point Camp,Queensland,AUSTRALIA,-19.239290899999997,146.80543889999998
4188,2020-05-01|Knobbys Beach Newcastle New South Wales AUSTRALIA,0.5740242364762262,-0.45872048105985147,0.04771001010371694,0.011120744025680668,0.3415950628905901,0.11668718699122621,0.09861000075686467,2020-05-01,Knobbys Beach Newcastle New South Wales AUSTRALIA,Knobby's Beach,New South Wales,AUSTRALIA,-32.923841700000004,151.7928437
4189,2020-05-01|Koonya Beach Melbourne Victoria AUSTRALIA,0.9306307122758857,-0.835854218061947,0.23555658482962094,0.36730387290022065,0.5371168249271355,0.2884944836198071,0.14896940409147708,2020-05-01,Koonya Beach Melbourne Victoria AUSTRALIA,Koonya Beach,Victoria,AUSTRALIA,-38.3632275,144.7513372
4190,2020-05-01|Kurnell Botany Bay New South Wales AUSTRALIA,0.5567073594558261,-0.46225872759573533,0.07221957560803224,0.03259920334045987,0.3370243414473036,0.11358540672798867,0.10161666234521181,2020-05-01,Kurnell Botany Bay New South Wales AUSTRALIA,Kurnell,New South Wales,AUSTRALIA,-34.011590000000005,151.20686
4191,2020-05-01|Kylies Beach Diamond Head New South Wales AUSTRALIA,0.5943153628377119,-0.45024297985592804,0.047640225529897655,0.007641022760463812,0.34827141121491967,0.12129297586963167,0.10053729650799237,2020-05-01,Kylies Beach Diamond Head New South Wales AUSTRALIA,Kylie's Beach,New South Wales,AUSTRALIA,-31.735303100000003,152.7916418
4192,2020-05-01|Lachan Island Mercury Passage Tasmania AUSTRALIA,0.38523800213296727,-0.4435448398955905,0.0595504920194559,0.0985453642407031,0.26717256374396237,0.07138117881752164,0.07712607579882956,2020-05-01,Lachan Island Mercury Passage Tasmania AUSTRALIA,Lachan Island,Tasmania,AUSTRALIA,-42.642743599999996,147.97761830000002
4193,2020-05-01|Lady Beach at Warrnambool Victoria AUSTRALIA,0.23230962473431419,-0.3407114807545733,0.013399339202596654,0.09414656660075106,0.19804779096280226,0.03922292750524582,0.06262821050073666,2020-05-01,Lady Beach at Warrnambool Victoria AUSTRALIA,Lady Beach at Warrnambool,Victoria,AUSTRALIA,-38.3974833,142.4726155
4194,2020-05-01|Lady Julia Percy Island Victoria AUSTRALIA,0.2290705366262862,-0.3249352697685115,0.021591495022499144,0.0819151094233905,0.2006253107289494,0.0402505153050875,0.06344329381824962,2020-05-01,Lady Julia Percy Island Victoria AUSTRALIA,Lady Julia Percy Island,Victoria,AUSTRALIA,-38.4160708,142.00376599999998
4195,2020-05-01|Lady Martin’s Beach Sydney Harbor New South Wales AUSTRALIA,0.5595239818466818,-0.4614598276597755,0.0735379505728795,0.03307240629749196,0.33778851103564933,0.11410107818768098,0.10184706814527937,2020-05-01,Lady Martin’s Beach Sydney Harbor New South Wales AUSTRALIA,Lady Martin’s Beach,New South Wales,AUSTRALIA,-33.865044299999994,151.2534844
4196,2020-05-01|Lake Conjola near Milton New South Wales AUSTRALIA,0.5412089943530951,-0.4694410124099757,0.06714288319318484,0.029892136152632667,0.33361395385669085,0.11129827020789425,0.10058839179723485,2020-05-01,Lake Conjola near Milton New South Wales AUSTRALIA,Lake Conjola,New South Wales,AUSTRALIA,-35.2696191,150.4810158
4197,2020-05-01|Lake Illawarra New South Wales AUSTRALIA,0.5540989080497236,-0.4655041384872999,0.07107432980848473,0.03162399026465143,0.3369902875103975,0.11356245387634037,0.10160639469690709,2020-05-01,Lake Illawarra New South Wales AUSTRALIA,Lake Illawarra,New South Wales,AUSTRALIA,-34.541667,150.85833300000002
4198,2020-05-01|Lake Macquarie New South Wales AUSTRALIA,0.5721406694493801,-0.4594787470162565,0.047932844389881324,0.01202970476671103,0.34086047592776975,0.11618586404970571,0.09839794376650092,2020-05-01,Lake Macquarie New South Wales AUSTRALIA,Lake Macquarie,New South Wales,AUSTRALIA,-33.031122499999995,151.56032439999998
4199,2020-05-01|Lamberts Beach Mackay Queensland AUSTRALIA,1.6213402853265442,-1.3978795124184114,0.12353174086820522,-0.04149928158748944,1.0204757409810508,1.0413707379308248,0.28302904688263747,2020-05-01,Lamberts Beach Mackay Queensland AUSTRALIA,Lambert's Beach,Queensland,AUSTRALIA,-21.074391600000002,149.22827949999999
4200,2020-05-01|Lambert’s Beach Mackay Queensland AUSTRALIA,1.6213402853265442,-1.3978795124184114,0.12353174086820522,-0.04149928158748944,1.0204757409810508,1.0413707379308248,0.28302904688263747,2020-05-01,Lambert’s Beach Mackay Queensland AUSTRALIA,Lambert’s Beach,Queensland,AUSTRALIA,-21.074391600000002,149.22827949999999
4201,2020-05-01|Lambeth Street Wharf New South Wales AUSTRALIA,0.5562707040873435,-0.4627017274445609,0.07191501767233527,0.03227500145936792,0.3369767011276288,0.11355329710285926,0.10160229824837055,2020-05-01,Lambeth Street Wharf New South Wales AUSTRALIA,Lambeth Street Wharf,New South Wales,AUSTRALIA,-33.9633441,150.99770900000001
4202,2020-05-01|Lamont Reef Queensland AUSTRALIA,0.8548927020235163,-0.5356993313752714,0.11726432804992998,0.13738463271899337,0.5231567359464316,0.2736929703661244,0.15773769088012266,2020-05-01,Lamont Reef Queensland AUSTRALIA,Lamont Reef,Queensland,AUSTRALIA,-23.6013947,152.0308565
4203,2020-05-01|Lancelin Island Western Australia AUSTRALIA,0.19734599000435318,-0.23704884775934548,0.014686076928933681,0.04503191830162715,0.15485789191971064,0.023980966689816783,0.04294985151744441,2020-05-01,Lancelin Island Western Australia AUSTRALIA,Lancelin Island,Western Australia,AUSTRALIA,-31.007032899999995,115.3167243
4204,2020-05-01|Lancelin Western Australia AUSTRALIA,0.197339400932797,-0.2370401642313749,0.014687338999821439,0.04503307175630538,0.15485233737928977,0.023979246391829384,0.042948310965113715,2020-05-01,Lancelin Western Australia AUSTRALIA,Lancelin,Western Australia,AUSTRALIA,-31.045409799999998,115.35327749999999
4205,2020-05-01|Lane Cove River Sydney Harbor Estuary New South Wales AUSTRALIA,0.5610470894160124,-0.461646868824497,0.0738876119981834,0.032690220064257314,0.3383514901326466,0.11448173087498245,0.10201681272978419,2020-05-01,Lane Cove River Sydney Harbor Estuary New South Wales AUSTRALIA,Lane Cove River,New South Wales,AUSTRALIA,-33.7827054,151.14003469999997
4206,2020-05-01|Lane Cove River Sydney Harbor New South Wales AUSTRALIA,0.5610470894160124,-0.461646868824497,0.0738876119981834,0.032690220064257314,0.3383514901326466,0.11448173087498245,0.10201681272978419,2020-05-01,Lane Cove River Sydney Harbor New South Wales AUSTRALIA,Lane Cove River,New South Wales,AUSTRALIA,-33.7827054,151.14003469999997
4207,2020-05-01|Largs Bay South Australia AUSTRALIA,0.5202046284316364,-0.4024108031644287,-0.029777433108001388,-0.09613794242104558,0.31017668183913416,0.09620957395673546,0.08954029537808451,2020-05-01,Largs Bay South Australia AUSTRALIA,Largs Bay,South Australia,AUSTRALIA,-34.821,138.494
4208,2020-05-01|Latitude Reef near Forster New South Wales AUSTRALIA,0.5914476581715645,-0.4541497066778991,0.048534518563181035,0.009885731926711714,0.34764935464366375,0.1208600737841559,0.10035772424355947,2020-05-01,Latitude Reef near Forster New South Wales AUSTRALIA,Latitude Reef,New South Wales,AUSTRALIA,-32.180556,152.511667
4209,2020-05-01|Laura Bay South Australia AUSTRALIA,0.24047937500455221,-0.3204626305777055,0.03070623620633846,0.10408875597238014,0.212342015467858,0.04508913153295205,0.06714844118291358,2020-05-01,Laura Bay South Australia AUSTRALIA,Laura Bay,South Australia,AUSTRALIA,-32.2280904,133.83199679999998
4210,2020-05-01|Left break at the ‘Hot Spot’ at Sheringa Beach Western Australia AUSTRALIA,0.2400915952268274,-0.29940702786398965,0.007022725717131956,0.04839780456614519,0.20299635222398188,0.04120751901624291,0.06419308297335696,2020-05-01,Left break at the ‘Hot Spot’ at Sheringa Beach Western Australia AUSTRALIA,Left break at the ‘Hot Spot’ at Sheringa Beach,Western Australia,AUSTRALIA,-33.891765299999996,135.18893730000002
4211,2020-05-01|Lefthanders Beach Margaret River Western Australia AUSTRALIA,0.2079285550940806,-0.2888483017548869,0.008015402178747298,0.060253455010788895,0.18280619476760743,0.03341810484541242,0.05070131605438965,2020-05-01,Lefthanders Beach Margaret River Western Australia AUSTRALIA,Lefthanders Beach,Western Australia,AUSTRALIA,-33.8752851,114.98611319999999
4212,2020-05-01|Lefthanders Margaret River Area Western Australia AUSTRALIA,0.2079285550940806,-0.2888483017548869,0.008015402178747298,0.060253455010788895,0.18280619476760743,0.03341810484541242,0.05070131605438965,2020-05-01,Lefthanders Margaret River Area Western Australia AUSTRALIA,Lefthanders,Western Australia,AUSTRALIA,-33.8752851,114.98611319999999
4213,2020-05-01|Leichardt Sydney New South Wales AUSTRALIA,0.5595239818466818,-0.4614598276597755,0.0735379505728795,0.03307240629749196,0.33778851103564933,0.11410107818768098,0.10184706814527937,2020-05-01,Leichardt Sydney New South Wales AUSTRALIA,Leichardt,New South Wales,AUSTRALIA,-33.8837222,151.157028
4214,2020-05-01|Leighton Beach North Fremantle Western Australia AUSTRALIA,0.19864860880193708,-0.24442063410433837,0.011861535356618587,0.044287968912057066,0.1584722312366678,0.025113448073127907,0.04395228888161475,2020-05-01,Leighton Beach North Fremantle Western Australia AUSTRALIA,Leighton Beach,Western Australia,AUSTRALIA,-32.028432,115.7503284
4215,2020-05-01|Leighton Beach north of Freemantle Western Australia AUSTRALIA,0.19864860880193708,-0.24442063410433837,0.011861535356618587,0.044287968912057066,0.1584722312366678,0.025113448073127907,0.04395228888161475,2020-05-01,Leighton Beach north of Freemantle Western Australia AUSTRALIA,Leighton Beach,Western Australia,AUSTRALIA,-32.024505600000005,115.7503081
4216,2020-05-01|Leighton Beach south of North Cottesloe Western Australia AUSTRALIA,0.19864860880193708,-0.24442063410433837,0.011861535356618587,0.044287968912057066,0.1584722312366678,0.025113448073127907,0.04395228888161475,2020-05-01,Leighton Beach south of North Cottesloe Western Australia AUSTRALIA,Leighton Beach,Western Australia,AUSTRALIA,-32.028432,115.7503284
4217,2020-05-01|Lennox Head Ballina New South Wales AUSTRALIA,0.6194869336442297,-0.4296886806871816,0.04223929651771905,-0.005365352805212291,0.3561338410964282,0.12683131277409598,0.10280698451227913,2020-05-01,Lennox Head Ballina New South Wales AUSTRALIA,Lennox Head,New South Wales,AUSTRALIA,-28.8,153.583333
4218,2020-05-01|Lennox Head New South Wales AUSTRALIA,0.6194869336442297,-0.4296886806871816,0.04223929651771905,-0.005365352805212291,0.3561338410964282,0.12683131277409598,0.10280698451227913,2020-05-01,Lennox Head New South Wales AUSTRALIA,Lennox Head,New South Wales,AUSTRALIA,-28.8,153.583333
4219,2020-05-01|Lennox Heads New South Wales AUSTRALIA,0.6194869336442297,-0.4296886806871816,0.04223929651771905,-0.005365352805212291,0.3561338410964282,0.12683131277409598,0.10280698451227913,2020-05-01,Lennox Heads New South Wales AUSTRALIA,Lennox Heads,New South Wales,AUSTRALIA,-28.8,153.583333
4220,2020-05-01|Levys Beach Victoria AUSTRALIA,0.5090786884236745,-0.5585207466336468,0.062496686191159605,0.03733790915180204,0.34254882717474566,0.11733969899879378,0.09500595082527677,2020-05-01,Levys Beach Victoria AUSTRALIA,Levys Beach,Victoria,AUSTRALIA,-37.471307700000004,144.7851531
4221,2020-05-01|Lighthouse Beach Ballina New South Wales AUSTRALIA,0.6191498509476768,-0.43045488516031927,0.042487746415931005,-0.004959440070520349,0.3561232288669336,0.12682375413861038,0.10280392102550141,2020-05-01,Lighthouse Beach Ballina New South Wales AUSTRALIA,Lighthouse Beach,New South Wales,AUSTRALIA,-28.8725999,153.58992469999998
4222,2020-05-01|Lighthouse Beach New South Wales AUSTRALIA,0.5980317416700417,-0.44601844492369747,0.048072419668275274,0.007742420261684582,0.3490206441110231,0.12181541001567346,0.1007535814151179,2020-05-01,Lighthouse Beach New South Wales AUSTRALIA,Lighthouse Beach,New South Wales,AUSTRALIA,-31.4789172,152.9298045
4223,2020-05-01|Lighthouse Beach Seal Rocks New South Wales AUSTRALIA,0.5819269196493816,-0.4566956489806116,0.048123389081395934,0.010919084859167948,0.34410347069301866,0.11840719854298115,0.09933411571684941,2020-05-01,Lighthouse Beach Seal Rocks New South Wales AUSTRALIA,Lighthouse Beach,New South Wales,AUSTRALIA,-32.4436471,152.52793569999997
4224,2020-05-01|Line Reef Queensland AUSTRALIA,0.9414025579931443,-0.646541120660101,0.14145662374380022,0.11005256381430328,0.4990201767098598,0.24902113676353974,0.1440547166772461,2020-05-01,Line Reef Queensland AUSTRALIA,Line Reef,Queensland,AUSTRALIA,-19.674144000000002,149.1746224
4225,2020-05-01|Line Reef northeast of Hamilton Island Whitsundays Queensland AUSTRALIA,0.9414025579931443,-0.646541120660101,0.14145662374380022,0.11005256381430328,0.4990201767098598,0.24902113676353974,0.1440547166772461,2020-05-01,Line Reef northeast of Hamilton Island Whitsundays Queensland AUSTRALIA,Line Reef,Queensland,AUSTRALIA,-19.674144000000002,149.1746224
4226,2020-05-01|Lipson Cove Tumby Bay South Australia AUSTRALIA,0.3898519390673711,-0.33733182161470615,0.04070450476042046,0.051422914279084915,0.2822493752805931,0.07966470984628507,0.08925508940463006,2020-05-01,Lipson Cove Tumby Bay South Australia AUSTRALIA,Lipson Cove,South Australia,AUSTRALIA,-34.2592315,136.2625804
4227,2020-05-01|Lismore New South Wales AUSTRALIA,0.621787588419227,-0.43741333901346685,0.04275482027106314,-0.0044200139557131896,0.35850992111881125,0.12852936354061628,0.10349289973254859,2020-05-01,Lismore New South Wales AUSTRALIA,Lismore,New South Wales,AUSTRALIA,-28.8093154,153.2882876
4228,2020-05-01|Little Beach Reef Bremer Bay Western Australia AUSTRALIA,0.19832743986422066,-0.27864709594046,0.041835182344720764,0.11787862191326676,0.16725078092928938,0.027972823721457145,0.043183965945288186,2020-05-01,Little Beach Reef Bremer Bay Western Australia AUSTRALIA,Little Beach Reef,Western Australia,AUSTRALIA,-34.4650904,119.0936263
4229,2020-05-01|Little Congwong Beach La Perouse New South Wales AUSTRALIA,0.5567073594558261,-0.46225872759573533,0.07221957560803224,0.03259920334045987,0.3370243414473036,0.11358540672798867,0.10161666234521181,2020-05-01,Little Congwong Beach La Perouse New South Wales AUSTRALIA,Little Congwong Beach,New South Wales,AUSTRALIA,-33.9915566,151.2383626
4230,2020-05-01|Little Island near Hillarys Western Australia AUSTRALIA,0.19719612794485708,-0.2418653386681404,0.012623127466604416,0.0449504652474659,0.15693743749042996,0.02462935928606261,0.04352661368551307,2020-05-01,Little Island near Hillarys Western Australia AUSTRALIA,Little Island,Western Australia,AUSTRALIA,-31.8123368,115.70911540000002
4231,2020-05-01|Lizard Island Queensland AUSTRALIA,0.7621617414462049,-0.45255688625396995,0.14147514323598726,0.0693036731176868,0.40732652497175914,0.1659148979455691,0.12281356822642311,2020-05-01,Lizard Island Queensland AUSTRALIA,Lizard Island,Queensland,AUSTRALIA,-14.668043300000003,145.463777
4232,2020-05-01|Logan River Queensland AUSTRALIA,0.626853827435496,-0.42620057890511265,0.040408959752848854,-0.008878419370256949,0.35888018478356276,0.12879498703028414,0.10359978564580631,2020-05-01,Logan River Queensland AUSTRALIA,Logan River,Queensland,AUSTRALIA,-28.073537800000004,152.924704
4233,2020-05-01|Long Reef Collaroy New South Wales AUSTRALIA,0.5620244687726109,-0.46162197380351006,0.07411739663169846,0.03290638140882265,0.33872429781805147,0.11473414993233202,0.10212921847627954,2020-05-01,Long Reef Collaroy New South Wales AUSTRALIA,Long Reef,New South Wales,AUSTRALIA,-33.741958399999994,151.31703280000002
4234,2020-05-01|Long Reef North Manly New South Wales AUSTRALIA,0.5620407400231372,-0.4616166708695783,0.07412689566519816,0.032916711323119366,0.3387279505192198,0.114736624462951,0.10213031980712015,2020-05-01,Long Reef North Manly New South Wales AUSTRALIA,Long Reef,New South Wales,AUSTRALIA,-33.7419539,151.3170694
4235,2020-05-01|Long Reef north of Sydney New South Wales AUSTRALIA,0.5610470894160124,-0.461646868824497,0.0738876119981834,0.032690220064257314,0.3383514901326466,0.11448173087498245,0.10201681272978419,2020-05-01,Long Reef north of Sydney New South Wales AUSTRALIA,Long Reef,New South Wales,AUSTRALIA,-33.746083399999996,151.30407160000001
4236,2020-05-01|Lookout Point Queensland AUSTRALIA,0.6267789744224945,-0.41212427800917845,0.03332942829879479,-0.021205648887169217,0.3568546935667814,0.12734527232064144,0.10301507669618133,2020-05-01,Lookout Point Queensland AUSTRALIA,Lookout Point,Queensland,AUSTRALIA,-27.434650800000004,153.5304523
4237,2020-05-01|Lord Howe Island New South Wales AUSTRALIA,0.5782971334423751,-0.38781720479925574,0.06071609663633964,0.03568905884631626,0.34360437450118136,0.11806396617634811,0.09919003905649502,2020-05-01,Lord Howe Island New South Wales AUSTRALIA,Lord Howe Island,New South Wales,AUSTRALIA,-31.555326300000004,159.0821211
4238,2020-05-01|Lord Howe Island island group 440 miles northeast of Sydney New South Wales AUSTRALIA,0.5782872136602425,-0.38781960808331006,0.06071091209479102,0.03568106077118377,0.34360175028612483,0.1180621627996885,0.09918928151086037,2020-05-01,Lord Howe Island island group 440 miles northeast of Sydney New South Wales AUSTRALIA,Lord Howe Island (island group 440 miles northeast of Sydney),New South Wales,AUSTRALIA,-31.555326300000004,159.0821211
4239,2020-05-01|Lorne Victoria AUSTRALIA,0.8003203495173964,-0.9122401999865721,0.082664317050729,0.16875098681634598,0.5154402992928465,0.26567870213509914,0.1487947977739531,2020-05-01,Lorne Victoria AUSTRALIA,Lorne,Victoria,AUSTRALIA,-38.5366556,143.97154840000002
4240,2020-05-01|Maatsuyker Island Tasmania AUSTRALIA,0.19083306101357358,-0.37097928280704456,0.014605686097422554,0.1280851903606281,0.20849278474513142,0.043469241290779705,0.06286293986326681,2020-05-01,Maatsuyker Island Tasmania AUSTRALIA,Maatsuyker Island,Tasmania,AUSTRALIA,-43.6522707,146.27698130000002
4241,2020-05-01|Mackay Queensland AUSTRALIA,1.647290705097378,-1.4419347617543485,0.09834126723120534,-0.09012342838024605,1.0454625809859572,1.0929920082418194,0.2899591494095225,2020-05-01,Mackay Queensland AUSTRALIA,Mackay,Queensland,AUSTRALIA,-21.1424956,149.1821469
4242,2020-05-01|Macleay River New South Wales AUSTRALIA,0.599432151294098,-0.43737018207625367,0.047788209769170115,0.006137103850907107,0.3488859168412985,0.12172138297019344,0.10071468900239654,2020-05-01,Macleay River New South Wales AUSTRALIA,Macleay River,New South Wales,AUSTRALIA,-30.8273843,152.45621
4243,2020-05-01|Magnetic Island Queensland AUSTRALIA,0.9766463151569725,-0.5731600528117148,0.2128783656087285,0.13827005203589962,0.5054499305958872,0.25547963233938714,0.15239888819070324,2020-05-01,Magnetic Island Queensland AUSTRALIA,Magnetic Island,Queensland,AUSTRALIA,-19.135865300000003,146.8423556
4244,2020-05-01|Magra Islet Queensland AUSTRALIA,0.8948146132243291,-0.5893915437498513,0.13299724086146936,0.09024924936266343,0.48843615051661454,0.23856987313148895,0.140999371491356,2020-05-01,Magra Islet Queensland AUSTRALIA,Magra Islet,Queensland,AUSTRALIA,-11.8573472,143.2815326
4245,2020-05-01|Main Beach Gold Coast Queensland AUSTRALIA,0.62828607824999,-0.4255308531074987,0.0390578936407156,-0.011242525797791685,0.35939158225934675,0.1291623093988768,0.10374741338095969,2020-05-01,Main Beach Gold Coast Queensland AUSTRALIA,Main Beach,Queensland,AUSTRALIA,-27.963,153.42600000000002
4246,2020-05-01|Main Beach Southport Queensland AUSTRALIA,0.6282676846850158,-0.4255337306488269,0.03904989994662414,-0.011251009010421077,0.35938695058023507,0.12915898024736033,0.10374607633036873,2020-05-01,Main Beach Southport Queensland AUSTRALIA,Main Beach,Queensland,AUSTRALIA,-27.963,153.42600000000002
4247,2020-05-01|Malagil Barrier Reef Queensland AUSTRALIA,0.966148665679393,-0.5662225087192561,0.2085558270961422,0.12576574478542848,0.5005108716299568,0.2505111326197791,0.15090970588093672,2020-05-01,Malagil Barrier Reef Queensland AUSTRALIA,Malagil,Queensland,AUSTRALIA,-19.3594967,146.885081
4248,2020-05-01|Manley Beach New South Wales AUSTRALIA,0.5610462323269237,-0.4616459814196701,0.0738880618358812,0.03269193848585978,0.3383509453704037,0.11448136223304592,0.10201664847778787,2020-05-01,Manley Beach New South Wales AUSTRALIA,Manley Beach,New South Wales,AUSTRALIA,-33.7931501,151.2876488
4249,2020-05-01|Manly Marineland Sydney New South Wales AUSTRALIA,0.5610470894160124,-0.461646868824497,0.0738876119981834,0.032690220064257314,0.3383514901326466,0.11448173087498245,0.10201681272978419,2020-05-01,Manly Marineland Sydney New South Wales AUSTRALIA,Manly Marineland,New South Wales,AUSTRALIA,-33.8060158,151.29477749999998
4250,2020-05-01|Manly New South Wales AUSTRALIA,0.5610470894160124,-0.461646868824497,0.0738876119981834,0.032690220064257314,0.3383514901326466,0.11448173087498245,0.10201681272978419,2020-05-01,Manly New South Wales AUSTRALIA,Manly,New South Wales,AUSTRALIA,-33.8060158,151.29477749999998
4251,2020-05-01|Manning River New South Wales AUSTRALIA,0.5925218109066018,-0.4539107894074932,0.04841988503128112,0.009483858237324033,0.34804651790168006,0.12113637862348452,0.10047237540052345,2020-05-01,Manning River New South Wales AUSTRALIA,Manning River,New South Wales,AUSTRALIA,-31.8518472,152.10067469999998
4252,2020-05-01|Maria River New South Wales AUSTRALIA,0.5977278615807008,-0.44096541372725495,0.04819767843846526,0.007514020143206495,0.3483428700065133,0.12134275508437464,0.10055792488427365,2020-05-01,Maria River New South Wales AUSTRALIA,Maria River,New South Wales,AUSTRALIA,-31.269947600000002,152.8567516
4253,2020-05-01|Marineland Aquarium Manley Sydney New South Wales AUSTRALIA,0.5610633764554364,-0.4616415430604566,0.07389711631217448,0.03270053251420363,0.33835514305072134,0.1144842028288741,0.10201791412602454,2020-05-01,Marineland Aquarium Manley Sydney New South Wales AUSTRALIA,Marineland Aquarium,New South Wales,AUSTRALIA,-33.795355,151.285014
4254,2020-05-01|Marineland Sydney New South Wales AUSTRALIA,0.5595239818466818,-0.4614598276597755,0.0735379505728795,0.03307240629749196,0.33778851103564933,0.11410107818768098,0.10184706814527937,2020-05-01,Marineland Sydney New South Wales AUSTRALIA,Marineland,New South Wales,AUSTRALIA,-33.8695997,151.2021381
4255,2020-05-01|Marino South Australia AUSTRALIA,0.502521904008388,-0.37219263271980796,-0.02495738672867683,-0.09151415134938216,0.2943787048395827,0.08665882186303017,0.08497981224141324,2020-05-01,Marino South Australia AUSTRALIA,Marino,South Australia,AUSTRALIA,-35.049724499999996,138.5162223
4256,2020-05-01|Marion Bay South Australia AUSTRALIA,0.279753363293604,-0.26379277423870817,0.058668192156807776,0.09826313442526288,0.20261634972152523,0.04105338517447542,0.06407291563092428,2020-05-01,Marion Bay South Australia AUSTRALIA,Marion Bay,South Australia,AUSTRALIA,-35.2398829,136.97959939999998
4257,2020-05-01|Mark’s Point Swan Bay Lake Macquarie New South Wales AUSTRALIA,0.5721242560418418,-0.45948385502182887,0.04792438223857288,0.012018166474319119,0.3408560057364207,0.11618281664658686,0.09839665333341156,2020-05-01,Mark’s Point Swan Bay Lake Macquarie New South Wales AUSTRALIA,Mark’s Point,New South Wales,AUSTRALIA,-33.0589864,151.64430869999998
4258,2020-05-01|Maroochydore Beach Queensland AUSTRALIA,0.6321201961574953,-0.4182951768246699,0.02891185689783521,-0.03072194384427111,0.3645958934553871,0.132930165524532,0.10524976861594994,2020-05-01,Maroochydore Beach Queensland AUSTRALIA,Maroochydore Beach,Queensland,AUSTRALIA,-26.65447,153.10362869999997
4259,2020-05-01|Maroochydore Queensland AUSTRALIA,0.6321201961574953,-0.4182951768246699,0.02891185689783521,-0.03072194384427111,0.3645958934553871,0.132930165524532,0.10524976861594994,2020-05-01,Maroochydore Queensland AUSTRALIA,Maroochydore,Queensland,AUSTRALIA,-26.65,153.1
4260,2020-05-01|Maroubra Bay New South Wales AUSTRALIA,0.5580735368419986,-0.4620024448582041,0.07246127653814774,0.03226081835679585,0.33743109558526274,0.11385974426787071,0.10173930333226044,2020-05-01,Maroubra Bay New South Wales AUSTRALIA,Maroubra Bay,New South Wales,AUSTRALIA,-33.980540000000005,151.24301
4261,2020-05-01|Maroubra Beach New South Wales AUSTRALIA,0.558738274487065,-0.46170658498823985,0.07300810791191072,0.03271515113314437,0.33758243732549054,0.11396190199061873,0.10178493458384727,2020-05-01,Maroubra Beach New South Wales AUSTRALIA,Maroubra Beach,New South Wales,AUSTRALIA,-33.9495,151.2437
4262,2020-05-01|Maroubra New South Wales AUSTRALIA,0.558738274487065,-0.46170658498823985,0.07300810791191072,0.03271515113314437,0.33758243732549054,0.11396190199061873,0.10178493458384727,2020-05-01,Maroubra New South Wales AUSTRALIA,Maroubra,New South Wales,AUSTRALIA,-33.9495,151.2437
4263,2020-05-01|Martin Islet New South Wales AUSTRALIA,0.5546948922299901,-0.46502480668174606,0.07136757227753358,0.03181451341164409,0.33705294875924935,0.11360469026730516,0.10162528777430134,2020-05-01,Martin Islet New South Wales AUSTRALIA,Martin Islet,New South Wales,AUSTRALIA,-34.4943401,150.93782480000002
4264,2020-05-01|Mary River Queensland AUSTRALIA,0.6344851157918692,-0.4204574523180799,0.02729218751448716,-0.03313697169844975,0.3661857978639547,0.1340920385572611,0.10570873448508608,2020-05-01,Mary River Queensland AUSTRALIA,Mary River,Queensland,AUSTRALIA,-26.184755499999998,152.64317409999998
4265,2020-05-01|Maryborough Queensland AUSTRALIA,0.9688061498838488,-0.686514190182659,0.16446018278210647,0.31990928721674095,0.6157883809143024,0.379195330069058,0.1856671827048354,2020-05-01,Maryborough Queensland AUSTRALIA,Maryborough,Queensland,AUSTRALIA,-25.523262699999997,152.6970636
4266,2020-05-01|Mauds Point Western Australia AUSTRALIA,0.19801012747799626,-0.2433043626791251,0.012264058687823272,0.04465277252861381,0.15780579460571176,0.024902668811140085,0.04376745261663326,2020-05-01,Mauds Point Western Australia AUSTRALIA,Mauds Point,Western Australia,AUSTRALIA,-31.954288399999996,115.8624252
4267,2020-05-01|McKenzies Beach New South Wales AUSTRALIA,0.5382019983597709,-0.4723247536492576,0.06577279138534786,0.030337746106306716,0.33346271741519695,0.11119738390592751,0.10054279229441086,2020-05-01,McKenzies Beach New South Wales AUSTRALIA,McKenzies Beach,New South Wales,AUSTRALIA,-35.8043718,150.226363
4268,2020-05-01|McMasters Beach Central Coast New South Wales AUSTRALIA,0.5644778337320137,-0.4615876864435041,0.07512763972331266,0.033366332058856626,0.33960713936120257,0.11533300910509928,0.10239540521700415,2020-05-01,McMasters Beach Central Coast New South Wales AUSTRALIA,McMasters Beach,New South Wales,AUSTRALIA,-33.4967169,151.4114482
4269,2020-05-01|Melbourne Victoria AUSTRALIA,0.5120749235084671,-0.5629676511163363,0.06160225548801331,0.035887747549349425,0.3449705696907671,0.11900469395277243,0.0956776213496988,2020-05-01,Melbourne Victoria AUSTRALIA,Melbourne,Victoria,AUSTRALIA,-37.813627600000004,144.96305759999998
4270,2020-05-01|Mereweather Beach New South Wales AUSTRALIA,0.5740242364762262,-0.45872048105985147,0.04771001010371694,0.011120744025680668,0.3415950628905901,0.11668718699122621,0.09861000075686467,2020-05-01,Mereweather Beach New South Wales AUSTRALIA,Mereweather Beach,New South Wales,AUSTRALIA,-32.9465493,151.7599466
4271,2020-05-01|Merewether Beach Newcastle New South Wales AUSTRALIA,0.5740431232314365,-0.45871797548248316,0.04771450295268128,0.011122389660966323,0.3415993110855439,0.1166900893341182,0.09861122710511476,2020-05-01,Merewether Beach Newcastle New South Wales AUSTRALIA,Merewether Beach,New South Wales,AUSTRALIA,-32.9465493,151.7599466
4272,2020-05-01|Merewether Beach near Newcastle New South Wales AUSTRALIA,0.5740233780940132,-0.4587196459592396,0.04771039380207906,0.011121292461123363,0.3415946616755129,0.11668691288520812,0.09860988493604826,2020-05-01,Merewether Beach near Newcastle New South Wales AUSTRALIA,Merewether Beach,New South Wales,AUSTRALIA,-32.9465493,151.7599466
4273,2020-05-01|Merimbula New South Wales AUSTRALIA,0.534965669232754,-0.4748241482447522,0.06300445828194166,0.023642398949218404,0.3327677786837818,0.1107343945301384,0.10033326038310272,2020-05-01,Merimbula New South Wales AUSTRALIA,Merimbula,New South Wales,AUSTRALIA,-36.8875485,149.90587480000002
4274,2020-05-01|Merino Rocks Adelaide South Australia AUSTRALIA,0.502521904008388,-0.37219263271980796,-0.02495738672867683,-0.09151415134938216,0.2943787048395827,0.08665882186303017,0.08497981224141324,2020-05-01,Merino Rocks Adelaide South Australia AUSTRALIA,Merino Rocks,South Australia,AUSTRALIA,-35.05,138.5166667
4275,2020-05-01|Mermaid Beach Queensland AUSTRALIA,0.626853827435496,-0.42620057890511265,0.040408959752848854,-0.008878419370256949,0.35888018478356276,0.12879498703028414,0.10359978564580631,2020-05-01,Mermaid Beach Queensland AUSTRALIA,Mermaid Beach,Queensland,AUSTRALIA,-28.044,153.437
4276,2020-05-01|Mermaid Waters Queensland AUSTRALIA,0.626853827435496,-0.42620057890511265,0.040408959752848854,-0.008878419370256949,0.35888018478356276,0.12879498703028414,0.10359978564580631,2020-05-01,Mermaid Waters Queensland AUSTRALIA,Mermaid Waters,Queensland,AUSTRALIA,-28.047778000000005,153.42166699999999
4277,2020-05-01|Metro coast Western Australia AUSTRALIA,0.19748025912099487,-0.24200378099996298,0.012602258817133874,0.04475888043383416,0.15702857873218087,0.024657974538648725,0.043551891717854785,2020-05-01,Metro coast Western Australia AUSTRALIA,Metro coast,Western Australia,AUSTRALIA,-31.7478596,115.7726817
4278,2020-05-01|Miall Island Queensland AUSTRALIA,1.3929897546163976,-1.0718646278356199,0.27050335563114297,0.2511231577117626,0.7835002568447167,0.6138726524757371,0.23623421591827368,2020-05-01,Miall Island Queensland AUSTRALIA,Miall Island,Queensland,AUSTRALIA,-23.1528552,150.9052831
4279,2020-05-01|Miami Lake Queensland AUSTRALIA,0.626853827435496,-0.42620057890511265,0.040408959752848854,-0.008878419370256949,0.35888018478356276,0.12879498703028414,0.10359978564580631,2020-05-01,Miami Lake Queensland AUSTRALIA,Miami Lake,Queensland,AUSTRALIA,-28.076944399999995,153.4366667
4280,2020-05-01|Middle Beach 40 km north of Adelaide South Australia AUSTRALIA,0.5308120397668998,-0.4213726140218852,-0.0023086645469758793,-0.08781450742312076,0.3174972894897587,0.10080452883334363,0.0957290346538526,2020-05-01,Middle Beach 40 km north of Adelaide South Australia AUSTRALIA,Middle Beach,South Australia,AUSTRALIA,-34.5795185,138.4821124
4281,2020-05-01|Middle Brighton Port Phillip Victoria AUSTRALIA,0.5120749235084671,-0.5629676511163363,0.06160225548801331,0.035887747549349425,0.3449705696907671,0.11900469395277243,0.0956776213496988,2020-05-01,Middle Brighton Port Phillip Victoria AUSTRALIA,Middle Brighton,Victoria,AUSTRALIA,-37.915053799999995,144.9962287
4282,2020-05-01|Middle Harbour Sugarloaf Bay Sydney Estuary New South Wales AUSTRALIA,0.5610470894160124,-0.461646868824497,0.0738876119981834,0.032690220064257314,0.3383514901326466,0.11448173087498245,0.10201681272978419,2020-05-01,Middle Harbour Sugarloaf Bay Sydney Estuary New South Wales AUSTRALIA,Middle Harbour,New South Wales,AUSTRALIA,-33.7831723,151.2231308
4283,2020-05-01|Middle Harbour Sydney New South Wales AUSTRALIA,0.5610462323269237,-0.4616459814196701,0.0738880618358812,0.03269193848585978,0.3383509453704037,0.11448136223304592,0.10201664847778787,2020-05-01,Middle Harbour Sydney New South Wales AUSTRALIA,Middle Harbour,New South Wales,AUSTRALIA,-33.7859956,151.2260866
4284,2020-05-01|Middleton Beach South Australia AUSTRALIA,0.28000355342417116,-0.296685548339604,-0.01114935968020271,0.02165682956483967,0.21867017319496618,0.04781664464511651,0.0584420620572916,2020-05-01,Middleton Beach South Australia AUSTRALIA,Middleton Beach,South Australia,AUSTRALIA,-35.51150689999999,138.7185508
4285,2020-05-01|Middleton Point Fleurieu Peninsula South Australia AUSTRALIA,0.28000355342417116,-0.296685548339604,-0.01114935968020271,0.02165682956483967,0.21867017319496618,0.04781664464511651,0.0584420620572916,2020-05-01,Middleton Point Fleurieu Peninsula South Australia AUSTRALIA,Middleton Point,South Australia,AUSTRALIA,-35.5142799,138.70844
4286,2020-05-01|Middleton Reef Queensland AUSTRALIA,1.521859424995617,-1.260007381859967,0.19729795441122722,0.2288320983122868,1.0835721739987025,1.1741286562642743,0.31280034317226946,2020-05-01,Middleton Reef Queensland AUSTRALIA,Middleton Reef,Queensland,AUSTRALIA,-22.3581165,141.54921140000002
4287,2020-05-01|Millers Point New South Wales AUSTRALIA,0.5595239818466818,-0.4614598276597755,0.0735379505728795,0.03307240629749196,0.33778851103564933,0.11410107818768098,0.10184706814527937,2020-05-01,Millers Point New South Wales AUSTRALIA,Millers Point,New South Wales,AUSTRALIA,-33.86085,151.20281
4288,2020-05-01|Millicent South Australia AUSTRALIA,0.2352632090227911,-0.2925969186983441,0.019890582964455963,0.06167650813457642,0.19901466608058596,0.03960683731516713,0.06633822202686199,2020-05-01,Millicent South Australia AUSTRALIA,Millicent,South Australia,AUSTRALIA,-37.6050244,140.3593062
4289,2020-05-01|Mindarie Western Australia AUSTRALIA,0.19747206336584788,-0.24195491786932125,0.01290631385490687,0.0451364423477032,0.15694989557638298,0.024633269721437524,0.04353006893687443,2020-05-01,Mindarie Western Australia AUSTRALIA,Mindarie,Western Australia,AUSTRALIA,-31.6900771,115.7060487
4290,2020-05-01|Moama Beach South Australia AUSTRALIA,0.5090786884236745,-0.5585207466336468,0.062496686191159605,0.03733790915180204,0.34254882717474566,0.11733969899879378,0.09500595082527677,2020-05-01,Moama Beach South Australia AUSTRALIA,Moama Beach,South Australia,AUSTRALIA,-36.1214284,144.7528293
4291,2020-05-01|Moffat Beach Caloundra Queensland AUSTRALIA,0.6372141926417553,-0.4231333706143661,0.027723014943381533,-0.03391821848096721,0.36770656989968015,0.13520812154738834,0.10614774355718715,2020-05-01,Moffat Beach Caloundra Queensland AUSTRALIA,Moffat Beach,Queensland,AUSTRALIA,-26.791,153.139
4292,2020-05-01|Mollymook Beach Bannister Head New South Wales AUSTRALIA,0.5401769313020488,-0.4686930320415837,0.06711063184790386,0.0307401192293569,0.3330455102791069,0.11091931191707069,0.10041699960984092,2020-05-01,Mollymook Beach Bannister Head New South Wales AUSTRALIA,Mollymook Beach,New South Wales,AUSTRALIA,-35.32012279999999,150.47556730000002
4293,2020-05-01|Mona Vale Beach Sydney New South Wales AUSTRALIA,0.5623866265063356,-0.46174467354872245,0.07455524349580415,0.03342212023173792,0.33890603244360495,0.1148572988266658,0.1021840135275865,2020-05-01,Mona Vale Beach Sydney New South Wales AUSTRALIA,Mona Vale Beach,New South Wales,AUSTRALIA,-33.6795811,151.31354850000002
4294,2020-05-01|Mona Vale New South Wales AUSTRALIA,0.562370322858862,-0.4617499831795238,0.07454572735505921,0.03341177141109403,0.3389023710344142,0.11485481709274774,0.10218290957117836,2020-05-01,Mona Vale New South Wales AUSTRALIA,Mona Vale,New South Wales,AUSTRALIA,-33.675959999999996,151.30653
4295,2020-05-01|Mona Vale near Sydney New South Wales AUSTRALIA,0.562370322858862,-0.4617499831795238,0.07454572735505921,0.03341177141109403,0.3389023710344142,0.11485481709274774,0.10218290957117836,2020-05-01,Mona Vale near Sydney New South Wales AUSTRALIA,Mona Vale,New South Wales,AUSTRALIA,-33.675959999999996,151.30653
4296,2020-05-01|Moodie Beach New South Wales AUSTRALIA,0.6034217146077415,-0.4377537872923031,0.046420854228108134,0.003239298207363822,0.35147010760218245,0.1235312365378897,0.10146068061811339,2020-05-01,Moodie Beach New South Wales AUSTRALIA,Moodie Beach,New South Wales,AUSTRALIA,-30.210286,153.15729
4297,2020-05-01|Mooloolaba Beach Queensland AUSTRALIA,0.632512234234648,-0.4191821331870629,0.028547941538206594,-0.031419159062591503,0.3649295012048275,0.13317354084960417,0.10534607287792151,2020-05-01,Mooloolaba Beach Queensland AUSTRALIA,Mooloolaba Beach,Queensland,AUSTRALIA,-26.680943699999997,153.12166499999998
4298,2020-05-01|Mooloolaba Queensland AUSTRALIA,0.632512234234648,-0.4191821331870629,0.028547941538206594,-0.031419159062591503,0.3649295012048275,0.13317354084960417,0.10534607287792151,2020-05-01,Mooloolaba Queensland AUSTRALIA,Mooloolaba,Queensland,AUSTRALIA,-26.682,153.118
4299,2020-05-01|Moonee Beach New South Wales AUSTRALIA,0.6034217146077415,-0.4377537872923031,0.046420854228108134,0.003239298207363822,0.35147010760218245,0.1235312365378897,0.10146068061811339,2020-05-01,Moonee Beach New South Wales AUSTRALIA,Moonee Beach,New South Wales,AUSTRALIA,-30.1895467,153.1501948
4300,2020-05-01|Moore Park north of Bundaberg Queensland AUSTRALIA,0.853125040352863,-0.5688187284328258,0.14873473918228167,0.23039226399133608,0.5270390134566062,0.2777701217053127,0.1589082415922394,2020-05-01,Moore Park north of Bundaberg Queensland AUSTRALIA,Moore Park,Queensland,AUSTRALIA,-24.850489899999996,152.3506485
4301,2020-05-01|Mordialloc Victoria AUSTRALIA,0.5192664669109276,-0.5751675034067262,0.05953815811810273,0.039371900066667145,0.34907433036805763,0.12185288812190785,0.09681579977617602,2020-05-01,Mordialloc Victoria AUSTRALIA,Mordialloc,Victoria,AUSTRALIA,-37.999541799999996,145.0940302
4302,2020-05-01|Moreton Bay NE of Brisbane Queensland AUSTRALIA,0.8144034326769319,-0.6046274286274234,0.033790985553662806,0.0234959566155558,0.4903900991362319,0.24048244933084334,0.14785817815818808,2020-05-01,Moreton Bay NE of Brisbane Queensland AUSTRALIA,Moreton Bay,Queensland,AUSTRALIA,-27.3123953,153.3446649
4303,2020-05-01|Moreton Bay Queensland AUSTRALIA,0.8143934144408109,-0.6046272977642478,0.03378479346900882,0.02348407879418349,0.4903877535100781,0.2404801487926611,0.14785747092529256,2020-05-01,Moreton Bay Queensland AUSTRALIA,Moreton Bay,Queensland,AUSTRALIA,-27.3123953,153.3446649
4304,2020-05-01|Moreton Island Queensland AUSTRALIA,0.6902262709628889,-0.44898774586733525,0.07438896565419316,0.03698452118606649,0.3875608421333177,0.1502034063550864,0.116853990617307,2020-05-01,Moreton Island Queensland AUSTRALIA,Moreton Island,Queensland,AUSTRALIA,-27.0873207,153.41542330000001
4305,2020-05-01|Mornington Island Gulf of Carpentaria Queensland AUSTRALIA,1.130625078773534,-1.064016809696532,0.1343754735272649,0.20232897101703393,0.8430303610548983,0.7107001896603522,0.24336190294503646,2020-05-01,Mornington Island Gulf of Carpentaria Queensland AUSTRALIA,Mornington Island,Queensland,AUSTRALIA,-16.5174872,139.4059435
4306,2020-05-01|Mornington Island Queensland AUSTRALIA,1.130625078773534,-1.064016809696532,0.1343754735272649,0.20232897101703393,0.8430303610548983,0.7107001896603522,0.24336190294503646,2020-05-01,Mornington Island Queensland AUSTRALIA,Mornington Island,Queensland,AUSTRALIA,-16.5174872,139.4059435
4307,2020-05-01|Mount Martha Beach Victoria AUSTRALIA,0.5130280015282205,-0.577977688071755,0.05297461134243849,0.04499076049541685,0.3434133388739756,0.11793272131657202,0.09524572322987769,2020-05-01,Mount Martha Beach Victoria AUSTRALIA,Mount Martha Beach,Victoria,AUSTRALIA,-38.263749600000004,145.0158385
4308,2020-05-01|Mowarry Point New South Wales AUSTRALIA,0.53792660198674,-0.4782738894800506,0.06243344338550182,0.018151225615936534,0.33472839824035017,0.11204310058855046,0.10092440942180911,2020-05-01,Mowarry Point New South Wales AUSTRALIA,Mowarry Point,New South Wales,AUSTRALIA,-37.1406048,150.0047629
4309,2020-05-01|Mudjimba Island Queensland AUSTRALIA,0.6321201961574953,-0.4182951768246699,0.02891185689783521,-0.03072194384427111,0.3645958934553871,0.132930165524532,0.10524976861594994,2020-05-01,Mudjimba Island Queensland AUSTRALIA,Mudjimba Island,Queensland,AUSTRALIA,-26.6146347,153.1144871
4310,2020-05-01|Mullaloo Beach Perth Western Australia AUSTRALIA,0.19748025912099487,-0.24200378099996298,0.012602258817133874,0.04475888043383416,0.15702857873218087,0.024657974538648725,0.043551891717854785,2020-05-01,Mullaloo Beach Perth Western Australia AUSTRALIA,Mullaloo Beach,Western Australia,AUSTRALIA,-31.7789355,115.7325558
4311,2020-05-01|Mullaway Headland New South Wales AUSTRALIA,0.6043969333361637,-0.4368425513172555,0.04651980178022194,0.0031984339861564487,0.35167870102579474,0.12367790875519033,0.10152089635275026,2020-05-01,Mullaway Headland New South Wales AUSTRALIA,Mullaway Headland,New South Wales,AUSTRALIA,-30.080607300000004,153.19585039999998
4312,2020-05-01|Murwillumbah Tweed River New South Wales AUSTRALIA,0.6232872491062375,-0.4249328749613227,0.04163094274286083,-0.006600300192062725,0.3570298671472858,0.12747032603520855,0.1030656449531109,2020-05-01,Murwillumbah Tweed River New South Wales AUSTRALIA,Murwillumbah,New South Wales,AUSTRALIA,-28.332256800000003,153.3827556
4313,2020-05-01|Mutton Bird Island Albany Western Australia AUSTRALIA,0.19376420241840578,-0.2689526397765975,0.043499016946338655,0.11591879313452691,0.16083274494116664,0.025867171845310368,0.04298435915316039,2020-05-01,Mutton Bird Island Albany Western Australia AUSTRALIA,Mutton Bird Island,Western Australia,AUSTRALIA,-35.0508428,117.69298300000001
4314,2020-05-01|Nambucca New South Wales AUSTRALIA,0.6003346800125696,-0.4368644772272813,0.04780039667275993,0.005898157369259095,0.3492963736582379,0.12200795665079535,0.10083317767927188,2020-05-01,Nambucca New South Wales AUSTRALIA,Nambucca,New South Wales,AUSTRALIA,-30.666463,152.73238840000002
4315,2020-05-01|Nambucca River Entrance New South Wales AUSTRALIA,0.6006028344669244,-0.4366050113783308,0.04767929352094088,0.005633021930820102,0.34943295164035343,0.12210338769208956,0.10087260434664178,2020-05-01,Nambucca River Entrance New South Wales AUSTRALIA,Nambucca River Entrance,New South Wales,AUSTRALIA,-30.6419702,152.9978834
4316,2020-05-01|Native Dog Beach Western Australia AUSTRALIA,0.19854573399986394,-0.2767255793935341,0.040329215253809655,0.11459739730647592,0.16714961278855284,0.027938993055363147,0.043157844443672225,2020-05-01,Native Dog Beach Western Australia AUSTRALIA,Native Dog Beach,Western Australia,AUSTRALIA,-34.450121,119.35602220000001
4317,2020-05-01|Near Albany Western Australia AUSTRALIA,0.1972259674719,-0.2750161996667951,0.04888100050935473,0.12439467619555261,0.1630228986942407,0.026576465498672663,0.042092331446216866,2020-05-01,Near Albany Western Australia AUSTRALIA,Near Albany,Western Australia,AUSTRALIA,-35.0269344,117.8837206
4318,2020-05-01|Near Asbestos Works Camellia Parramatta River New South Wales AUSTRALIA,0.5595231257566875,-0.4614589397277809,0.07353839837875009,0.03307411976225039,0.3377879682920006,0.11410071152283759,0.10184690450191208,2020-05-01,Near Asbestos Works Camellia Parramatta River New South Wales AUSTRALIA,Near Asbestos Works,New South Wales,AUSTRALIA,-33.858772200000004,151.1770866
4319,2020-05-01|Near Barrow Point Queensland AUSTRALIA,1.5192042462584494,-1.2284502883557333,0.13867653412325795,0.12195907224546171,1.042225542597596,1.086234081642853,0.3142428247018904,2020-05-01,Near Barrow Point Queensland AUSTRALIA,Near Barrow Point,Queensland,AUSTRALIA,-20.9175738,142.7027956
4320,2020-05-01|Near Bondi Beach New South Wales AUSTRALIA,0.5595239818466818,-0.4614598276597755,0.0735379505728795,0.03307240629749196,0.33778851103564933,0.11410107818768098,0.10184706814527937,2020-05-01,Near Bondi Beach New South Wales AUSTRALIA,Near Bondi Beach,New South Wales,AUSTRALIA,-33.8914755,151.2766845
4321,2020-05-01|Near Brisbane Queensland AUSTRALIA,0.855772629971798,-0.560170524485027,0.12458520420299585,0.20952259271797197,0.5279546433180727,0.2787361054011134,0.15918431438290573,2020-05-01,Near Brisbane Queensland AUSTRALIA,Near Brisbane,Queensland,AUSTRALIA,-27.469770699999998,153.0251235
4322,2020-05-01|Near Broome in Roebuck Bay Western Australia AUSTRALIA,1.4955703455429303,-1.7648108536146396,0.23331834299658846,0.49461914946794944,1.131827860444454,1.2810343056782707,0.3267305599519619,2020-05-01,Near Broome in Roebuck Bay Western Australia AUSTRALIA,Near Broome in Roebuck Bay,Western Australia,AUSTRALIA,-18.0858333,122.28305559999998
4323,2020-05-01|Near Cairns Queensland AUSTRALIA,0.7952296923542975,-0.4563723102282289,0.1597238957904201,0.08948660293190909,0.42300202126895514,0.1789307099976216,0.12753990819191444,2020-05-01,Near Cairns Queensland AUSTRALIA,Near Cairns,Queensland,AUSTRALIA,-16.9185514,145.7780548
4324,2020-05-01|Near Forbes Island Barrier Reef Queensland AUSTRALIA,0.8074301797227484,-0.5556969335353661,0.07455593744753496,0.04972151382804217,0.4265105624436074,0.18191125987596235,0.12312299401951772,2020-05-01,Near Forbes Island Barrier Reef Queensland AUSTRALIA,Near Forbes Island,Queensland,AUSTRALIA,-12.2894676,143.4081551
4325,2020-05-01|Near Legendre Island Western Australia AUSTRALIA,0.8681027624523013,-0.983464816723302,0.060060008647118295,0.12396194498929614,0.5923181305181073,0.3508407677404657,0.17098751605026258,2020-05-01,Near Legendre Island Western Australia AUSTRALIA,Near Legendre Island,Western Australia,AUSTRALIA,-20.3853568,116.87631040000001
4326,2020-05-01|Near Moreton Island in Moreton Bay Queensland AUSTRALIA,0.6902262709628889,-0.44898774586733525,0.07438896565419316,0.03698452118606649,0.3875608421333177,0.1502034063550864,0.116853990617307,2020-05-01,Near Moreton Island in Moreton Bay Queensland AUSTRALIA,Near Moreton Island in Moreton Bay,Queensland,AUSTRALIA,-27.0873207,153.41542330000001
4327,2020-05-01|Near Port Vincent South Australia AUSTRALIA,0.5196882205149562,-0.36947994957328795,-0.004492804509151423,-0.07900409607176151,0.30355479256502776,0.09214551208919702,0.0876287206006099,2020-05-01,Near Port Vincent South Australia AUSTRALIA,Near Port Vincent,South Australia,AUSTRALIA,-34.781414899999994,137.8547712
4328,2020-05-01|Near Restoration Rock off Portland Roads Queensland AUSTRALIA,0.7739795451367714,-0.5031922309619784,0.1003519932235099,0.06897673122453385,0.4011941272543137,0.16095672774335043,0.1158147686837875,2020-05-01,Near Restoration Rock off Portland Roads Queensland AUSTRALIA,Near Restoration Rock off Portland Roads,Queensland,AUSTRALIA,-12.622323800000002,143.46304740000002
4329,2020-05-01|Near Southport Queensland AUSTRALIA,0.6275815086038917,-0.425825102158232,0.039740440180330704,-0.010073070744557119,0.35913213999739685,0.12897589397910986,0.10367251885107172,2020-05-01,Near Southport Queensland AUSTRALIA,Near Southport,Queensland,AUSTRALIA,-27.973794,153.4183144
4330,2020-05-01|Near Sydney New South Wales AUSTRALIA,0.5595231257566875,-0.4614589397277809,0.07353839837875009,0.03307411976225039,0.3377879682920006,0.11410071152283759,0.10184690450191208,2020-05-01,Near Sydney New South Wales AUSTRALIA,Near Sydney,New South Wales,AUSTRALIA,-33.8688197,151.2092955
4331,2020-05-01|Near Thursday Island Queensland AUSTRALIA,0.976112343404861,-1.382073843423463,0.07772596818250795,0.3511779624957908,0.7741721263595783,0.5993424812321109,0.20690620394484324,2020-05-01,Near Thursday Island Queensland AUSTRALIA,Near Thursday Island,Queensland,AUSTRALIA,-10.5799169,142.2193906
4332,2020-05-01|Neds Beach Lord Howe Island New South Wales AUSTRALIA,0.5782382981335649,-0.3856739548210527,0.06156525137240961,0.037543773257540575,0.3433072274677303,0.11785985243157993,0.09910426009661909,2020-05-01,Neds Beach Lord Howe Island New South Wales AUSTRALIA,Ned's Beach,New South Wales,AUSTRALIA,-31.518050800000005,159.06489059999998
4333,2020-05-01|Nelsons Bay New South Wales AUSTRALIA,0.5754686495136072,-0.457049600670425,0.04723246814066984,0.010028417458461128,0.34184800497644563,0.11686005850637599,0.09868301884754371,2020-05-01,Nelsons Bay New South Wales AUSTRALIA,Nelson's Bay,New South Wales,AUSTRALIA,-32.715,152.15111100000001
4334,2020-05-01|Nerang River Queensland AUSTRALIA,0.6275602792640115,-0.42582656009120107,0.039735549236351336,-0.010075271306946961,0.35912736850036453,0.1289724668059966,0.1036711414385237,2020-05-01,Nerang River Queensland AUSTRALIA,Nerang River,Queensland,AUSTRALIA,-28.004231800000003,153.3708292
4335,2020-05-01|Nerang River Southpot Queensland AUSTRALIA,0.6275815086038917,-0.425825102158232,0.039740440180330704,-0.010073070744557119,0.35913213999739685,0.12897589397910986,0.10367251885107172,2020-05-01,Nerang River Southpot Queensland AUSTRALIA,Nerang River,Queensland,AUSTRALIA,-27.973794,153.4183144
4336,2020-05-01|Nerang River Surfers Paradise Queensland AUSTRALIA,0.6275602792640115,-0.42582656009120107,0.039735549236351336,-0.010075271306946961,0.35912736850036453,0.1289724668059966,0.1036711414385237,2020-05-01,Nerang River Surfers Paradise Queensland AUSTRALIA,Nerang River,Queensland,AUSTRALIA,-27.9889011,153.4257263
4337,2020-05-01|Nerang River near Chevron Island Queensland AUSTRALIA,0.6275602792640115,-0.42582656009120107,0.039735549236351336,-0.010075271306946961,0.35912736850036453,0.1289724668059966,0.1036711414385237,2020-05-01,Nerang River near Chevron Island Queensland AUSTRALIA,Nerang River near Chevron Island,Queensland,AUSTRALIA,-27.997344599999998,153.4198464
4338,2020-05-01|Nettley Bay Tasmania AUSTRALIA,0.29676230438769474,-0.23496627401930922,0.039197668907381605,0.04244675227842188,0.20095196789291853,0.04038169340003656,0.0669839892976395,2020-05-01,Nettley Bay Tasmania AUSTRALIA,Nettley Bay,Tasmania,AUSTRALIA,-40.93,144.62
4339,2020-05-01|Newcastle Beach New South Wales AUSTRALIA,0.5740242364762262,-0.45872048105985147,0.04771001010371694,0.011120744025680668,0.3415950628905901,0.11668718699122621,0.09861000075686467,2020-05-01,Newcastle Beach New South Wales AUSTRALIA,Newcastle Beach,New South Wales,AUSTRALIA,-32.9310039,151.7857155
4340,2020-05-01|Newcastle Harbor New South Wales AUSTRALIA,0.5740431232314365,-0.45871797548248316,0.04771450295268128,0.011122389660966323,0.3415993110855439,0.1166900893341182,0.09861122710511476,2020-05-01,Newcastle Harbor New South Wales AUSTRALIA,Newcastle Harbor,New South Wales,AUSTRALIA,-32.9243415,151.7870367
4341,2020-05-01|Newcastle New South Wales AUSTRALIA,0.5740242364762262,-0.45872048105985147,0.04771001010371694,0.011120744025680668,0.3415950628905901,0.11668718699122621,0.09861000075686467,2020-05-01,Newcastle New South Wales AUSTRALIA,Newcastle,New South Wales,AUSTRALIA,-32.9282712,151.78168019999998
4342,2020-05-01|Nobbys Beach Queensland AUSTRALIA,0.626853827435496,-0.42620057890511265,0.040408959752848854,-0.008878419370256949,0.35888018478356276,0.12879498703028414,0.10359978564580631,2020-05-01,Nobbys Beach Queensland AUSTRALIA,Nobby's Beach,Queensland,AUSTRALIA,-28.0534335,153.4410418
4343,2020-05-01|Noosa Heads Queensland AUSTRALIA,0.6330538997449464,-0.4189978293773983,0.028450305165643102,-0.03125548919977961,0.3651927808778815,0.13336576720532037,0.10542207517297646,2020-05-01,Noosa Heads Queensland AUSTRALIA,Noosa Heads,Queensland,AUSTRALIA,-26.398000000000003,153.093
4344,2020-05-01|Noosa Queensland AUSTRALIA,0.6330371764939384,-0.418999563987639,0.028443303342052334,-0.031262368458518514,0.3651888024505089,0.13336286143523682,0.10542092669991919,2020-05-01,Noosa Queensland AUSTRALIA,Noosa,Queensland,AUSTRALIA,-26.3645433,152.9676695
4345,2020-05-01|Norah Head New South Wales AUSTRALIA,0.5691582761775458,-0.46068937808864235,0.04776813798248877,0.012472754486140384,0.33977699576734527,0.11544840685268255,0.09808516998535957,2020-05-01,Norah Head New South Wales AUSTRALIA,Norah Head,New South Wales,AUSTRALIA,-33.2815439,151.5791475
4346,2020-05-01|Noraville New South Wales AUSTRALIA,0.5691582761775458,-0.46068937808864235,0.04776813798248877,0.012472754486140384,0.33977699576734527,0.11544840685268255,0.09808516998535957,2020-05-01,Noraville New South Wales AUSTRALIA,Noraville,New South Wales,AUSTRALIA,-33.268863,151.5559438
4347,2020-05-01|Normanville South Australia AUSTRALIA,0.47025005766337286,-0.2738952110048878,0.04345729763949887,-0.07648625953109843,0.2844843167248416,0.08093132646239999,0.08212354842065703,2020-05-01,Normanville South Australia AUSTRALIA,Normanville,South Australia,AUSTRALIA,-35.446382799999995,138.3215845
4348,2020-05-01|North Avoca Beach New South Wales AUSTRALIA,0.566881179139838,-0.46130406340738084,0.047444516423106965,0.012438432703536954,0.3389593850804795,0.11489346473413678,0.09784914611028243,2020-05-01,North Avoca Beach New South Wales AUSTRALIA,North Avoca Beach,New South Wales,AUSTRALIA,-33.4608015,151.4379276
4349,2020-05-01|North Beach Belligen River New South Wales AUSTRALIA,0.600443515940594,-0.4357195355727817,0.0474058915933342,0.005140815506783769,0.3493147845917608,0.12202081873438826,0.10083849245798462,2020-05-01,North Beach Belligen River New South Wales AUSTRALIA,North Beach,New South Wales,AUSTRALIA,-30.464843100000003,153.04732109999998
4350,2020-05-01|North Bondi New South Wales AUSTRALIA,0.5595239818466818,-0.4614598276597755,0.0735379505728795,0.03307240629749196,0.33778851103564933,0.11410107818768098,0.10184706814527937,2020-05-01,North Bondi New South Wales AUSTRALIA,North Bondi,New South Wales,AUSTRALIA,-33.8879,151.2808
4351,2020-05-01|North Brighton Botany Bay New South Wales AUSTRALIA,0.5567261582010684,-0.4622560523342473,0.07222456809651168,0.03260431371791858,0.33702831942444,0.11358808809406237,0.10161786175044692,2020-05-01,North Brighton Botany Bay New South Wales AUSTRALIA,North Brighton,New South Wales,AUSTRALIA,-33.95908729999999,151.15205930000002
4352,2020-05-01|North Burleigh near Brisbane Queensland AUSTRALIA,0.6268749883743119,-0.4261990982230063,0.04041384074841762,-0.008876226780344198,0.3588849391126221,0.12879839952187047,0.10360115810238742,2020-05-01,North Burleigh near Brisbane Queensland AUSTRALIA,North Burleigh,Queensland,AUSTRALIA,-28.0771255,153.4468079
4353,2020-05-01|North Cottesloe Western Australia AUSTRALIA,0.19864860880193708,-0.24442063410433837,0.011861535356618587,0.044287968912057066,0.1584722312366678,0.025113448073127907,0.04395228888161475,2020-05-01,North Cottesloe Western Australia AUSTRALIA,North Cottesloe,Western Australia,AUSTRALIA,-31.9819839,115.76097040000002
4354,2020-05-01|North Cronulla Beach New South Wales AUSTRALIA,0.5562715579806239,-0.4627026226930374,0.07191457380674164,0.03227329878048989,0.3369772425511838,0.11355366199739936,0.1016024614937146,2020-05-01,North Cronulla Beach New South Wales AUSTRALIA,North Cronulla Beach,New South Wales,AUSTRALIA,-34.0496066,151.1572211
4355,2020-05-01|North Haven South Australia AUSTRALIA,0.5202046284316364,-0.4024108031644287,-0.029777433108001388,-0.09613794242104558,0.31017668183913416,0.09620957395673546,0.08954029537808451,2020-05-01,North Haven South Australia AUSTRALIA,North Haven,South Australia,AUSTRALIA,-34.7864711,138.49372130000003
4356,2020-05-01|North Head New South Wales AUSTRALIA,0.5610470894160124,-0.461646868824497,0.0738876119981834,0.032690220064257314,0.3383514901326466,0.11448173087498245,0.10201681272978419,2020-05-01,North Head New South Wales AUSTRALIA,North Head,New South Wales,AUSTRALIA,-33.8332187,151.28042580000002
4357,2020-05-01|North Head Sydney Harbour New South Wales AUSTRALIA,0.5610470894160124,-0.461646868824497,0.0738876119981834,0.032690220064257314,0.3383514901326466,0.11448173087498245,0.10201681272978419,2020-05-01,North Head Sydney Harbour New South Wales AUSTRALIA,North Head,New South Wales,AUSTRALIA,-33.8332187,151.28042580000002
4358,2020-05-01|North Narrabeen Beach New South Wales AUSTRALIA,0.562370322858862,-0.4617499831795238,0.07454572735505921,0.03341177141109403,0.3389023710344142,0.11485481709274774,0.10218290957117836,2020-05-01,North Narrabeen Beach New South Wales AUSTRALIA,North Narrabeen Beach,New South Wales,AUSTRALIA,-33.7006895,151.30409939999998
4359,2020-05-01|North Point Beach Moreton Island Queensland AUSTRALIA,0.6375717085955082,-0.4141365523316765,0.034577851990277214,-0.023163641025788124,0.3646919390131201,0.13300021038114931,0.10527749458025573,2020-05-01,North Point Beach Moreton Island Queensland AUSTRALIA,North Point Beach,Queensland,AUSTRALIA,-27.0269755,153.45147409999998
4360,2020-05-01|North Shelly Beach New South Wales AUSTRALIA,0.5668647749433804,-0.46130932390437485,0.0474360318590848,0.012426772945870692,0.3389549429660601,0.11489045336112506,0.09784786378230453,2020-05-01,North Shelly Beach New South Wales AUSTRALIA,North Shelly Beach,New South Wales,AUSTRALIA,-33.3699595,151.4858695
4361,2020-05-01|North Solitary Island New South Wales AUSTRALIA,0.6052700293455593,-0.4349411892879826,0.04645407402249083,0.0027687359891649804,0.35154154465928067,0.12358145762143301,0.10148130272018628,2020-05-01,North Solitary Island New South Wales AUSTRALIA,North Solitary Island,New South Wales,AUSTRALIA,-29.9294292,153.39146609999997
4362,2020-05-01|North Steyne New South Wales AUSTRALIA,0.5610470894160124,-0.461646868824497,0.0738876119981834,0.032690220064257314,0.3383514901326466,0.11448173087498245,0.10201681272978419,2020-05-01,North Steyne New South Wales AUSTRALIA,North Steyne,New South Wales,AUSTRALIA,-33.7915584,151.2869868
4363,2020-05-01|North West Island Queensland AUSTRALIA,0.9708965665039132,-0.6859744812706515,0.1551910478587474,0.30055469863908163,0.5640298986317475,0.3181297265505393,0.17006141311851788,2020-05-01,North West Island Queensland AUSTRALIA,North West Island,Queensland,AUSTRALIA,-23.2950882,151.7078724
4364,2020-05-01|North of main swimming area in Watermans Bay Beach Perth Western Australia AUSTRALIA,0.1977714717225249,-0.2427993568158452,0.012448454193110995,0.044768250926526434,0.1574954388374368,0.024804813254596794,0.043681375413852384,2020-05-01,North of main swimming area in Watermans Bay Beach Perth Western Australia AUSTRALIA,North of main swimming area in Waterman's Bay Beach,Western Australia,AUSTRALIA,-31.8517249,115.75106559999999
4365,2020-05-01|Oak Beach Queensland AUSTRALIA,0.8002848055306149,-0.4645636138830742,0.1551409571402693,0.07488554545243227,0.426120009246979,0.1815782622806455,0.12848001693954572,2020-05-01,Oak Beach Queensland AUSTRALIA,Oak Beach,Queensland,AUSTRALIA,-16.591276999999998,145.51918569999998
4366,2020-05-01|Oatley Bay near Como George’s River New South Wales AUSTRALIA,0.5562903472044819,-0.462699936684904,0.0719195655998933,0.03227840720236426,0.3369812146370525,0.11355633901826323,0.10160365912266565,2020-05-01,Oatley Bay near Como George’s River New South Wales AUSTRALIA,Oatley Bay near Como,New South Wales,AUSTRALIA,-33.9904648,151.0843479
4367,2020-05-01|Ocean Reef Western Australia AUSTRALIA,0.19748025912099487,-0.24200378099996298,0.012602258817133874,0.04475888043383416,0.15702857873218087,0.024657974538648725,0.043551891717854785,2020-05-01,Ocean Reef Western Australia AUSTRALIA,Ocean Reef,Western Australia,AUSTRALIA,-31.760051699999998,115.73328070000001
4368,2020-05-01|Ocean baths Kissing Point Beach Queensland AUSTRALIA,1.5192042462584494,-1.2284502883557333,0.13867653412325795,0.12195907224546171,1.042225542597596,1.086234081642853,0.3142428247018904,2020-05-01,Ocean baths Kissing Point Beach Queensland AUSTRALIA,Ocean baths,Queensland,AUSTRALIA,-20.9175738,142.7027956
4369,2020-05-01|Oceanworld Manley New South Wales AUSTRALIA,0.5610470894160124,-0.461646868824497,0.0738876119981834,0.032690220064257314,0.3383514901326466,0.11448173087498245,0.10201681272978419,2020-05-01,Oceanworld Manley New South Wales AUSTRALIA,Oceanworld,New South Wales,AUSTRALIA,-33.795355,151.285014
4370,2020-05-01|Off Airlie Beach Whitsundays Queensland AUSTRALIA,1.1412416757161816,-0.8790928164210381,0.15819770350585644,0.18994467824729888,0.6659526709737089,0.443492959977017,0.1847020386329159,2020-05-01,Off Airlie Beach Whitsundays Queensland AUSTRALIA,Off Airlie Beach,Queensland,AUSTRALIA,-20.2675,148.71694399999998
4371,2020-05-01|Off Ben Buckler near Sydney New South Wales AUSTRALIA,0.5595239818466818,-0.4614598276597755,0.0735379505728795,0.03307240629749196,0.33778851103564933,0.11410107818768098,0.10184706814527937,2020-05-01,Off Ben Buckler near Sydney New South Wales AUSTRALIA,Off Ben Buckler,New South Wales,AUSTRALIA,-33.8898004,151.2831104
4372,2020-05-01|Off Big Friar Island Tasmania AUSTRALIA,1.2438854061817046,-1.094957892266108,0.2823343980060786,0.4391038659274036,0.8533875041217361,0.7282702321911262,0.24635175261387363,2020-05-01,Off Big Friar Island Tasmania AUSTRALIA,Off Big Friar Island,Tasmania,AUSTRALIA,-41.4545196,145.9706647
4373,2020-05-01|Off Blacksmith Beach New South Wales AUSTRALIA,0.5721242560418418,-0.45948385502182887,0.04792438223857288,0.012018166474319119,0.3408560057364207,0.11618281664658686,0.09839665333341156,2020-05-01,Off Blacksmith Beach New South Wales AUSTRALIA,Off Blacksmith Beach,New South Wales,AUSTRALIA,-33.0515891,151.6680509
4374,2020-05-01|Off Bloomfield River Queensland AUSTRALIA,0.769789289229973,-0.45234215643006886,0.1446055187249315,0.07613490839818259,0.41136935962406096,0.16922475003750997,0.12403252873834421,2020-05-01,Off Bloomfield River Queensland AUSTRALIA,Off Bloomfield River,Queensland,AUSTRALIA,-15.931200899999999,145.349625
4375,2020-05-01|Off Bribie Heads Queensland AUSTRALIA,0.6702522671506885,-0.4614017921252439,0.05379978191997088,0.013414015459253222,0.38435887123053125,0.1477317418936081,0.11588856006510899,2020-05-01,Off Bribie Heads Queensland AUSTRALIA,Off Bribie Heads,Queensland,AUSTRALIA,-26.986100300000004,153.1325243
4376,2020-05-01|Off Brisbane Queensland AUSTRALIA,0.855772629971798,-0.560170524485027,0.12458520420299585,0.20952259271797197,0.5279546433180727,0.2787361054011134,0.15918431438290573,2020-05-01,Off Brisbane Queensland AUSTRALIA,Off Brisbane,Queensland,AUSTRALIA,-27.469770699999998,153.0251235
4377,2020-05-01|Off Broughton Island near Port Stephens New South Wales AUSTRALIA,0.57719349118994,-0.457383247219862,0.04731509918334159,0.010028405490773537,0.34260596828582296,0.11737884950506633,0.09890182400789614,2020-05-01,Off Broughton Island near Port Stephens New South Wales AUSTRALIA,Off Broughton Island near Port Stephens,New South Wales,AUSTRALIA,-32.6157855,152.31398269999997
4378,2020-05-01|Off Cairns Queensland AUSTRALIA,0.7952296923542975,-0.4563723102282289,0.1597238957904201,0.08948660293190909,0.42300202126895514,0.1789307099976216,0.12753990819191444,2020-05-01,Off Cairns Queensland AUSTRALIA,Off Cairns,Queensland,AUSTRALIA,-16.9185514,145.7780548
4379,2020-05-01|Off City Beach Perth Western Australia AUSTRALIA,0.1980035252700153,-0.2432957197320712,0.012265380863264062,0.04465405123431905,0.15780029237408227,0.024900932273345847,0.04376592657215098,2020-05-01,Off City Beach Perth Western Australia AUSTRALIA,Off City Beach,Western Australia,AUSTRALIA,-31.9339651,115.76420859999999
4380,2020-05-01|Off Dawesville Cut Western Australia AUSTRALIA,0.20157055154056788,-0.2123330693313344,0.024281161177386826,0.05676152539388055,0.14069699703204136,0.019795644973834257,0.04242174075318441,2020-05-01,Off Dawesville Cut Western Australia AUSTRALIA,Off Dawesville Cut,Western Australia,AUSTRALIA,-32.607019199999996,115.63976670000001
4381,2020-05-01|Off De Grey river Western Australia AUSTRALIA,1.3827739317766028,-1.6396893928749057,0.21605832725575055,0.4821468115818302,1.0183448574428713,1.0370262486803419,0.2824380461242569,2020-05-01,Off De Grey river Western Australia AUSTRALIA,Off De Grey river,Western Australia,AUSTRALIA,-21.0940079,119.7494
4382,2020-05-01|Off Domain Sydney Harbor New South Wales AUSTRALIA,0.5595231257566875,-0.4614589397277809,0.07353839837875009,0.03307411976225039,0.3377879682920006,0.11410071152283759,0.10184690450191208,2020-05-01,Off Domain Sydney Harbor New South Wales AUSTRALIA,Off Domain,New South Wales,AUSTRALIA,-33.871516299999996,151.214894
4383,2020-05-01|Off Eva Island 20 miles from Cardwell Queensland AUSTRALIA,0.9521250521244228,-0.6073696950291511,0.04939235044571199,0.022373234174750536,0.49401749909181175,0.24405328940892823,0.1489518803961163,2020-05-01,Off Eva Island 20 miles from Cardwell Queensland AUSTRALIA,Off Eva Island 20 miles from Cardwell,Queensland,AUSTRALIA,-18.2654956,146.02580690000002
4384,2020-05-01|Off Franklin Island between Streaky Bay & Ceduna South Australia AUSTRALIA,0.23449015892241115,-0.3240768727285519,0.0221733919558971,0.060714098992123516,0.205583827942794,0.04226471031161233,0.061985856386475434,2020-05-01,Off Franklin Island between Streaky Bay & Ceduna South Australia AUSTRALIA,Off Franklin Island between Streaky Bay & Ceduna,South Australia,AUSTRALIA,-32.797222,134.21111100000002
4385,2020-05-01|Off Garden Island Western Australia AUSTRALIA,0.19649954937714512,-0.24351868898619689,-0.002301754499029071,0.02005877351853774,0.15411591764276714,0.023751716070872186,0.0444894332687289,2020-05-01,Off Garden Island Western Australia AUSTRALIA,Off Garden Island,Western Australia,AUSTRALIA,-32.204325399999995,115.67762739999999
4386,2020-05-01|Off Hinchinbrook Island Queensland AUSTRALIA,0.9606879015898449,-0.610614228413798,0.048625456217073065,0.019596649481981334,0.49796511119234593,0.24796925196480543,0.1501421302284198,2020-05-01,Off Hinchinbrook Island Queensland AUSTRALIA,Off Hinchinbrook Island,Queensland,AUSTRALIA,-18.3362903,146.2258805
4387,2020-05-01|Off Kisma New South Wales AUSTRALIA,0.5523417359105678,-0.46642333372873224,0.0709120893105734,0.03191918919188418,0.3366577520824193,0.11333844203718771,0.10150613149289765,2020-05-01,Off Kisma New South Wales AUSTRALIA,Off Kisma,New South Wales,AUSTRALIA,-34.6738221,150.8443706
4388,2020-05-01|Off Legendre Island Western Australia AUSTRALIA,0.8681027624523013,-0.983464816723302,0.060060008647118295,0.12396194498929614,0.5923181305181073,0.3508407677404657,0.17098751605026258,2020-05-01,Off Legendre Island Western Australia AUSTRALIA,Off Legendre Island,Western Australia,AUSTRALIA,-20.3853568,116.87631040000001
4389,2020-05-01|Off Lodestone Reef Great Barrier Reef north of Townsville Queensland AUSTRALIA,0.8916906792533452,-0.5088814742220016,0.2007664311825221,0.12019337335157143,0.4656161577767205,0.21679840638275588,0.14038855378839113,2020-05-01,Off Lodestone Reef Great Barrier Reef north of Townsville Queensland AUSTRALIA,Off Lodestone Reef,Queensland,AUSTRALIA,-18.689469600000002,147.1049521
4390,2020-05-01|Off Melbourne Victoria AUSTRALIA,0.5120749235084671,-0.5629676511163363,0.06160225548801331,0.035887747549349425,0.3449705696907671,0.11900469395277243,0.0956776213496988,2020-05-01,Off Melbourne Victoria AUSTRALIA,Off Melbourne,Victoria,AUSTRALIA,-37.813627600000004,144.96305759999998
4391,2020-05-01|Off Mooloolabah New South Wales AUSTRALIA,0.632512234234648,-0.4191821331870629,0.028547941538206594,-0.031419159062591503,0.3649295012048275,0.13317354084960417,0.10534607287792151,2020-05-01,Off Mooloolabah New South Wales AUSTRALIA,Off Mooloolabah,New South Wales,AUSTRALIA,-26.682,153.118
4392,2020-05-01|Off North Bondi New South Wales AUSTRALIA,0.5595239818466818,-0.4614598276597755,0.0735379505728795,0.03307240629749196,0.33778851103564933,0.11410107818768098,0.10184706814527937,2020-05-01,Off North Bondi New South Wales AUSTRALIA,Off North Bondi,New South Wales,AUSTRALIA,-33.8879,151.2808
4393,2020-05-01|Off North Keppel Island off Yeppoon Queensland AUSTRALIA,1.3320847382111536,-0.9689425236967335,0.3279623067094919,0.39457173543936863,0.724402934868325,0.5247596120458426,0.2184157029082268,2020-05-01,Off North Keppel Island off Yeppoon Queensland AUSTRALIA,Off North Keppel Island,Queensland,AUSTRALIA,-23.0737512,150.8987392
4394,2020-05-01|Off Perforated Island near Coffin Bay South Australia AUSTRALIA,0.23229487462718307,-0.27455533983500263,0.007603381921758079,0.0348852995056018,0.19161884551287892,0.03671778195568856,0.06059519944326328,2020-05-01,Off Perforated Island near Coffin Bay South Australia AUSTRALIA,Off Perforated Island near Coffin Bay,South Australia,AUSTRALIA,-34.726845000000004,135.15822240000003
4395,2020-05-01|Off Poison Creek Cape Arid Western Australia AUSTRALIA,0.22060416474673158,-0.2785283685433925,0.028938616032507445,0.08826070670363705,0.17924548028300666,0.03212894220188573,0.046280984001268975,2020-05-01,Off Poison Creek Cape Arid Western Australia AUSTRALIA,Off Poison Creek,Western Australia,AUSTRALIA,-33.9036415,123.35127050000001
4396,2020-05-01|Off Port Broughton South Australia AUSTRALIA,0.5467352164364233,-0.4872139214627206,-0.061484838774976375,-0.18319086826301198,0.36148678447338317,0.13067269534890616,0.09333548640929885,2020-05-01,Off Port Broughton South Australia AUSTRALIA,Off Port Broughton,South Australia,AUSTRALIA,-33.583333,137.93555600000002
4397,2020-05-01|Off Rottnest Island Western Australia AUSTRALIA,0.1955757166841152,-0.23933248009490515,0.013749959527360725,0.046655408582107934,0.15604470734765866,0.024349950691216437,0.04327901489282736,2020-05-01,Off Rottnest Island Western Australia AUSTRALIA,Off Rottnest Island,Western Australia,AUSTRALIA,-32.0063677,115.5073002
4398,2020-05-01|Off Scotts New South Wales AUSTRALIA,0.5998084338418951,-0.4370686259439874,0.0479345859453443,0.006238957464557951,0.349073819738689,0.12185253162695873,0.1007689318965915,2020-05-01,Off Scotts New South Wales AUSTRALIA,Off Scotts,New South Wales,AUSTRALIA,-30.7492859,152.9941554
4399,2020-05-01|Off Stradbroke Island Queensland AUSTRALIA,0.6309203957860546,-0.4195061791941314,0.03443105440581315,-0.019221753064950907,0.3595202744094302,0.12925482771143199,0.10378456360470632,2020-05-01,Off Stradbroke Island Queensland AUSTRALIA,Off Stradbroke Island,Queensland,AUSTRALIA,-27.5323174,153.46260769999998
4400,2020-05-01|Off Tasman Island Tasmania AUSTRALIA,0.37912731973747127,-0.4464873009254712,0.01370058742985483,0.05173964135901746,0.24838751758022848,0.06169635888966831,0.07170330006914391,2020-05-01,Off Tasman Island Tasmania AUSTRALIA,Off Tasman Island,Tasmania,AUSTRALIA,-43.238162700000004,148.00239390000002
4401,2020-05-01|Off Tower Hill Victoria AUSTRALIA,0.23034317592423992,-0.33592179324804045,0.002137111708972455,0.07687589871929604,0.20426214824778502,0.04172302520680011,0.06808738274926167,2020-05-01,Off Tower Hill Victoria AUSTRALIA,Off Tower Hill,Victoria,AUSTRALIA,-38.3332266,142.3537074
4402,2020-05-01|Off Wedge Island Western Australia AUSTRALIA,0.19816138003384917,-0.23616914840748698,0.015324320503261237,0.045001445754507034,0.1547329950507489,0.02394229975737508,0.04291521135858391,2020-05-01,Off Wedge Island Western Australia AUSTRALIA,Off Wedge Island,Western Australia,AUSTRALIA,-30.8277891,115.1879896
4403,2020-05-01|Off Wynnum in Moreton Bay near Brisbane Queensland AUSTRALIA,0.8557906777132989,-0.5601711205982994,0.12459023848779523,0.2095290803311027,0.5279587484211975,0.2787404400344773,0.1591855521180685,2020-05-01,Off Wynnum in Moreton Bay near Brisbane Queensland AUSTRALIA,Off Wynnum in Moreton Bay,Queensland,AUSTRALIA,-27.443694,153.173618
4404,2020-05-01|On board the Japanese longline trawler Fukuya No38 100 nm northeast of Brisbane Queensland AUSTRALIA,0.855772629971798,-0.560170524485027,0.12458520420299585,0.20952259271797197,0.5279546433180727,0.2787361054011134,0.15918431438290573,2020-05-01,On board the Japanese longline trawler Fukuya No38 100 nm northeast of Brisbane Queensland AUSTRALIA,On board the Japanese longline trawler Fukuya No.38,Queensland,AUSTRALIA,-27.469770699999998,153.0251235
4405,2020-05-01|Onslow Western Australia AUSTRALIA,0.5520923783930423,-0.5961682431272808,0.018403783700603995,0.046826402158339775,0.36151383785272273,0.1306922549590047,0.1043600558000221,2020-05-01,Onslow Western Australia AUSTRALIA,Onslow,Western Australia,AUSTRALIA,-21.662723,115.1069826
4406,2020-05-01|Opal Reef Queensland AUSTRALIA,0.7609023292958503,-0.43890271971056394,0.15142095238508443,0.09748709604962724,0.40597394872622433,0.16481484704436303,0.12240575114398797,2020-05-01,Opal Reef Queensland AUSTRALIA,Opal Reef,Queensland,AUSTRALIA,-16.2104561,145.881327
4407,2020-05-01|Orpheus Island Queensland AUSTRALIA,0.9448016071001394,-0.5708258402607609,0.1962178365135909,0.13481915962323243,0.4978268234418923,0.24783154613824498,0.1501004349028419,2020-05-01,Orpheus Island Queensland AUSTRALIA,Orpheus Island,Queensland,AUSTRALIA,-18.6160685,146.49719950000002
4408,2020-05-01|Otford New South Wales AUSTRALIA,0.5559922060395479,-0.4636007562988613,0.07165890206395778,0.03194202762656989,0.337101142417673,0.11363718021930028,0.10163981870905278,2020-05-01,Otford New South Wales AUSTRALIA,Otford,New South Wales,AUSTRALIA,-34.216667,151.0
4409,2020-05-01|Outer Barrier Reef near Port Douglas Queensland AUSTRALIA,0.8004983725063268,-0.4664152417812201,0.1531213409786353,0.07109081768339327,0.426451217739576,0.18186064111156724,0.1285798800574842,2020-05-01,Outer Barrier Reef near Port Douglas Queensland AUSTRALIA,Outer Barrier Reef near Port Douglas,Queensland,AUSTRALIA,-16.4844197,145.46060580000002
4410,2020-05-01|Outer Harbor South Australia AUSTRALIA,0.5229545704594644,-0.408316276660921,-0.0017532147344140124,-0.09123963852273413,0.31126129287577314,0.09688359244269784,0.09384881092998744,2020-05-01,Outer Harbor South Australia AUSTRALIA,Outer Harbor,South Australia,AUSTRALIA,-34.781,138.501
4411,2020-05-01|Palm Beach New South Wales AUSTRALIA,0.5631241880867909,-0.4619186506910682,0.07497203170052845,0.03366173111564605,0.3392209511722612,0.11507085371421362,0.10227896509689638,2020-05-01,Palm Beach New South Wales AUSTRALIA,Palm Beach,New South Wales,AUSTRALIA,-33.601110999999996,151.321667
4412,2020-05-01|Palm Beach North 5 miles north of Burleigh Heads Brisbane Queensland AUSTRALIA,0.41991469201956155,-0.3555690672699226,0.05228943147267314,0.06632425570832244,0.25105922805766817,0.06303073599291223,0.07247455645081718,2020-05-01,Palm Beach North 5 miles north of Burleigh Heads Brisbane Queensland AUSTRALIA,Palm Beach North,Queensland,AUSTRALIA,26.7056206,-80.0364297
4413,2020-05-01|Palm Beach Queensland AUSTRALIA,0.6261723157189897,-0.4267503651880598,0.04110428204557381,-0.0076029760653357065,0.3586443997096099,0.12862580544306643,0.10353172035784751,2020-05-01,Palm Beach Queensland AUSTRALIA,Palm Beach,Queensland,AUSTRALIA,-28.122260600000004,153.4694515
4414,2020-05-01|Palm Cove Beach Queensland AUSTRALIA,0.7950603063910685,-0.4587259991584665,0.15666328938680035,0.08280022301624308,0.4233466879487206,0.1792224181971514,0.12764382910596167,2020-05-01,Palm Cove Beach Queensland AUSTRALIA,Palm Cove Beach,Queensland,AUSTRALIA,-16.744428,145.67113590000002
4415,2020-05-01|Palm Cove Queensland AUSTRALIA,0.7950460522411461,-0.4587160845422978,0.15666351090449132,0.08278346523539375,0.4233418317773507,0.17921830653260268,0.12764236491520242,2020-05-01,Palm Cove Queensland AUSTRALIA,Palm Cove,Queensland,AUSTRALIA,-16.74405,145.67095
4416,2020-05-01|Palm Island Queensland AUSTRALIA,0.9493104845411686,-0.5708533431060646,0.19953293799351624,0.13493946728454076,0.49845044487994883,0.2484528460010189,0.15028846384113784,2020-05-01,Palm Island Queensland AUSTRALIA,Palm Island,Queensland,AUSTRALIA,-18.6894285,146.5392256
4417,2020-05-01|Pancake Creek Queensland AUSTRALIA,1.5192042462584494,-1.2284502883557333,0.13867653412325795,0.12195907224546171,1.042225542597596,1.086234081642853,0.3142428247018904,2020-05-01,Pancake Creek Queensland AUSTRALIA,Pancake Creek,Queensland,AUSTRALIA,-20.9175738,142.7027956
4418,2020-05-01|Paradise Beach Victoria AUSTRALIA,0.35997000463610823,-0.5202478111413149,0.033344576264800974,0.13193792013728534,0.2826543823922217,0.07989349988552828,0.08159529188088831,2020-05-01,Paradise Beach Victoria AUSTRALIA,Paradise Beach,Victoria,AUSTRALIA,-38.1992076,147.4033451
4419,2020-05-01|Paramatta River New South Wales AUSTRALIA,0.5610462323269237,-0.4616459814196701,0.0738880618358812,0.03269193848585978,0.3383509453704037,0.11448136223304592,0.10201664847778787,2020-05-01,Paramatta River New South Wales AUSTRALIA,Paramatta River,New South Wales,AUSTRALIA,-33.834442700000004,151.0923358
4420,2020-05-01|Paramatta River near Sydney New South Wales AUSTRALIA,0.5610633764554364,-0.4616415430604566,0.07389711631217448,0.03270053251420363,0.33835514305072134,0.1144842028288741,0.10201791412602454,2020-05-01,Paramatta River near Sydney New South Wales AUSTRALIA,Paramatta River (near Sydney),New South Wales,AUSTRALIA,-33.834442700000004,151.0923358
4421,2020-05-01|Park Beach Coffs Harbour New South Wales AUSTRALIA,0.6004366038933496,-0.43569860935348054,0.04684908307329196,0.004445832222229787,0.3493407990446186,0.12203899387713263,0.10084600218366477,2020-05-01,Park Beach Coffs Harbour New South Wales AUSTRALIA,Park Beach,New South Wales,AUSTRALIA,-30.289625899999997,153.11855480000003
4422,2020-05-01|Parkers Point Rottnest Island Western Australia AUSTRALIA,0.1955757166841152,-0.23933248009490515,0.013749959527360725,0.046655408582107934,0.15604470734765866,0.024349950691216437,0.04327901489282736,2020-05-01,Parkers Point Rottnest Island Western Australia AUSTRALIA,Parker's Point,Western Australia,AUSTRALIA,-32.014821000000005,115.53120159999999
4423,2020-05-01|Parramata River New South Wales AUSTRALIA,0.5610470894160124,-0.461646868824497,0.0738876119981834,0.032690220064257314,0.3383514901326466,0.11448173087498245,0.10201681272978419,2020-05-01,Parramata River New South Wales AUSTRALIA,Parramata River,New South Wales,AUSTRALIA,-33.834442700000004,151.0923358
4424,2020-05-01|Parramatta River New South Wales AUSTRALIA,0.5610470894160124,-0.461646868824497,0.0738876119981834,0.032690220064257314,0.3383514901326466,0.11448173087498245,0.10201681272978419,2020-05-01,Parramatta River New South Wales AUSTRALIA,Parramatta River,New South Wales,AUSTRALIA,-33.834442700000004,151.0923358
4425,2020-05-01|Parsons Beach Fleurieu Peninsula South Australia AUSTRALIA,0.2846065092315928,-0.2845275230059313,0.01594496319126794,0.03993231518395654,0.22313281399638235,0.049788252681944166,0.057612644840025734,2020-05-01,Parsons Beach Fleurieu Peninsula South Australia AUSTRALIA,Parsons Beach,South Australia,AUSTRALIA,-35.630574200000005,138.4671696
4426,2020-05-01|Peacock Point Balmain Sydney New South Wales AUSTRALIA,0.5595231257566875,-0.4614589397277809,0.07353839837875009,0.03307411976225039,0.3377879682920006,0.11410071152283759,0.10184690450191208,2020-05-01,Peacock Point Balmain Sydney New South Wales AUSTRALIA,Peacock Point,New South Wales,AUSTRALIA,-33.859680299999994,151.1964189
4427,2020-05-01|Peel Island Queensland AUSTRALIA,0.8935771352806431,-0.5890522226778895,0.20795883518595237,0.32359722413036746,0.5047860754014666,0.2548089819192151,0.15219872831842857,2020-05-01,Peel Island Queensland AUSTRALIA,Peel Island,Queensland,AUSTRALIA,-27.500573499999998,153.34761269999998
4428,2020-05-01|Pelican Banks near Gladstone Queensland AUSTRALIA,1.0156080160108873,-0.6612630276399095,0.21818370346849658,0.3741210303240009,0.5750784761877654,0.3307152537744422,0.17339268459310458,2020-05-01,Pelican Banks near Gladstone Queensland AUSTRALIA,Pelican Banks near Gladstone,Queensland,AUSTRALIA,-23.783333300000002,151.3
4429,2020-05-01|Pelican Island Macleay River New South Wales AUSTRALIA,0.5989932811549131,-0.43743511751699876,0.04826235033507879,0.007048763193581817,0.3486337276149683,0.1215454760307079,0.10064188824354231,2020-05-01,Pelican Island Macleay River New South Wales AUSTRALIA,Pelican Island,New South Wales,AUSTRALIA,-30.9314059,153.0331545
4430,2020-05-01|Pelican Waters Caloundra Queensland AUSTRALIA,0.6372306632531258,-0.4231316722474307,0.02772993551459672,-0.03391139662712855,0.36771048157194225,0.13521099825786967,0.1061488727597039,2020-05-01,Pelican Waters Caloundra Queensland AUSTRALIA,Pelican Waters,Queensland,AUSTRALIA,-26.799,153.13299999999998
4431,2020-05-01|Pennington Bay Kangaroo Island South Australia AUSTRALIA,0.2459560907227015,-0.29523096342163074,0.0029281501293555497,-0.006010283510099688,0.21144016959491443,0.04470694531832618,0.06375160983231302,2020-05-01,Pennington Bay Kangaroo Island South Australia AUSTRALIA,Pennington Bay,South Australia,AUSTRALIA,-35.8479736,137.75086090000002
4432,2020-05-01|Peregian Queensland AUSTRALIA,0.6319573628988553,-0.4181336187880709,0.028809033046212174,-0.030699451706183732,0.3644873584868084,0.13285103449669117,0.10521843726928724,2020-05-01,Peregian Queensland AUSTRALIA,Peregian,Queensland,AUSTRALIA,-26.480556,153.09555600000002
4433,2020-05-01|Perth Western Australia AUSTRALIA,0.19801012747799626,-0.2433043626791251,0.012264058687823272,0.04465277252861381,0.15780579460571176,0.024902668811140085,0.04376745261663326,2020-05-01,Perth Western Australia AUSTRALIA,Perth,Western Australia,AUSTRALIA,-31.950526899999996,115.8604572
4434,2020-05-01|Perth? Margaret River District Western Australia AUSTRALIA,0.20946757544572062,-0.2957683024051779,0.006796632135036342,0.061367497895668005,0.1863237941095339,0.03471655625137198,0.05167692257699382,2020-05-01,Perth? Margaret River District Western Australia AUSTRALIA,Perth? (Margaret River District),Western Australia,AUSTRALIA,-33.9610465,115.0767388
4435,2020-05-01|Petersons Beach Sarina Queensland AUSTRALIA,1.69375253399664,-1.5219721568674347,0.1231731870190566,0.14026071836650372,1.0752832994716985,1.1562341741227427,0.2873815500244955,2020-05-01,Petersons Beach Sarina Queensland AUSTRALIA,Peterson's Beach,Queensland,AUSTRALIA,-21.4137717,149.2243901
4436,2020-05-01|Petrie Bight Brisbane River Queensland AUSTRALIA,0.855772629971798,-0.560170524485027,0.12458520420299585,0.20952259271797197,0.5279546433180727,0.2787361054011134,0.15918431438290573,2020-05-01,Petrie Bight Brisbane River Queensland AUSTRALIA,Petrie Bight,Queensland,AUSTRALIA,-27.466237800000002,153.0336145
4437,2020-05-01|Phillip Island Victoria AUSTRALIA,0.7573339657461867,-0.7681236716056921,0.16001154539562748,0.26930740717640606,0.4731191535129118,0.22384173342077418,0.13121964364576325,2020-05-01,Phillip Island Victoria AUSTRALIA,Phillip Island,Victoria,AUSTRALIA,-38.4898703,145.20382780000003
4438,2020-05-01|Pialba Beach near Maryborough Queensland AUSTRALIA,0.9754585824504688,-0.6922574795986626,0.16488512758546803,0.32331298592327784,0.6204384853427164,0.38494391409436407,0.18706924194347352,2020-05-01,Pialba Beach near Maryborough Queensland AUSTRALIA,Pialba Beach near Maryborough,Queensland,AUSTRALIA,-25.2782552,152.8379759
4439,2020-05-01|Pialba Hervey Bay Queensland AUSTRALIA,0.9754585824504688,-0.6922574795986626,0.16488512758546803,0.32331298592327784,0.6204384853427164,0.38494391409436407,0.18706924194347352,2020-05-01,Pialba Hervey Bay Queensland AUSTRALIA,Pialba,Queensland,AUSTRALIA,-25.281299800000003,152.8294091
4440,2020-05-01|Piccaninny Point 10 miles from Bicheno Tasmania AUSTRALIA,0.4350403700352036,-0.46754788036635475,0.05133034265720729,0.05532797427676853,0.29887520124986594,0.08932638592214788,0.09011426378979678,2020-05-01,Piccaninny Point 10 miles from Bicheno Tasmania AUSTRALIA,Piccaninny Point,Tasmania,AUSTRALIA,-41.8522419,148.25966830000002
4441,2020-05-01|Pimpana River Queensland AUSTRALIA,0.6315175615786297,-0.4255701853003979,0.03690507458788649,-0.014863454949341784,0.3607141359710431,0.1301146878893362,0.10412920175169252,2020-05-01,Pimpana River Queensland AUSTRALIA,Pimpana River,Queensland,AUSTRALIA,-27.8203377,153.38490019999998
4442,2020-05-01|Pincushion north of Maroochydore Beach Queensland AUSTRALIA,0.6321201961574953,-0.4182951768246699,0.02891185689783521,-0.03072194384427111,0.3645958934553871,0.132930165524532,0.10524976861594994,2020-05-01,Pincushion north of Maroochydore Beach Queensland AUSTRALIA,Pincushion,Queensland,AUSTRALIA,-26.6476538,153.1031686
4443,2020-05-01|Pioneer River near Mackay Queensland AUSTRALIA,1.6080277620793635,-1.3541110632331987,0.11412847128835765,-0.018148318006483213,0.9870873394288779,0.9743414156607809,0.273768770436319,2020-05-01,Pioneer River near Mackay Queensland AUSTRALIA,Pioneer River near Mackay,Queensland,AUSTRALIA,-21.1455879,148.9558418
4444,2020-05-01|Point Casuarina Bunbury Western Australia AUSTRALIA,0.225871917223424,-0.25317469521369707,0.022092581317369908,0.07651634412725003,0.1699933379709464,0.028897734954504404,0.04714766896473283,2020-05-01,Point Casuarina Bunbury Western Australia AUSTRALIA,Point Casuarina,Western Australia,AUSTRALIA,-33.3153009,115.63711090000001
4445,2020-05-01|Point Cook Port Phillip Bay Victoria AUSTRALIA,0.5090785140866434,-0.5585283415778335,0.06249214769640022,0.0373506166150182,0.34255158914339284,0.11734159122466382,0.09500671685755205,2020-05-01,Point Cook Port Phillip Bay Victoria AUSTRALIA,Point Cook,Victoria,AUSTRALIA,-37.9178086,144.7477259
4446,2020-05-01|Point Henry Victoria AUSTRALIA,0.5129870851107602,-0.5610040992253041,0.034428992426307876,0.01716650660466386,0.3566302064059095,0.12718510412112158,0.10295027283480182,2020-05-01,Point Henry Victoria AUSTRALIA,Point Henry,Victoria,AUSTRALIA,-38.1468463,144.4301958
4447,2020-05-01|Point Lonsdale Victoria AUSTRALIA,0.9425807387780007,-1.0838755649372704,0.149859263925156,0.2898319098354171,0.6285437885044232,0.3950672940674931,0.16798539351203234,2020-05-01,Point Lonsdale Victoria AUSTRALIA,Point Lonsdale,Victoria,AUSTRALIA,-38.283333,144.6
4448,2020-05-01|Point Lookout Stradbroke Island Queensland AUSTRALIA,0.6267789744224945,-0.41212427800917845,0.03332942829879479,-0.021205648887169217,0.3568546935667814,0.12734527232064144,0.10301507669618133,2020-05-01,Point Lookout Stradbroke Island Queensland AUSTRALIA,Point Lookout,Queensland,AUSTRALIA,-27.434650800000004,153.5304523
4449,2020-05-01|Point Lowly north of Whyalla South Australia AUSTRALIA,0.6204285350965383,-0.5262951322492126,-0.05726062660843214,-0.1862899765361654,0.382094782951129,0.14599642315847036,0.09865644873616401,2020-05-01,Point Lowly north of Whyalla South Australia AUSTRALIA,Point Lowly,South Australia,AUSTRALIA,-32.999444,137.785278
4450,2020-05-01|Point Plomer New South Wales AUSTRALIA,0.5976473581482489,-0.4420599717141945,0.04825378835463714,0.007684272124170178,0.3484175525935887,0.12139479095530613,0.10057948389014952,2020-05-01,Point Plomer New South Wales AUSTRALIA,Point Plomer,New South Wales,AUSTRALIA,-31.315232,152.97704109999998
4451,2020-05-01|Point Sinclair Cactus Beach near Penong South Australia AUSTRALIA,0.2356007726972694,-0.3174340041585095,0.038670192883092265,0.13842008998418495,0.2088434678735317,0.043615594073442863,0.057922756304902685,2020-05-01,Point Sinclair Cactus Beach near Penong South Australia AUSTRALIA,Point Sinclair,South Australia,AUSTRALIA,-32.0102589,132.98821940000002
4452,2020-05-01|Point Sinclair Penong South Australia AUSTRALIA,0.23490061817617464,-0.3175144981817796,0.024271186575711062,0.10276530251061691,0.21244538183678624,0.04513304026377791,0.06132769919578069,2020-05-01,Point Sinclair Penong South Australia AUSTRALIA,(Point Sinclair) Penong,South Australia,AUSTRALIA,-32.106519899999995,132.97958
4453,2020-05-01|Point Vernon Hervey Bay Queensland AUSTRALIA,0.9754585824504688,-0.6922574795986626,0.16488512758546803,0.32331298592327784,0.6204384853427164,0.38494391409436407,0.18706924194347352,2020-05-01,Point Vernon Hervey Bay Queensland AUSTRALIA,Point Vernon,Queensland,AUSTRALIA,-25.257124100000002,152.8176466
4454,2020-05-01|Porpoise Pool Tweed Heads New South Wales AUSTRALIA,0.6233062562572119,-0.4249303492999959,0.04163843258713296,-0.00659236705305828,0.3570348424369541,0.12747387871398064,0.10306708119552555,2020-05-01,Porpoise Pool Tweed Heads New South Wales AUSTRALIA,Porpoise Pool,New South Wales,AUSTRALIA,-28.170037,153.543026
4455,2020-05-01|Port Augusta South Australia AUSTRALIA,0.6507651594248526,-0.5811924525354846,-0.01158370156046112,-0.14728336338590586,0.4169712210967122,0.17386499922288326,0.10766150634368914,2020-05-01,Port Augusta South Australia AUSTRALIA,Port Augusta,South Australia,AUSTRALIA,-32.495233899999995,137.78943940000002
4456,2020-05-01|Port Campbell Victoria AUSTRALIA,0.2804721913900959,-0.40193527736395196,0.030077052661083757,0.10567024032871246,0.22585910757846184,0.051012336476139196,0.0680990832111158,2020-05-01,Port Campbell Victoria AUSTRALIA,Port Campbell,Victoria,AUSTRALIA,-38.6191008,142.9961352
4457,2020-05-01|Port Douglas Queensland AUSTRALIA,0.8004983725063268,-0.4664152417812201,0.1531213409786353,0.07109081768339327,0.426451217739576,0.18186064111156724,0.1285798800574842,2020-05-01,Port Douglas Queensland AUSTRALIA,Port Douglas,Queensland,AUSTRALIA,-16.483611,145.465278
4458,2020-05-01|Port Germein South Australia AUSTRALIA,0.6185864173124193,-0.533548263903289,-0.06264576064701963,-0.19043485021865764,0.38113623646908235,0.14526483074981628,0.09840895309872852,2020-05-01,Port Germein South Australia AUSTRALIA,Port Germein,South Australia,AUSTRALIA,-33.0219965,138.0016436
4459,2020-05-01|Port Hedland Western Australia AUSTRALIA,1.18216630041074,-1.3946954337456672,0.05407902766552664,0.13950658741804964,0.8559283728230639,0.7326133794035379,0.24708523822821715,2020-05-01,Port Hedland Western Australia AUSTRALIA,Port Hedland,Western Australia,AUSTRALIA,-20.3839142,118.64837959999998
4460,2020-05-01|Port Hughes South Australia AUSTRALIA,0.39732382720451415,-0.3870332905999803,0.039458458034956574,0.0642692821548729,0.30406368874924006,0.09245472681579474,0.08433209390708522,2020-05-01,Port Hughes South Australia AUSTRALIA,Port Hughes,South Australia,AUSTRALIA,-34.076111,137.546111
4461,2020-05-01|Port Jackson New South Wales AUSTRALIA,0.5595239818466818,-0.4614598276597755,0.0735379505728795,0.03307240629749196,0.33778851103564933,0.11410107818768098,0.10184706814527937,2020-05-01,Port Jackson New South Wales AUSTRALIA,Port Jackson,New South Wales,AUSTRALIA,-33.8462182,151.2488616
4462,2020-05-01|Port Jervis New South Wales AUSTRALIA,0.5484889945656053,-0.46820464672560697,0.06941381434861572,0.029471885529392346,0.33576260853568196,0.1127365292906856,0.10123623555853076,2020-05-01,Port Jervis New South Wales AUSTRALIA,Port Jervis,New South Wales,AUSTRALIA,-35.0480805,150.7446771
4463,2020-05-01|Port Kennedy Beach Western Australia AUSTRALIA,0.20005388032228644,-0.2129310302949558,0.02085645320151564,0.05090366264491837,0.14095705810670478,0.01986889223009695,0.04250015211747851,2020-05-01,Port Kennedy Beach Western Australia AUSTRALIA,Port Kennedy Beach,Western Australia,AUSTRALIA,-32.3522464,115.7422946
4464,2020-05-01|Port MacDonnel Victoria AUSTRALIA,0.2309007953977111,-0.299051263784055,0.015742699372155892,0.05900506309696074,0.20002996347982585,0.04001198628974046,0.06667665449327528,2020-05-01,Port MacDonnel Victoria AUSTRALIA,Port MacDonnel,Victoria,AUSTRALIA,-38.05249570000001,140.70019240000002
4465,2020-05-01|Port Melbourne Victoria AUSTRALIA,0.5120750659166152,-0.5629638720377284,0.06160206595136198,0.03587333732476318,0.3449692097281895,0.11900375566049158,0.09567724416394448,2020-05-01,Port Melbourne Victoria AUSTRALIA,Port Melbourne,Victoria,AUSTRALIA,-37.83322329999999,144.9124697
4466,2020-05-01|Port Newby South Australia AUSTRALIA,0.6507651594248526,-0.5811924525354846,-0.01158370156046112,-0.14728336338590586,0.4169712210967122,0.17386499922288326,0.10766150634368914,2020-05-01,Port Newby South Australia AUSTRALIA,Port Newby,South Australia,AUSTRALIA,-30.0002315,136.20915469999997
4467,2020-05-01|Port Phillip Bay Port Melbourne Victoria AUSTRALIA,0.9425781297642323,-1.0838691820183288,0.14986421357877527,0.28984219004988,0.6285416164488856,0.39506456360817804,0.1679848130057719,2020-05-01,Port Phillip Bay Port Melbourne Victoria AUSTRALIA,Port Phillip Bay,Victoria,AUSTRALIA,-38.3,144.6333333
4468,2020-05-01|Port Phillip Bay South Australia AUSTRALIA,0.5029950769258256,-0.564318859999505,0.058440010686757735,0.053876125037923384,0.336285561245405,0.11308797870213703,0.09326883340526873,2020-05-01,Port Phillip Bay South Australia AUSTRALIA,Port Phillip Bay,South Australia,AUSTRALIA,-38.173206,144.8731219
4469,2020-05-01|Port Phillip Bay Victoria AUSTRALIA,0.5029950769258256,-0.564318859999505,0.058440010686757735,0.053876125037923384,0.336285561245405,0.11308797870213703,0.09326883340526873,2020-05-01,Port Phillip Bay Victoria AUSTRALIA,Port Phillip Bay,Victoria,AUSTRALIA,-38.173206,144.8731219
4470,2020-05-01|Port Phillip South Australia AUSTRALIA,0.5120749707455647,-0.562966391217682,0.061601136862380716,0.03588840168495467,0.3449693831123715,0.11900387528493017,0.09567729225206437,2020-05-01,Port Phillip South Australia AUSTRALIA,Port Phillip,South Australia,AUSTRALIA,-37.84649829999999,144.9666905
4471,2020-05-01|Port Phillip Victoria AUSTRALIA,0.5120749707455647,-0.562966391217682,0.061601136862380716,0.03588840168495467,0.3449693831123715,0.11900387528493017,0.09567729225206437,2020-05-01,Port Phillip Victoria AUSTRALIA,Port Phillip,Victoria,AUSTRALIA,-37.84649829999999,144.9666905
4472,2020-05-01|Port Pirie Spencer Gulf 230 km north of Adelaide South Australia AUSTRALIA,0.6147585137502467,-0.5269380506577035,-0.06282622506686995,-0.19285199895991653,0.37913530842356047,0.1437435820934283,0.09789231569891081,2020-05-01,Port Pirie Spencer Gulf 230 km north of Adelaide South Australia AUSTRALIA,Port Pirie,South Australia,AUSTRALIA,-33.1708294,138.00885669999997
4473,2020-05-01|Port River Adelaide South Australia AUSTRALIA,0.5229545704594644,-0.408316276660921,-0.0017532147344140124,-0.09123963852273413,0.31126129287577314,0.09688359244269784,0.09384881092998744,2020-05-01,Port River Adelaide South Australia AUSTRALIA,Port River,South Australia,AUSTRALIA,-34.7617799,138.51011
4474,2020-05-01|Port Wakefield South Australia AUSTRALIA,0.5627245009379737,-0.4723575181059315,0.03607385430528531,-0.059260510565086494,0.3630040396468383,0.13177193279992336,0.10479024000351185,2020-05-01,Port Wakefield South Australia AUSTRALIA,Port Wakefield,South Australia,AUSTRALIA,-34.183333000000005,138.15
4475,2020-05-01|Portarlington Victoria AUSTRALIA,0.5108051719618897,-0.5601660592554791,0.0381498284983507,0.03113165286665342,0.35073812881489536,0.12301723500457414,0.10124937654317274,2020-05-01,Portarlington Victoria AUSTRALIA,Portarlington,Victoria,AUSTRALIA,-38.116667,144.65
4476,2020-05-01|Portland Victoria AUSTRALIA,0.23027024409770494,-0.3164429409377528,0.01442576176895259,0.06441550640471283,0.20734365656082965,0.042991391916015274,0.06911455218694322,2020-05-01,Portland Victoria AUSTRALIA,Portland,Victoria,AUSTRALIA,-38.360895,141.6041155
4477,2020-05-01|Portsea Beach near Melbourne Victoria AUSTRALIA,0.8138299316725086,-0.7382327309060548,0.17642080510585553,0.2509744631528408,0.46882613527568145,0.21979794511753156,0.13002897461646817,2020-05-01,Portsea Beach near Melbourne Victoria AUSTRALIA,Portsea Beach,Victoria,AUSTRALIA,-38.3339592,144.7019091
4478,2020-05-01|Portsea Beach near entrance to Port Phillip Bay Victoria AUSTRALIA,0.8138313643382551,-0.7382380434796171,0.17641727847297423,0.2509719657368199,0.46882797336085646,0.21979966860564795,0.1300294844095718,2020-05-01,Portsea Beach near entrance to Port Phillip Bay Victoria AUSTRALIA,Portsea Beach,Victoria,AUSTRALIA,-38.3339592,144.7019091
4479,2020-05-01|Princess Royal Harbor near King George’s Sound Western Australia AUSTRALIA,0.19727272233075827,-0.2745491568551204,0.048968055019505664,0.12451334452396833,0.16305545130737367,0.026587080201051307,0.04210073649478617,2020-05-01,Princess Royal Harbor near King George’s Sound Western Australia AUSTRALIA,Princess Royal Harbor,Western Australia,AUSTRALIA,-35.0458333,117.9733333
4480,2020-05-01|Pyramids Beach Mandurah Western Australia AUSTRALIA,0.20156506188376477,-0.21232475035322254,0.02428239169405017,0.05676266583158863,0.1406920457880046,0.01979425174801398,0.04242024789693755,2020-05-01,Pyramids Beach Mandurah Western Australia AUSTRALIA,Pyramids Beach,Western Australia,AUSTRALIA,-32.603604100000005,115.6304031
4481,2020-05-01|Pyramids Beach Port Bouvard Western Australia AUSTRALIA,0.20157055154056788,-0.2123330693313344,0.024281161177386826,0.05676152539388055,0.14069699703204136,0.019795644973834257,0.04242174075318441,2020-05-01,Pyramids Beach Port Bouvard Western Australia AUSTRALIA,Pyramids Beach,Western Australia,AUSTRALIA,-32.603604100000005,115.6304031
4482,2020-05-01|Pyramids Beach Western Australia AUSTRALIA,0.20157055154056788,-0.2123330693313344,0.024281161177386826,0.05676152539388055,0.14069699703204136,0.019795644973834257,0.04242174075318441,2020-05-01,Pyramids Beach Western Australia AUSTRALIA,Pyramids Beach,Western Australia,AUSTRALIA,-32.603604100000005,115.6304031
4483,2020-05-01|Queenscliff New South Wales AUSTRALIA,0.5610462323269237,-0.4616459814196701,0.0738880618358812,0.03269193848585978,0.3383509453704037,0.11448136223304592,0.10201664847778787,2020-05-01,Queenscliff New South Wales AUSTRALIA,Queenscliff,New South Wales,AUSTRALIA,-33.7825,151.284722
4484,2020-05-01|Queenscliff Sydney New South Wales AUSTRALIA,0.5610633764554364,-0.4616415430604566,0.07389711631217448,0.03270053251420363,0.33835514305072134,0.1144842028288741,0.10201791412602454,2020-05-01,Queenscliff Sydney New South Wales AUSTRALIA,Queenscliff,New South Wales,AUSTRALIA,-33.7825,151.284722
4485,2020-05-01|Queenscliff Victoria AUSTRALIA,0.9425807387780007,-1.0838755649372704,0.149859263925156,0.2898319098354171,0.6285437885044232,0.3950672940674931,0.16798539351203234,2020-05-01,Queenscliff Victoria AUSTRALIA,Queenscliff,Victoria,AUSTRALIA,-38.2677746,144.6286897
4486,2020-05-01|Quinn’s Rocks south of Yanchep Western Australia AUSTRALIA,0.19747206336584788,-0.24195491786932125,0.01290631385490687,0.0451364423477032,0.15694989557638298,0.024633269721437524,0.04353006893687443,2020-05-01,Quinn’s Rocks south of Yanchep Western Australia AUSTRALIA,Quinn’s Rocks,Western Australia,AUSTRALIA,-31.660517499999997,115.6959328
4487,2020-05-01|Ralph Bay Tasmania AUSTRALIA,0.3956904673644616,-0.485726168126869,0.023202644983064236,0.07199073335900322,0.2690583572620516,0.07239239961255377,0.07767045749648199,2020-05-01,Ralph Bay Tasmania AUSTRALIA,Ralph Bay,Tasmania,AUSTRALIA,-42.97,147.43
4488,2020-05-01|Red Bluff near Quobba Station Western Australia AUSTRALIA,0.34942637125403336,-0.3740391613052029,-0.004110794564249616,-0.013482931129306918,0.2138373884535769,0.045726428700645944,0.05715044600541248,2020-05-01,Red Bluff near Quobba Station Western Australia AUSTRALIA,Red Bluff near Quobba Station,Western Australia,AUSTRALIA,-24.05,113.4
4489,2020-05-01|Red Bluffs Western Australia AUSTRALIA,2.819626352480489,-2.260020210164153,0.5797997595245759,1.1705620132109433,1.9436627509688955,3.7778248895039748,0.6478875836562985,2020-05-01,Red Bluffs Western Australia AUSTRALIA,Red Bluffs,Western Australia,AUSTRALIA,-18.8,126.46666670000002
4490,2020-05-01|Redgate Beach Western Australia AUSTRALIA,0.2101816518503259,-0.3002276632302792,0.0052465185936603825,0.06090620955042916,0.18856458054570474,0.03555660103637757,0.05229840491491523,2020-05-01,Redgate Beach Western Australia AUSTRALIA,Redgate Beach,Western Australia,AUSTRALIA,-34.039174700000004,114.99853700000001
4491,2020-05-01|Redhead Beach New South Wales AUSTRALIA,0.5736274760296227,-0.45879848202812595,0.047807722074468824,0.01143117104334488,0.341391164780649,0.11654792739028826,0.0985511404425338,2020-05-01,Redhead Beach New South Wales AUSTRALIA,Redhead Beach,New South Wales,AUSTRALIA,-33.0204805,151.70915119999998
4492,2020-05-01|Redhead Beach Newcastle New South Wales AUSTRALIA,0.5736111430306001,-0.45880352419232673,0.047799296410879454,0.011419693155253232,0.34138670879971056,0.11654488494509838,0.09854985411163664,2020-05-01,Redhead Beach Newcastle New South Wales AUSTRALIA,Redhead Beach,New South Wales,AUSTRALIA,-33.0204805,151.70915119999998
4493,2020-05-01|Rib Reef off Townsville Queensland AUSTRALIA,0.8892252725235283,-0.514653872596716,0.1950082210224013,0.1048510780165953,0.4666071377956372,0.21772222104183675,0.1406873455063444,2020-05-01,Rib Reef off Townsville Queensland AUSTRALIA,Rib Reef off Townsville,Queensland,AUSTRALIA,-18.481090899999998,146.8713315
4494,2020-05-01|Riecks Point Campbell’s Beach New South Wales AUSTRALIA,0.6035683941485993,-0.43845489739199367,0.045955439386082646,0.0024498186074143613,0.3516165254033195,0.12363418093670321,0.1015029477965637,2020-05-01,Riecks Point Campbell’s Beach New South Wales AUSTRALIA,Riecks Point,New South Wales,AUSTRALIA,-30.2379185,153.15217619999999
4495,2020-05-01|Roe Reef off Rottnest Island Western Australia AUSTRALIA,0.19561897813274445,-0.24007196995743993,0.013344145888191387,0.0462456468602152,0.1561452125387102,0.02438132739875898,0.043306890017426325,2020-05-01,Roe Reef off Rottnest Island Western Australia AUSTRALIA,Roe Reef off Rottnest Island,Western Australia,AUSTRALIA,-31.9791667,115.53333329999998
4496,2020-05-01|Rosebud Victoria AUSTRALIA,0.5054480477191274,-0.5735243003097794,0.05031888131050709,0.04907269438175982,0.3367237391319766,0.11338287649501944,0.09339036208510015,2020-05-01,Rosebud Victoria AUSTRALIA,Rosebud,Victoria,AUSTRALIA,-38.356,144.918
4497,2020-05-01|Ross Creek Queensland AUSTRALIA,0.6346558257840624,-0.4208110723206645,0.026816983793973532,-0.03379754904162105,0.36626243900357863,0.13414817422485018,0.1057308588763825,2020-05-01,Ross Creek Queensland AUSTRALIA,Ross Creek,Queensland,AUSTRALIA,-26.0970062,152.7500251
4498,2020-05-01|Ross River Townsville Queensland AUSTRALIA,0.9659994647128783,-0.5657493427215229,0.20807731785490755,0.12559174778125276,0.500217603442593,0.2502176507938513,0.15082128219544277,2020-05-01,Ross River Townsville Queensland AUSTRALIA,Ross River,Queensland,AUSTRALIA,-19.4006854,146.7329811
4499,2020-05-01|Rothesay Bay Queensland AUSTRALIA,0.6315175615786297,-0.4255701853003979,0.03690507458788649,-0.014863454949341784,0.3607141359710431,0.1301146878893362,0.10412920175169252,2020-05-01,Rothesay Bay Queensland AUSTRALIA,Rothesay Bay,Queensland,AUSTRALIA,-27.6733333,153.37444440000002
4500,2020-05-01|Rottnest Island Western Australia AUSTRALIA,0.1955757166841152,-0.23933248009490515,0.013749959527360725,0.046655408582107934,0.15604470734765866,0.024349950691216437,0.04327901489282736,2020-05-01,Rottnest Island Western Australia AUSTRALIA,Rottnest Island,Western Australia,AUSTRALIA,-32.0063677,115.5073002
4501,2020-05-01|Rubbish Dump Creek Mackay Queensland AUSTRALIA,1.647284289135782,-1.441932099388067,0.09834509095957736,-0.09011977173480519,1.0454610642597046,1.092988836883034,0.2899587287453475,2020-05-01,Rubbish Dump Creek Mackay Queensland AUSTRALIA,Rubbish Dump Creek,Queensland,AUSTRALIA,-21.1424956,149.1821469
4502,2020-05-01|Rudder Reef Queensland AUSTRALIA,0.7798967706829776,-0.4525865490801417,0.15277355016769548,0.08526131418307649,0.41547180788616667,0.1726168231481998,0.1252694634299124,2020-05-01,Rudder Reef Queensland AUSTRALIA,Rudder Reef,Queensland,AUSTRALIA,-16.1906218,145.6990989
4503,2020-05-01|Russel Island Frankland Group Queensland AUSTRALIA,0.813105547507986,-0.461612930621538,0.16841755780758108,0.09349749402151286,0.4315299078718793,0.18621806138791264,0.13011116274796877,2020-05-01,Russel Island Frankland Group Queensland AUSTRALIA,Russel Island,Queensland,AUSTRALIA,-17.2291545,146.09400219999998
4504,2020-05-01|Ryde Sydney Estuary New South Wales AUSTRALIA,0.5610470894160124,-0.461646868824497,0.0738876119981834,0.032690220064257314,0.3383514901326466,0.11448173087498245,0.10201681272978419,2020-05-01,Ryde Sydney Estuary New South Wales AUSTRALIA,Ryde,New South Wales,AUSTRALIA,-33.815746600000004,151.1030164
4505,2020-05-01|Safety Cove Tasmania AUSTRALIA,0.3827338429695653,-0.4587102152792816,0.015832886592212082,0.059421061686686094,0.2552529695801615,0.06515407847949085,0.07368518534927881,2020-05-01,Safety Cove Tasmania AUSTRALIA,Safety Cove,Tasmania,AUSTRALIA,-43.1625907,147.8547571
4506,2020-05-01|Sailor Bay Middle Harbour Sydney New South Wales AUSTRALIA,0.5610470894160124,-0.461646868824497,0.0738876119981834,0.032690220064257314,0.3383514901326466,0.11448173087498245,0.10201681272978419,2020-05-01,Sailor Bay Middle Harbour Sydney New South Wales AUSTRALIA,Sailor Bay,New South Wales,AUSTRALIA,-33.8035561,151.2270015
4507,2020-05-01|Saltwater Beach New South Wales AUSTRALIA,0.5925227147919274,-0.45391156363929613,0.04841948317663041,0.009483271120514166,0.34804693292386063,0.12113666751770634,0.10047249520710728,2020-05-01,Saltwater Beach New South Wales AUSTRALIA,Saltwater Beach,New South Wales,AUSTRALIA,-32.010831800000005,152.5628989
4508,2020-05-01|Sams Creek area Westerm Australia AUSTRALIA,1.0023430130107331,-1.1895726174280181,0.04615966812010719,0.1250318870305632,0.7170330666019394,0.5141364186005813,0.20698961701024632,2020-05-01,Sams Creek area Westerm Australia AUSTRALIA,Sam's Creek area,Western Australia,AUSTRALIA,-20.6223242,117.1836798
4509,2020-05-01|Samurai Beach New South Wales AUSTRALIA,0.5748607387098522,-0.4570707874622761,0.04710937983296831,0.009882484300898896,0.3415836661423413,0.11667940097524249,0.09860671079903001,2020-05-01,Samurai Beach New South Wales AUSTRALIA,Samurai Beach,New South Wales,AUSTRALIA,-32.7673021,152.1244595
4510,2020-05-01|Sandbar Beach New South Wales AUSTRALIA,0.5846133756084134,-0.4565974338915711,0.04822493367580127,0.010671697073754002,0.34519310075099086,0.11915827680608372,0.09964866482049309,2020-05-01,Sandbar Beach New South Wales AUSTRALIA,Sandbar Beach,New South Wales,AUSTRALIA,-32.387195,152.5226878
4511,2020-05-01|Sandgate Jetty Brisbane Queensland AUSTRALIA,0.7919743568850435,-0.49419690447064,0.1398332506594388,0.1964743092003484,0.48275748002855584,0.2330547845235215,0.14555685690838274,2020-05-01,Sandgate Jetty Brisbane Queensland AUSTRALIA,Sandgate Jetty,Queensland,AUSTRALIA,-27.322671000000003,153.0844173
4512,2020-05-01|Sandon New South Wales AUSTRALIA,0.6097060171755045,-0.437965341076967,0.04677670925631758,0.0031762525693898817,0.35410047522135984,0.12538714655199287,0.10222000234461326,2020-05-01,Sandon New South Wales AUSTRALIA,Sandon,New South Wales,AUSTRALIA,-29.689362699999997,153.3130678
4513,2020-05-01|Sandringham Victoria AUSTRALIA,0.5149766398058025,-0.5689112895351486,0.060430654127911494,0.03788196669668227,0.34682172399707634,0.12028530823630419,0.09619103917817526,2020-05-01,Sandringham Victoria AUSTRALIA,Sandringham,Victoria,AUSTRALIA,-37.9525,145.012311
4514,2020-05-01|Scarborough Beach Perth Western Australia AUSTRALIA,0.1977714717225249,-0.2427993568158452,0.012448454193110995,0.044768250926526434,0.1574954388374368,0.024804813254596794,0.043681375413852384,2020-05-01,Scarborough Beach Perth Western Australia AUSTRALIA,Scarborough Beach,Western Australia,AUSTRALIA,-31.893518100000005,115.7548947
4515,2020-05-01|Scarborough Western Australia AUSTRALIA,0.1977714717225249,-0.2427993568158452,0.012448454193110995,0.044768250926526434,0.1574954388374368,0.024804813254596794,0.043681375413852384,2020-05-01,Scarborough Western Australia AUSTRALIA,Scarborough,Western Australia,AUSTRALIA,-31.8980316,115.7715973
4516,2020-05-01|Schnapper Rock Kirton Point South Australia AUSTRALIA,0.3279029355349008,-0.26302508315043155,0.07322828156326738,0.09186680873734672,0.21982892774939994,0.0483247574754509,0.07772126275628415,2020-05-01,Schnapper Rock Kirton Point South Australia AUSTRALIA,Schnapper Rock,South Australia,AUSTRALIA,-34.7207199,135.87936000000002
4517,2020-05-01|Scotts Head New South Wales AUSTRALIA,0.599788760020475,-0.437070573825404,0.047929997534118834,0.006237093616569234,0.3490693495695967,0.12184941080894127,0.10076764146992712,2020-05-01,Scotts Head New South Wales AUSTRALIA,Scotts Head,New South Wales,AUSTRALIA,-30.7492859,152.9941554
4518,2020-05-01|Scotts Point Beach Queensland AUSTRALIA,0.791994697450991,-0.49419719431197534,0.13983870458639933,0.19648067194529975,0.4827618044490036,0.23305895983485794,0.14555816077020645,2020-05-01,Scotts Point Beach Queensland AUSTRALIA,Scotts Point Beach,Queensland,AUSTRALIA,-27.2521951,153.10984
4519,2020-05-01|Scott’s Point Redcliffe Peninsula Queensland AUSTRALIA,0.7919743568850435,-0.49419690447064,0.1398332506594388,0.1964743092003484,0.48275748002855584,0.2330547845235215,0.14555685690838274,2020-05-01,Scott’s Point Redcliffe Peninsula Queensland AUSTRALIA,Scott’s Point,Queensland,AUSTRALIA,-27.2521951,153.10984
4520,2020-05-01|SeaWorld Theme Park Queensland AUSTRALIA,0.6282676846850158,-0.4255337306488269,0.03904989994662414,-0.011251009010421077,0.35938695058023507,0.12915898024736033,0.10374607633036873,2020-05-01,SeaWorld Theme Park Queensland AUSTRALIA,SeaWorld Theme Park,Queensland,AUSTRALIA,-27.9572417,153.42551609999998
4521,2020-05-01|Seaforth River near MacKay Queensland AUSTRALIA,1.647290705097378,-1.4419347617543485,0.09834126723120534,-0.09012342838024605,1.0454625809859572,1.0929920082418194,0.2899591494095225,2020-05-01,Seaforth River near MacKay Queensland AUSTRALIA,Seaforth River,Queensland,AUSTRALIA,-21.1389425,149.182769
4522,2020-05-01|Seaholme Victoria AUSTRALIA,0.5090785140866434,-0.5585283415778335,0.06249214769640022,0.0373506166150182,0.34255158914339284,0.11734159122466382,0.09500671685755205,2020-05-01,Seaholme Victoria AUSTRALIA,Seaholme,Victoria,AUSTRALIA,-37.868,144.841
4523,2020-05-01|Seal Rocks New South Wales AUSTRALIA,0.5819438696795739,-0.45669075803825115,0.0481319076519247,0.010930400204278216,0.3441080791242237,0.11841037011856298,0.09933544605634781,2020-05-01,Seal Rocks New South Wales AUSTRALIA,Seal Rocks,New South Wales,AUSTRALIA,-32.4353409,152.525707
4524,2020-05-01|Seal Rocks Phillip Island Victoria AUSTRALIA,0.9914124991205232,-0.9578530479688335,0.21980180941650318,0.36231849231176383,0.6060406851264659,0.36728531202855624,0.1680854434800615,2020-05-01,Seal Rocks Phillip Island Victoria AUSTRALIA,Seal Rocks,Victoria,AUSTRALIA,-38.5258967,145.09982109999999
4525,2020-05-01|Seal Rocks north of Newcastle New South Wales AUSTRALIA,0.5819269196493816,-0.4566956489806116,0.048123389081395934,0.010919084859167948,0.34410347069301866,0.11840719854298115,0.09933411571684941,2020-05-01,Seal Rocks north of Newcastle New South Wales AUSTRALIA,Seal Rocks,New South Wales,AUSTRALIA,-32.4353409,152.525707
4526,2020-05-01|Seaspray near Sale New South Wales AUSTRALIA,0.37640190168418136,-0.6134770889007979,0.04561546616545966,0.1501073967157071,0.33714661663057116,0.11366784110544131,0.09732584493401591,2020-05-01,Seaspray near Sale New South Wales AUSTRALIA,Seaspray,New South Wales,AUSTRALIA,-38.293634499999996,147.14676930000002
4527,2020-05-01|Second Valley South Australia AUSTRALIA,0.4558637599757451,-0.2737957409419382,0.017081148060393632,-0.12017203702822693,0.2745078818388974,0.07535457719167807,0.0761347879607042,2020-05-01,Second Valley South Australia AUSTRALIA,Second Valley,South Australia,AUSTRALIA,-35.5367772,138.2322002
4528,2020-05-01|Semaphore South Australia AUSTRALIA,0.520202851039809,-0.4024110938258714,-0.029777501821199693,-0.09613751180493013,0.31017582232067276,0.09620904075230556,0.08954004725647698,2020-05-01,Semaphore South Australia AUSTRALIA,Semaphore,South Australia,AUSTRALIA,-34.838889,138.48388899999998
4529,2020-05-01|Seven Mile Beach Byron Bay New South Wales AUSTRALIA,0.6191635618735881,-0.4255379617231913,0.04264930934228365,-0.005031227765213496,0.355431380833176,0.12633146648097818,0.10260420170123728,2020-05-01,Seven Mile Beach Byron Bay New South Wales AUSTRALIA,Seven Mile Beach,New South Wales,AUSTRALIA,-28.7186968,153.6118865
4530,2020-05-01|Seven Mile Beach Gerroa New South Wales AUSTRALIA,0.552128388730865,-0.4671563524469338,0.07051943795817334,0.031212276125333727,0.33678627553899765,0.11342499539142965,0.10154488277310036,2020-05-01,Seven Mile Beach Gerroa New South Wales AUSTRALIA,Seven Mile Beach,New South Wales,AUSTRALIA,-34.7699,150.813133
4531,2020-05-01|Seven Shillings Beach Middle Harbor Sydney Estuary New South Wales AUSTRALIA,0.5595231257566875,-0.4614589397277809,0.07353839837875009,0.03307411976225039,0.3377879682920006,0.11410071152283759,0.10184690450191208,2020-05-01,Seven Shillings Beach Middle Harbor Sydney Estuary New South Wales AUSTRALIA,Seven Shillings Beach,New South Wales,AUSTRALIA,-33.871820299999996,151.24781399999998
4532,2020-05-01|Shark Bay Western Australia AUSTRALIA,0.3534728306432628,-0.403856044846548,0.014804508464542405,0.03330691103717316,0.2268701793616239,0.0514700782835754,0.05502410075357642,2020-05-01,Shark Bay Western Australia AUSTRALIA,Shark Bay,Western Australia,AUSTRALIA,-25.7834193,113.2987712
4533,2020-05-01|Sharks Bay Western Australia AUSTRALIA,0.353471598886723,-0.4038841074590286,0.014802977510670298,0.033307214429072286,0.226872397124852,0.05147108457717656,0.05502463864016713,2020-05-01,Sharks Bay Western Australia AUSTRALIA,Sharks Bay,Western Australia,AUSTRALIA,-25.7834193,113.2987712
4534,2020-05-01|Sharpes Beach Ballina New South Wales AUSTRALIA,0.6195046987395435,-0.4296855204765885,0.04224727902855033,-0.005356392172436145,0.3561384541453512,0.12683459852104043,0.10280831618479787,2020-05-01,Sharpes Beach Ballina New South Wales AUSTRALIA,Sharpes Beach,New South Wales,AUSTRALIA,-28.8338657,153.60514990000001
4535,2020-05-01|Shellharbour New South Wales AUSTRALIA,0.5525830959047435,-0.46562299316941674,0.07119290332520363,0.032231685460897996,0.33650276055616773,0.11323410786192156,0.10145939978941938,2020-05-01,Shellharbour New South Wales AUSTRALIA,Shellharbour,New South Wales,AUSTRALIA,-34.583333,150.866667
4536,2020-05-01|Shelly Beach Ballina New South Wales AUSTRALIA,0.6191675647792421,-0.43045168792116784,0.0424957303626112,-0.004950433334767341,0.35612783510685,0.12682703493789174,0.10280525073242926,2020-05-01,Shelly Beach Ballina New South Wales AUSTRALIA,Shelly Beach,New South Wales,AUSTRALIA,-28.863228499999998,153.59435119999998
4537,2020-05-01|Shelly Beach Crescent Head New South Wales AUSTRALIA,0.5668647749433804,-0.46130932390437485,0.0474360318590848,0.012426772945870692,0.3389549429660601,0.11489045336112506,0.09784786378230453,2020-05-01,Shelly Beach Crescent Head New South Wales AUSTRALIA,Shelly Beach,New South Wales,AUSTRALIA,-33.3699595,151.4858695
4538,2020-05-01|Shelly Beach New South Wales AUSTRALIA,0.5668647749433804,-0.46130932390437485,0.0474360318590848,0.012426772945870692,0.3389549429660601,0.11489045336112506,0.09784786378230453,2020-05-01,Shelly Beach New South Wales AUSTRALIA,Shelly Beach,New South Wales,AUSTRALIA,-33.3699595,151.4858695
4539,2020-05-01|Shelly Beach near Port Macquarie New South Wales AUSTRALIA,0.5980317416700417,-0.44601844492369747,0.048072419668275274,0.007742420261684582,0.3490206441110231,0.12181541001567346,0.1007535814151179,2020-05-01,Shelly Beach near Port Macquarie New South Wales AUSTRALIA,Shelly Beach,New South Wales,AUSTRALIA,-31.454032399999996,152.93144080000002
4540,2020-05-01|Shelly Point Tasmania AUSTRALIA,0.4535275058356617,-0.4737711466296332,0.053073182015073474,0.038651844925340864,0.30613021190183715,0.09371570663906371,0.09230173180639861,2020-05-01,Shelly Point Tasmania AUSTRALIA,Shelly Point,Tasmania,AUSTRALIA,-41.43509279999999,148.2769946
4541,2020-05-01|Ships Graveyard off Point Lonsdale Victoria AUSTRALIA,0.9425807387780007,-1.0838755649372704,0.149859263925156,0.2898319098354171,0.6285437885044232,0.3950672940674931,0.16798539351203234,2020-05-01,Ships Graveyard off Point Lonsdale Victoria AUSTRALIA,Ship's Graveyard off Point Lonsdale,Victoria,AUSTRALIA,-38.283333,144.6
4542,2020-05-01|Shipwreck Cove Melbourne Aquarium Victoria AUSTRALIA,0.5120749235084671,-0.5629676511163363,0.06160225548801331,0.035887747549349425,0.3449705696907671,0.11900469395277243,0.0956776213496988,2020-05-01,Shipwreck Cove Melbourne Aquarium Victoria AUSTRALIA,Shipwreck Cove,Victoria,AUSTRALIA,-37.820629499999995,144.95821750000002
4543,2020-05-01|Shoalhaven New South Wales AUSTRALIA,0.5411898314685091,-0.46944392435578125,0.06713784441313811,0.029887133494411022,0.3336099588204021,0.1112956046241504,0.1005871872484718,2020-05-01,Shoalhaven New South Wales AUSTRALIA,Shoalhaven,New South Wales,AUSTRALIA,-35.081067700000006,150.48922919999998
4544,2020-05-01|Sirius Cove Sydney Harbor New South Wales AUSTRALIA,0.5610462323269237,-0.4616459814196701,0.0738880618358812,0.03269193848585978,0.3383509453704037,0.11448136223304592,0.10201664847778787,2020-05-01,Sirius Cove Sydney Harbor New South Wales AUSTRALIA,Sirius Cove,New South Wales,AUSTRALIA,-33.8375951,151.2402351
4545,2020-05-01|Smelting Works Bay near Hobart Tasmania AUSTRALIA,0.3952822421945592,-0.4852064809667395,0.023671395304642708,0.07296899923206804,0.2688723165895939,0.0722923226282548,0.07761675218032016,2020-05-01,Smelting Works Bay near Hobart Tasmania AUSTRALIA,Smelting Works Bay near Hobart,Tasmania,AUSTRALIA,-42.8821377,147.3271949
4546,2020-05-01|Smiths New South Wales AUSTRALIA,0.5631241880867909,-0.4619186506910682,0.07497203170052845,0.03366173111564605,0.3392209511722612,0.11507085371421362,0.10227896509689638,2020-05-01,Smiths New South Wales AUSTRALIA,Smiths,New South Wales,AUSTRALIA,-31.2532183,146.921099
4547,2020-05-01|Smokey Cape New South Wales AUSTRALIA,0.5986488169874143,-0.43815892149409,0.047551602607094234,0.005929757885662586,0.3486067004083737,0.12152663156961364,0.1006340861610409,2020-05-01,Smokey Cape New South Wales AUSTRALIA,Smokey Cape,New South Wales,AUSTRALIA,-30.9237156,153.0888272
4548,2020-05-01|Smoky Bay near Ceduna on the Eyre Peninsula South Australia AUSTRALIA,0.23787734421957066,-0.31805624632213503,0.029170351189380626,0.10214152354512764,0.2116783194064973,0.0448077109067591,0.06693856206011531,2020-05-01,Smoky Bay near Ceduna on the Eyre Peninsula South Australia AUSTRALIA,Smoky Bay,South Australia,AUSTRALIA,-32.37340089999999,133.93568009999998
4549,2020-05-01|Snapper Point Aldinga Beach Adelaide South Australia AUSTRALIA,0.48195141901140776,-0.278494225798765,0.04643364899660939,-0.07680363735208057,0.2932131826585457,0.08597397048475366,0.08464335496892914,2020-05-01,Snapper Point Aldinga Beach Adelaide South Australia AUSTRALIA,Snapper Point,South Australia,AUSTRALIA,-35.2711799,138.44391000000002
4550,2020-05-01|Sorrento Back Beach Victoria AUSTRALIA,0.9306307122758857,-0.835854218061947,0.23555658482962094,0.36730387290022065,0.5371168249271355,0.2884944836198071,0.14896940409147708,2020-05-01,Sorrento Back Beach Victoria AUSTRALIA,Sorrento Back Beach,Victoria,AUSTRALIA,-38.346817,144.72833219999998
4551,2020-05-01|South Broulee New South Wales AUSTRALIA,0.536238012341387,-0.4720876529694343,0.06558432616156064,0.03025570454938951,0.332701205536416,0.11069009216538453,0.10031318782392769,2020-05-01,South Broulee New South Wales AUSTRALIA,South Broulee,New South Wales,AUSTRALIA,-35.845428399999996,150.1694166
4552,2020-05-01|South Bruny Island Western Australia AUSTRALIA,0.33597603542095866,-0.4568153847488722,0.03662241169173886,0.11705926809185466,0.25304990422662016,0.06403425402910162,0.07304921516182408,2020-05-01,South Bruny Island Western Australia AUSTRALIA,South Bruny Island,Western Australia,AUSTRALIA,-43.3937074,147.2679116
4553,2020-05-01|South Cape Bay Tasmania AUSTRALIA,0.24478372344534674,-0.39849081087789756,0.031136755746963913,0.14065904015315944,0.21424469677296748,0.04590079009534079,0.061847116677161265,2020-05-01,South Cape Bay Tasmania AUSTRALIA,South Cape Bay,Tasmania,AUSTRALIA,-43.63,146.79
4554,2020-05-01|South Coast New South Wales AUSTRALIA,0.5338586113579907,-0.47334668204082375,0.06378092237363359,0.026223732418481478,0.3319965923592628,0.11022173733816254,0.10010073895747702,2020-05-01,South Coast New South Wales AUSTRALIA,South Coast,New South Wales,AUSTRALIA,-36.6806101,149.65644939999999
4555,2020-05-01|South Cronulla New South Wales AUSTRALIA,0.5562715579806239,-0.4627026226930374,0.07191457380674164,0.03227329878048989,0.3369772425511838,0.11355366199739936,0.1016024614937146,2020-05-01,South Cronulla New South Wales AUSTRALIA,South Cronulla,New South Wales,AUSTRALIA,-34.05744,151.15219
4556,2020-05-01|South Golden Beach New South Wales AUSTRALIA,0.6175096861793654,-0.4220563946697893,0.043009207883520556,-0.004202297321970427,0.35415476712391625,0.12542559907659537,0.10223567506689114,2020-05-01,South Golden Beach New South Wales AUSTRALIA,South Golden Beach,New South Wales,AUSTRALIA,-28.4981216,153.54709450000001
4557,2020-05-01|South Head Sydney New South Wales AUSTRALIA,0.5610470894160124,-0.461646868824497,0.0738876119981834,0.032690220064257314,0.3383514901326466,0.11448173087498245,0.10201681272978419,2020-05-01,South Head Sydney New South Wales AUSTRALIA,South Head,New South Wales,AUSTRALIA,-33.8332187,151.28042580000002
4558,2020-05-01|South Narrabeen Beach New South Wales AUSTRALIA,0.562370322858862,-0.4617499831795238,0.07454572735505921,0.03341177141109403,0.3389023710344142,0.11485481709274774,0.10218290957117836,2020-05-01,South Narrabeen Beach New South Wales AUSTRALIA,South Narrabeen Beach,New South Wales,AUSTRALIA,-33.709542299999995,151.3033826
4559,2020-05-01|South Neptune Island South Australia AUSTRALIA,0.2618362800792481,-0.28384878796609303,0.01968256850644812,0.04994359779824531,0.21094422010355793,0.04449746399509829,0.06360207543433147,2020-05-01,South Neptune Island South Australia AUSTRALIA,South Neptune Island,South Australia,AUSTRALIA,-35.3295695,136.11835280000003
4560,2020-05-01|South Passage south of Coral Bay Western Australia AUSTRALIA,0.3622552380608394,-0.37100833422553064,0.001754181294725646,-0.006575447594295903,0.21321555712259657,0.045460873799099244,0.05698425459163462,2020-05-01,South Passage south of Coral Bay Western Australia AUSTRALIA,South Passage,Western Australia,AUSTRALIA,-23.143670800000002,113.77153590000002
4561,2020-05-01|South Perth Western Australia AUSTRALIA,0.19864860880193708,-0.24442063410433837,0.011861535356618587,0.044287968912057066,0.1584722312366678,0.025113448073127907,0.04395228888161475,2020-05-01,South Perth Western Australia AUSTRALIA,South Perth,Western Australia,AUSTRALIA,-31.9809515,115.86391680000001
4562,2020-05-01|South Point Gracetown Western Australia AUSTRALIA,0.2079285550940806,-0.2888483017548869,0.008015402178747298,0.060253455010788895,0.18280619476760743,0.03341810484541242,0.05070131605438965,2020-05-01,South Point Gracetown Western Australia AUSTRALIA,South Point,Western Australia,AUSTRALIA,-33.8638221,114.97694579999998
4563,2020-05-01|South Steyne Manly New South Wales AUSTRALIA,0.5610470894160124,-0.461646868824497,0.0738876119981834,0.032690220064257314,0.3383514901326466,0.11448173087498245,0.10201681272978419,2020-05-01,South Steyne Manly New South Wales AUSTRALIA,South Steyne,New South Wales,AUSTRALIA,-33.7985672,151.2889614
4564,2020-05-01|South Stradbroke Island Queensland AUSTRALIA,0.6297239727417939,-0.4244669687960335,0.03761442060378075,-0.013778905799978399,0.35985446225944223,0.12949523400803234,0.1038810353272885,2020-05-01,South Stradbroke Island Queensland AUSTRALIA,South Stradbroke Island,Queensland,AUSTRALIA,-27.833508600000002,153.42132080000002
4565,2020-05-01|South Werribee Beach Victoria AUSTRALIA,0.5078525769167415,-0.5571048531029514,0.062430612598063304,0.03629496146855623,0.3425278102521372,0.11732530079612409,0.09500012177972927,2020-05-01,South Werribee Beach Victoria AUSTRALIA,South Werribee Beach,Victoria,AUSTRALIA,-37.9736195,144.69639109999997
4566,2020-05-01|South West Rocks New South Wales AUSTRALIA,0.5989932811549131,-0.43743511751699876,0.04826235033507879,0.007048763193581817,0.3486337276149683,0.1215454760307079,0.10064188824354231,2020-05-01,South West Rocks New South Wales AUSTRALIA,South West Rocks,New South Wales,AUSTRALIA,-30.884166999999998,153.040278
4567,2020-05-01|South coast New South Wales AUSTRALIA,0.5338408219030495,-0.47335285655414594,0.06377103184736094,0.02621412552638258,0.33199266163272473,0.11021912737798086,0.10009955379883335,2020-05-01,South coast New South Wales AUSTRALIA,South coast,New South Wales,AUSTRALIA,-36.6806101,149.65644939999999
4568,2020-05-01|Southgates near Geraldton Western Australia AUSTRALIA,0.23258459929525704,-0.2643666166126705,0.012665948560112274,0.024778982594928833,0.1682480599414462,0.028307409674060473,0.04344146227899522,2020-05-01,Southgates near Geraldton Western Australia AUSTRALIA,Southgates,Western Australia,AUSTRALIA,-28.85,114.6338889
4569,2020-05-01|Southport Aquarium Queensland AUSTRALIA,0.6282676846850158,-0.4255337306488269,0.03904989994662414,-0.011251009010421077,0.35938695058023507,0.12915898024736033,0.10374607633036873,2020-05-01,Southport Aquarium Queensland AUSTRALIA,Southport Aquarium,Queensland,AUSTRALIA,-27.9600602,153.42459219999998
4570,2020-05-01|Southport Bar Queensland AUSTRALIA,0.6282676846850158,-0.4255337306488269,0.03904989994662414,-0.011251009010421077,0.35938695058023507,0.12915898024736033,0.10374607633036873,2020-05-01,Southport Bar Queensland AUSTRALIA,Southport Bar,Queensland,AUSTRALIA,-27.9674697,153.41637690000002
4571,2020-05-01|Southport Queensland AUSTRALIA,0.6275602792640115,-0.42582656009120107,0.039735549236351336,-0.010075271306946961,0.35912736850036453,0.1289724668059966,0.1036711414385237,2020-05-01,Southport Queensland AUSTRALIA,Southport,Queensland,AUSTRALIA,-27.973794,153.4183144
4572,2020-05-01|Southport South Australia AUSTRALIA,0.48557414917059005,-0.280672092448864,0.0072329909322199825,-0.09189467059367916,0.2747631716325005,0.07549480048555093,0.08284421331936608,2020-05-01,Southport South Australia AUSTRALIA,Southport,South Australia,AUSTRALIA,-35.1577032,138.46888719999998
4573,2020-05-01|St Crispin Reef Queensland AUSTRALIA,0.7691321969644495,-0.44562802575075666,0.15101280707399764,0.09141628562437619,0.4099044583489067,0.1680216649743106,0.12359084438519877,2020-05-01,St Crispin Reef Queensland AUSTRALIA,St. Crispin Reef,Queensland,AUSTRALIA,-16.1014387,145.83812460000001
4574,2020-05-01|St George’s River at Moorebank near Milperra Bridge New South Wales AUSTRALIA,0.5559913483056395,-0.46359985324348574,0.07165934512017703,0.03194372946157866,0.33710059724189007,0.113636812660839,0.10163965433236943,2020-05-01,St George’s River at Moorebank near Milperra Bridge New South Wales AUSTRALIA,St. George’s River at Moorebank,New South Wales,AUSTRALIA,-34.0494645,150.8953368
4575,2020-05-01|St Helena Island Moreton Bay Queensland AUSTRALIA,0.8292675996389985,-0.5285519989242061,0.14769491127013534,0.22047746367597573,0.5071154781840598,0.25716610821384756,0.15290106968347142,2020-05-01,St Helena Island Moreton Bay Queensland AUSTRALIA,St. Helena Island,Queensland,AUSTRALIA,-27.3877599,153.23402119999997
4576,2020-05-01|Stevens Reef Queensland AUSTRALIA,1.2469664977694142,-1.0428850542669843,0.12244401666471628,0.1699115785006997,0.7298352426925299,0.532659481476064,0.210685286916304,2020-05-01,Stevens Reef Queensland AUSTRALIA,Stevens Reef,Queensland,AUSTRALIA,-20.5833333,150.08333330000002
4577,2020-05-01|Stockton Beach New South Wales AUSTRALIA,0.5741745351320487,-0.458236235352794,0.04741785080242775,0.010548924037699765,0.3416024081196249,0.11669220523312675,0.09861212114184492,2020-05-01,Stockton Beach New South Wales AUSTRALIA,Stockton Beach,New South Wales,AUSTRALIA,-32.8054122,151.9608991
4578,2020-05-01|Stockton Beach Newcastle New South Wales AUSTRALIA,0.574158252300316,-0.45824120852018363,0.04740945936574145,0.010537505724328534,0.34159795435386814,0.11668916241874737,0.09861083545041564,2020-05-01,Stockton Beach Newcastle New South Wales AUSTRALIA,Stockton Beach,New South Wales,AUSTRALIA,-32.8054122,151.9608991
4579,2020-05-01|Stockton Bight New South Wales AUSTRALIA,0.574158252300316,-0.45824120852018363,0.04740945936574145,0.010537505724328534,0.34159795435386814,0.11668916241874737,0.09861083545041564,2020-05-01,Stockton Bight New South Wales AUSTRALIA,Stockton Bight,New South Wales,AUSTRALIA,-32.8054122,151.9608991
4580,2020-05-01|Stradbroke Island Queensland AUSTRALIA,0.6309203957860546,-0.4195061791941314,0.03443105440581315,-0.019221753064950907,0.3595202744094302,0.12925482771143199,0.10378456360470632,2020-05-01,Stradbroke Island Queensland AUSTRALIA,Stradbroke Island,Queensland,AUSTRALIA,-27.5323174,153.46260769999998
4581,2020-05-01|Strand Beach Kissing Point Townsville Queensland AUSTRALIA,0.9660086709021576,-0.5657552567124021,0.20807709985046074,0.1255860936219268,0.5002204074300803,0.2502204560095156,0.15082212762948027,2020-05-01,Strand Beach Kissing Point Townsville Queensland AUSTRALIA,Strand Beach,Queensland,AUSTRALIA,-19.239290899999997,146.80543889999998
4582,2020-05-01|Stratham Beach Western Australia AUSTRALIA,0.22785821325032282,-0.2566841249926805,0.021986109322988914,0.07703535358753842,0.17219327674671184,0.029650524556769687,0.04775782220003312,2020-05-01,Stratham Beach Western Australia AUSTRALIA,Stratham Beach,Western Australia,AUSTRALIA,-33.4665674,115.5602443
4583,2020-05-01|Streaky Bay South Australia AUSTRALIA,0.23449015892241115,-0.3240768727285519,0.0221733919558971,0.060714098992123516,0.205583827942794,0.04226471031161233,0.061985856386475434,2020-05-01,Streaky Bay South Australia AUSTRALIA,Streaky Bay,South Australia,AUSTRALIA,-32.797222,134.21111100000002
4584,2020-05-01|Sugarloaf Bay Middle Harbor Sydney New South Wales AUSTRALIA,0.5610470894160124,-0.461646868824497,0.0738876119981834,0.032690220064257314,0.3383514901326466,0.11448173087498245,0.10201681272978419,2020-05-01,Sugarloaf Bay Middle Harbor Sydney New South Wales AUSTRALIA,Sugarloaf Bay,New South Wales,AUSTRALIA,-33.7859956,151.2260866
4585,2020-05-01|Sugarloaf Bay Middle Harbour Sydney New South Wales AUSTRALIA,0.5610470894160124,-0.461646868824497,0.0738876119981834,0.032690220064257314,0.3383514901326466,0.11448173087498245,0.10201681272978419,2020-05-01,Sugarloaf Bay Middle Harbour Sydney New South Wales AUSTRALIA,Sugarloaf Bay,New South Wales,AUSTRALIA,-33.7831723,151.2231308
4586,2020-05-01|Suicide Point Point Leo Victoria AUSTRALIA,0.9102153439851624,-0.8981515718478689,0.19023023529583055,0.32406486684034436,0.5611796359647699,0.3149225838215517,0.15564322709363027,2020-05-01,Suicide Point Point Leo Victoria AUSTRALIA,Suicide Point,Victoria,AUSTRALIA,-38.421,145.075
4587,2020-05-01|Sunshine Beach Queensland AUSTRALIA,0.6323280837268686,-0.4184465670622862,0.028654654886487,-0.03090042202038571,0.36472564050612155,0.1330247928426006,0.10528722336328399,2020-05-01,Sunshine Beach Queensland AUSTRALIA,Sunshine Beach,Queensland,AUSTRALIA,-26.406999999999996,153.105
4588,2020-05-01|Surf Beach Batemans Bay New South Wales AUSTRALIA,0.5373074361040283,-0.4708095070050513,0.06643843297980974,0.03100419747402759,0.3326865001391597,0.1106803073748431,0.10030875397982839,2020-05-01,Surf Beach Batemans Bay New South Wales AUSTRALIA,Surf Beach,New South Wales,AUSTRALIA,-35.7600051,150.2052861
4589,2020-05-01|Surf Beach Kiama New South Wales AUSTRALIA,0.5523417359105678,-0.46642333372873224,0.0709120893105734,0.03191918919188418,0.3366577520824193,0.11333844203718771,0.10150613149289765,2020-05-01,Surf Beach Kiama New South Wales AUSTRALIA,Surf Beach,New South Wales,AUSTRALIA,-34.6816667,150.8511111
4590,2020-05-01|Surfers Paradise Beach near Victor Harbour South Australia AUSTRALIA,0.6275602792640115,-0.42582656009120107,0.039735549236351336,-0.010075271306946961,0.35912736850036453,0.1289724668059966,0.1036711414385237,2020-05-01,Surfers Paradise Beach near Victor Harbour South Australia AUSTRALIA,Surfers Paradise Beach near Victor Harbour,South Australia,AUSTRALIA,-28.0,153.416667
4591,2020-05-01|Surfers Paradise Northcliffe Queensland AUSTRALIA,0.6275602792640115,-0.42582656009120107,0.039735549236351336,-0.010075271306946961,0.35912736850036453,0.1289724668059966,0.1036711414385237,2020-05-01,Surfers Paradise Northcliffe Queensland AUSTRALIA,Surfer's Paradise,Queensland,AUSTRALIA,-28.006491999999998,153.43112019999998
4592,2020-05-01|Surfers Paradise Queensland AUSTRALIA,0.6275786139128136,-0.42582364339077766,0.0397435445763397,-0.01006673375749893,0.3591319927482195,0.12897578821530717,0.10367247634389563,2020-05-01,Surfers Paradise Queensland AUSTRALIA,Surfer's Paradise,Queensland,AUSTRALIA,-28.0,153.416667
4593,2020-05-01|Surfers Paradise near Southport Queensland AUSTRALIA,0.6275602792640115,-0.42582656009120107,0.039735549236351336,-0.010075271306946961,0.35912736850036453,0.1289724668059966,0.1036711414385237,2020-05-01,Surfers Paradise near Southport Queensland AUSTRALIA,Surfers Paradise,Queensland,AUSTRALIA,-28.0,153.416667
4594,2020-05-01|Surfers Point Phillip Island Victoria AUSTRALIA,1.0199866599934395,-0.9949300214640486,0.21781500150442418,0.3503436861841935,0.6267925393096212,0.392868887334203,0.17384097227377826,2020-05-01,Surfers Point Phillip Island Victoria AUSTRALIA,Surfers Point,Victoria,AUSTRALIA,-38.5092311,145.2817885
4595,2020-05-01|Surfers Point Prevelly Western Australia AUSTRALIA,0.20946006349155355,-0.29575851623293953,0.006798416961962031,0.06136947414082063,0.18631763592241152,0.034714261455716294,0.05167521460319124,2020-05-01,Surfers Point Prevelly Western Australia AUSTRALIA,Surfers Point,Western Australia,AUSTRALIA,-33.976738299999994,114.98598359999998
4596,2020-05-01|Swain Reef Queensland AUSTRALIA,0.7107450894331722,-0.4161174723707073,0.10524503370654206,0.08264162268293848,0.3927491097530774,0.15425186321183487,0.12419817358231756,2020-05-01,Swain Reef Queensland AUSTRALIA,Swain Reef,Queensland,AUSTRALIA,-21.9813586,152.473207
4597,2020-05-01|Swan River 13 miles upstream Western Australia AUSTRALIA,0.1977714717225249,-0.2427993568158452,0.012448454193110995,0.044768250926526434,0.1574954388374368,0.024804813254596794,0.043681375413852384,2020-05-01,Swan River 13 miles upstream Western Australia AUSTRALIA,Swan River,Western Australia,AUSTRALIA,-31.8962877,115.95750179999999
4598,2020-05-01|Swan River Western Australia AUSTRALIA,0.1977714717225249,-0.2427993568158452,0.012448454193110995,0.044768250926526434,0.1574954388374368,0.024804813254596794,0.043681375413852384,2020-05-01,Swan River Western Australia AUSTRALIA,Swan River,Western Australia,AUSTRALIA,-31.8962877,115.95750179999999
4599,2020-05-01|Sweet Water Point Pitt Water Tasmania AUSTRALIA,1.2438854061817046,-1.094957892266108,0.2823343980060786,0.4391038659274036,0.8533875041217361,0.7282702321911262,0.24635175261387363,2020-05-01,Sweet Water Point Pitt Water Tasmania AUSTRALIA,Sweet Water Point,Tasmania,AUSTRALIA,-41.4545196,145.9706647
4600,2020-05-01|Sydney Harbor New South Wales AUSTRALIA,0.5610470894160124,-0.461646868824497,0.0738876119981834,0.032690220064257314,0.3383514901326466,0.11448173087498245,0.10201681272978419,2020-05-01,Sydney Harbor New South Wales AUSTRALIA,Sydney Harbor,New South Wales,AUSTRALIA,-33.8436313,151.23731
4601,2020-05-01|Sydney Harbour New South Wales AUSTRALIA,0.5595239818466818,-0.4614598276597755,0.0735379505728795,0.03307240629749196,0.33778851103564933,0.11410107818768098,0.10184706814527937,2020-05-01,Sydney Harbour New South Wales AUSTRALIA,Sydney Harbour,New South Wales,AUSTRALIA,-33.8462182,151.2488616
4602,2020-05-01|Sydney New South Wales AUSTRALIA,0.5595239818466818,-0.4614598276597755,0.0735379505728795,0.03307240629749196,0.33778851103564933,0.11410107818768098,0.10184706814527937,2020-05-01,Sydney New South Wales AUSTRALIA,Sydney,New South Wales,AUSTRALIA,-33.8688197,151.2092955
4603,2020-05-01|Sykes Reef Great Barrier Reef Queensland AUSTRALIA,0.8222260452870831,-0.5172384551542627,0.12287941681416557,0.17084003730872627,0.47918641769494147,0.2296196229033109,0.13832920362409346,2020-05-01,Sykes Reef Great Barrier Reef Queensland AUSTRALIA,Sykes Reef,Queensland,AUSTRALIA,-23.439513899999998,152.0395475
4604,2020-05-01|Tabourie Beach New South Wales AUSTRALIA,0.5403508665051253,-0.46939331650570315,0.06673397774858653,0.03028545148865286,0.33332635007842437,0.1111064556566043,0.10050167599534408,2020-05-01,Tabourie Beach New South Wales AUSTRALIA,Tabourie Beach,New South Wales,AUSTRALIA,-35.417259200000004,150.4200146
4605,2020-05-01|Tallebudgera Queensland AUSTRALIA,0.6261905555506859,-0.4267473483294621,0.04111229349239879,-0.00759431746991465,0.35864901066119537,0.12862911284825423,0.10353305142491706,2020-05-01,Tallebudgera Queensland AUSTRALIA,Tallebudgera,Queensland,AUSTRALIA,-28.148889,153.418056
4606,2020-05-01|Tallow Beach Byron Bay New South Wales AUSTRALIA,0.617892230948755,-0.42304037988490373,0.04299958757149949,-0.004442914483729457,0.3544841175070193,0.12565898956473026,0.10233075033306227,2020-05-01,Tallow Beach Byron Bay New South Wales AUSTRALIA,Tallow Beach,New South Wales,AUSTRALIA,-28.6524251,153.62793369999997
4607,2020-05-01|Taree Old Bar Beach New South Wales AUSTRALIA,0.592831379293246,-0.4553492864561972,0.04825442637778991,0.009197632033726422,0.34853896134281087,0.1214794075739254,0.10061453157717222,2020-05-01,Taree Old Bar Beach New South Wales AUSTRALIA,Taree,New South Wales,AUSTRALIA,-31.966666999999998,152.583333
4608,2020-05-01|Target Beach New South Wales AUSTRALIA,0.5451900081141602,-0.4688160522087399,0.06815152458741464,0.029005289397048974,0.33482665103965575,0.11210888624643141,0.10095403375543627,2020-05-01,Target Beach New South Wales AUSTRALIA,Target Beach,New South Wales,AUSTRALIA,-35.0712278,150.78299619999999
4609,2020-05-01|Taronga Wharf Athol Bay Sydney Harbor New South Wales AUSTRALIA,0.5595239818466818,-0.4614598276597755,0.0735379505728795,0.03307240629749196,0.33778851103564933,0.11410107818768098,0.10184706814527937,2020-05-01,Taronga Wharf Athol Bay Sydney Harbor New South Wales AUSTRALIA,Taronga Wharf,New South Wales,AUSTRALIA,-33.845791,151.239746
4610,2020-05-01|Taroona Tasmania AUSTRALIA,0.3952822421945592,-0.4852064809667395,0.023671395304642708,0.07296899923206804,0.2688723165895939,0.0722923226282548,0.07761675218032016,2020-05-01,Taroona Tasmania AUSTRALIA,Taroona,Tasmania,AUSTRALIA,-42.948056,147.34888899999999
4611,2020-05-01|Tasman Island Tasmania AUSTRALIA,0.37910350904321055,-0.4464952886951648,0.013690704463540737,0.051739242091703636,0.24838308540501355,0.06169415711531425,0.07170202061036719,2020-05-01,Tasman Island Tasmania AUSTRALIA,Tasman Island,Tasmania,AUSTRALIA,-43.238162700000004,148.00239390000002
4612,2020-05-01|Tathra New South Wales AUSTRALIA,0.5338408219030495,-0.47335285655414594,0.06377103184736094,0.02621412552638258,0.33199266163272473,0.11021912737798086,0.10009955379883335,2020-05-01,Tathra New South Wales AUSTRALIA,Tathra,New South Wales,AUSTRALIA,-36.7360215,149.9674229
4613,2020-05-01|Tea Gardens north of Newcastle New South Wales AUSTRALIA,0.5754686495136072,-0.457049600670425,0.04723246814066984,0.010028417458461128,0.34184800497644563,0.11686005850637599,0.09868301884754371,2020-05-01,Tea Gardens north of Newcastle New South Wales AUSTRALIA,Tea Gardens,New South Wales,AUSTRALIA,-32.659597,152.15239259999998
4614,2020-05-01|Tenth Island King Island Tasmania AUSTRALIA,1.2127430993580788,-1.3534709903020024,0.1489708324117036,0.2597946924562883,0.8885641890828685,0.7895463181204957,0.25650638687962785,2020-05-01,Tenth Island King Island Tasmania AUSTRALIA,Tenth Island (King Island),Tasmania,AUSTRALIA,-40.94228579999999,146.98485580000002
4615,2020-05-01|Terrigal Beach New South Wales AUSTRALIA,0.5668647749433804,-0.46130932390437485,0.0474360318590848,0.012426772945870692,0.3389549429660601,0.11489045336112506,0.09784786378230453,2020-05-01,Terrigal Beach New South Wales AUSTRALIA,Terrigal Beach,New South Wales,AUSTRALIA,-33.4461804,151.4447377
4616,2020-05-01|Tewantin Queensland AUSTRALIA,0.6330565399434253,-0.41899869708743775,0.028447815823810705,-0.031260024755515314,0.3651930958309492,0.13336599724259285,0.10542216609209568,2020-05-01,Tewantin Queensland AUSTRALIA,Tewantin,Queensland,AUSTRALIA,-26.392,153.039
4617,2020-05-01|The Australian Shark and Ray Centre New South Wales AUSTRALIA,0.5746364515545372,-0.45789768522260654,0.04713125924477731,0.010038295379983358,0.3416945528795303,0.11675516746754214,0.09863872104281284,2020-05-01,The Australian Shark and Ray Centre New South Wales AUSTRALIA,The Australian Shark and Ray Centre,New South Wales,AUSTRALIA,-32.7706261,151.9986267
4618,2020-05-01|The Domain Sydney New South Wales AUSTRALIA,0.5595239818466818,-0.4614598276597755,0.0735379505728795,0.03307240629749196,0.33778851103564933,0.11410107818768098,0.10184706814527937,2020-05-01,The Domain Sydney New South Wales AUSTRALIA,The Domain,New South Wales,AUSTRALIA,-33.871516299999996,151.214894
4619,2020-05-01|The Entrance near Gosford New South Wales AUSTRALIA,0.5681298663262107,-0.4607851908829583,0.047464988641176216,0.012150546196916651,0.33936858514907503,0.115171036586085,0.09796727199516046,2020-05-01,The Entrance near Gosford New South Wales AUSTRALIA,The Entrance,New South Wales,AUSTRALIA,-33.347221999999995,151.496111
4620,2020-05-01|The Farm New South Wales AUSTRALIA,0.5561202564482014,-0.46420980943025436,0.07160117638834756,0.03180064165175475,0.3373077304591223,0.11377650502748393,0.10170210734720385,2020-05-01,The Farm New South Wales AUSTRALIA,The Farm,New South Wales,AUSTRALIA,-34.071999999999996,150.718
4621,2020-05-01|The Narrows Queensland AUSTRALIA,1.5273910410209703,-1.1545582717648963,0.2247631597899522,0.2498806993121948,0.876741794705958,0.7686761745842242,0.2772500991134582,2020-05-01,The Narrows Queensland AUSTRALIA,The Narrows,Queensland,AUSTRALIA,-23.6139232,150.9541241
4622,2020-05-01|The Natural Jetty Rottnest Island Western Australia AUSTRALIA,0.1955757166841152,-0.23933248009490515,0.013749959527360725,0.046655408582107934,0.15604470734765866,0.024349950691216437,0.04327901489282736,2020-05-01,The Natural Jetty Rottnest Island Western Australia AUSTRALIA,The Natural Jetty,Western Australia,AUSTRALIA,-32.0063677,115.5073002
4623,2020-05-01|Thirroul New South Wales AUSTRALIA,0.5557077946009191,-0.4642711845563246,0.07160893251873515,0.03218748145630465,0.3371700617906862,0.11368365056793517,0.10166059868187745,2020-05-01,Thirroul New South Wales AUSTRALIA,Thirroul,New South Wales,AUSTRALIA,-34.314731200000004,150.9103729
4624,2020-05-01|Thirteenth Beach Victoria AUSTRALIA,0.9000662132120055,-1.045658994457055,0.1553789140150624,0.3134718417967306,0.6006257807537112,0.36075132850600516,0.16052399208885637,2020-05-01,Thirteenth Beach Victoria AUSTRALIA,Thirteenth Beach,Victoria,AUSTRALIA,-38.2852436,144.4587149
4625,2020-05-01|Thistle Island South Australia AUSTRALIA,0.29434174016177916,-0.27241921704651134,0.06459808419348093,0.10500762263183475,0.21492551575762958,0.04619297732368308,0.0679654157080519,2020-05-01,Thistle Island South Australia AUSTRALIA,Thistle Island,South Australia,AUSTRALIA,-35.038095299999995,136.1804618
4626,2020-05-01|Three Mile Creek Townsville Queensland AUSTRALIA,0.9803422042447756,-0.5823682068901838,0.20822306488742806,0.13479324209637628,0.5087824109817768,0.2588595417244296,0.15340366883263185,2020-05-01,Three Mile Creek Townsville Queensland AUSTRALIA,Three Mile Creek,Queensland,AUSTRALIA,-19.208941,146.76842230000003
4627,2020-05-01|Three Stripes near Cheynes Beach Western Australia AUSTRALIA,0.19710739680079464,-0.27598605370396384,0.04525200451494622,0.12112192886814527,0.16481698044890195,0.027164637044293727,0.04255556136338604,2020-05-01,Three Stripes near Cheynes Beach Western Australia AUSTRALIA,Three Stripes near Cheynes Beach,Western Australia,AUSTRALIA,-34.88414,118.404629
4628,2020-05-01|Throsby Creek Newcastle New South Wales AUSTRALIA,0.5740242364762262,-0.45872048105985147,0.04771001010371694,0.011120744025680668,0.3415950628905901,0.11668718699122621,0.09861000075686467,2020-05-01,Throsby Creek Newcastle New South Wales AUSTRALIA,Throsby Creek,New South Wales,AUSTRALIA,-32.9119099,151.7504482
4629,2020-05-01|Tingalpa Creek Queensland AUSTRALIA,0.8869377148104064,-0.5896017891198428,0.20157809182658548,0.3132678938257829,0.5022395336484697,0.2522445491594324,0.15143091709045906,2020-05-01,Tingalpa Creek Queensland AUSTRALIA,Tingalpa Creek,Queensland,AUSTRALIA,-27.502492999999998,153.188227
4630,2020-05-01|Tomaree New South Wales AUSTRALIA,0.5925227147919274,-0.45391156363929613,0.04841948317663041,0.009483271120514166,0.34804693292386063,0.12113666751770634,0.10047249520710728,2020-05-01,Tomaree New South Wales AUSTRALIA,Tomaree,New South Wales,AUSTRALIA,-31.8894897,152.4444453
4631,2020-05-01|Torres Strait Queensland AUSTRALIA,1.0265450980642685,-1.6761463225803177,0.16233642039652876,0.40169262270484807,0.9009794162534266,0.8117639085123652,0.24988672949533408,2020-05-01,Torres Strait Queensland AUSTRALIA,Torres Strait,Queensland,AUSTRALIA,-10.2199025,141.93685449999998
4632,2020-05-01|Townsville Queensland AUSTRALIA,0.9659902582171169,-0.5657434275068264,0.20807608273635225,0.1255974031450413,0.5002157237709416,0.25021577030768694,0.1508207154531158,2020-05-01,Townsville Queensland AUSTRALIA,Townsville,Queensland,AUSTRALIA,-19.2589635,146.8169483
4633,2020-05-01|Triabunna Tasmania AUSTRALIA,0.3841076591050084,-0.4426553661331618,0.06085326727626154,0.10010137410475353,0.26659060106508564,0.07107054857624363,0.07695807764417567,2020-05-01,Triabunna Tasmania AUSTRALIA,Triabunna,Tasmania,AUSTRALIA,-42.5102424,147.92009960000001
4634,2020-05-01|Trial Bay New South Wales AUSTRALIA,0.5989932811549131,-0.43743511751699876,0.04826235033507879,0.007048763193581817,0.3486337276149683,0.1215454760307079,0.10064188824354231,2020-05-01,Trial Bay New South Wales AUSTRALIA,Trial Bay,New South Wales,AUSTRALIA,-30.879986,153.05760880000003
4635,2020-05-01|Trial Bay north of Kempsey New South Wales AUSTRALIA,0.5990103352222359,-0.4374311667950518,0.04827039301055533,0.007058542949091438,0.34863828331616553,0.12154865259364289,0.1006432033611986,2020-05-01,Trial Bay north of Kempsey New South Wales AUSTRALIA,Trial Bay,New South Wales,AUSTRALIA,-30.879986,153.05760880000003
4636,2020-05-01|Trigg Beach Perth Western Australia AUSTRALIA,0.19776486722277814,-0.24279070048127466,0.01244977234887282,0.04476951860301205,0.157489929298018,0.02480307783029471,0.04367984734255403,2020-05-01,Trigg Beach Perth Western Australia AUSTRALIA,Trigg Beach,Western Australia,AUSTRALIA,-31.8779189,115.7517755
4637,2020-05-01|Trigg Beach Western Australia AUSTRALIA,0.1977714717225249,-0.2427993568158452,0.012448454193110995,0.044768250926526434,0.1574954388374368,0.024804813254596794,0.043681375413852384,2020-05-01,Trigg Beach Western Australia AUSTRALIA,Trigg Beach,Western Australia,AUSTRALIA,-31.8779189,115.7517755
4638,2020-05-01|Trinity Beach 17 km northwast of Cairns Queensland AUSTRALIA,0.795053179366682,-0.4587210420080793,0.1566639838581187,0.08278082084110945,0.42334389500473224,0.17922005343777775,0.1276429870016644,2020-05-01,Trinity Beach 17 km northwast of Cairns Queensland AUSTRALIA,Trinity Beach,Queensland,AUSTRALIA,-16.783333,145.7
4639,2020-05-01|Trinity Beach Cairns Queensland AUSTRALIA,0.795053179366682,-0.4587210420080793,0.1566639838581187,0.08278082084110945,0.42334389500473224,0.17922005343777775,0.1276429870016644,2020-05-01,Trinity Beach Cairns Queensland AUSTRALIA,Trinity Beach,Queensland,AUSTRALIA,-16.783333,145.7
4640,2020-05-01|Tully North Queensland Queensland AUSTRALIA,0.9187848155045538,-0.6024106240936566,0.11721541100982019,0.09815739998288481,0.5237499340834487,0.2743139934524169,0.15119358271556393,2020-05-01,Tully North Queensland Queensland AUSTRALIA,Tully,Queensland,AUSTRALIA,-17.9397555,145.9276864
4641,2020-05-01|Turners Beach New South Wales AUSTRALIA,0.6168033314910244,-0.44238102861128875,0.045722979118256034,0.0009886307294457476,0.3578021840078645,0.12802240288079772,0.1032885936267883,2020-05-01,Turners Beach New South Wales AUSTRALIA,Turners' Beach,New South Wales,AUSTRALIA,-29.4304387,153.3629052
4642,2020-05-01|Turquoise Bay Western Australia AUSTRALIA,0.37375724861248316,-0.38930774257306594,0.007850929613364512,0.017027448259718275,0.22520007570007092,0.050715074095317676,0.0624592630903829,2020-05-01,Turquoise Bay Western Australia AUSTRALIA,Turquoise Bay,Western Australia,AUSTRALIA,-22.0963889,113.88944440000002
4643,2020-05-01|Tweed Heads New South Wales AUSTRALIA,0.6233062562572119,-0.4249303492999959,0.04163843258713296,-0.00659236705305828,0.3570348424369541,0.12747387871398064,0.10306708119552555,2020-05-01,Tweed Heads New South Wales AUSTRALIA,Tweed Heads,New South Wales,AUSTRALIA,-28.178665600000002,153.5370011
4644,2020-05-01|Two Rocks near Three Mile Reef Western Australia AUSTRALIA,0.19748025912099487,-0.24200378099996298,0.012602258817133874,0.04475888043383416,0.15702857873218087,0.024657974538648725,0.043551891717854785,2020-05-01,Two Rocks near Three Mile Reef Western Australia AUSTRALIA,Two Rocks near Three Mile Reef,Western Australia,AUSTRALIA,-31.775555600000004,115.675
4645,2020-05-01|Tyrendarra Beach Victoria AUSTRALIA,0.2303585203442415,-0.3213145305418742,0.022190882381962162,0.08024887024050426,0.1992367548261868,0.03969528447367007,0.06300419388712951,2020-05-01,Tyrendarra Beach Victoria AUSTRALIA,Tyrendarra Beach,Victoria,AUSTRALIA,-38.216667,141.783333
4646,2020-05-01|Tyrendarra Beach near Portland Victoria AUSTRALIA,0.2303585203442415,-0.3213145305418742,0.022190882381962162,0.08024887024050426,0.1992367548261868,0.03969528447367007,0.06300419388712951,2020-05-01,Tyrendarra Beach near Portland Victoria AUSTRALIA,Tyrendarra Beach near Portland,Victoria,AUSTRALIA,-38.2507144,141.806322
4647,2020-05-01|Umina Beach New South Wales AUSTRALIA,0.5631241880867909,-0.4619186506910682,0.07497203170052845,0.03366173111564605,0.3392209511722612,0.11507085371421362,0.10227896509689638,2020-05-01,Umina Beach New South Wales AUSTRALIA,Umina Beach,New South Wales,AUSTRALIA,-33.528746000000005,151.307503
4648,2020-05-01|Urunga Belliger Heads New South Wales AUSTRALIA,0.600443515940594,-0.4357195355727817,0.0474058915933342,0.005140815506783769,0.3493147845917608,0.12202081873438826,0.10083849245798462,2020-05-01,Urunga Belliger Heads New South Wales AUSTRALIA,Urunga,New South Wales,AUSTRALIA,-30.502025699999997,153.02505980000004
4649,2020-05-01|Urunga area New South Wales AUSTRALIA,0.600443515940594,-0.4357195355727817,0.0474058915933342,0.005140815506783769,0.3493147845917608,0.12202081873438826,0.10083849245798462,2020-05-01,Urunga area New South Wales AUSTRALIA,Urunga area,New South Wales,AUSTRALIA,-30.5,153.01666699999998
4650,2020-05-01|Waitpinga Beach near Victor Harbor Encounter Bay South Australia AUSTRALIA,0.2810397875895189,-0.29160730755565395,-0.01268479259589836,0.02434699100918893,0.22623382134493977,0.051181741920334124,0.06274597254641076,2020-05-01,Waitpinga Beach near Victor Harbor Encounter Bay South Australia AUSTRALIA,Waitpinga Beach,South Australia,AUSTRALIA,-35.604007700000004,138.5809998
4651,2020-05-01|Waitpinga South Australia AUSTRALIA,0.2810484750101977,-0.291617637874966,-0.012687254928587039,0.02434023194507332,0.22623945374091042,0.05118429042898554,0.06274753469198584,2020-05-01,Waitpinga South Australia AUSTRALIA,Waitpinga,South Australia,AUSTRALIA,-35.599651200000004,138.4955961
4652,2020-05-01|Wallabi Point New South Wales AUSTRALIA,0.592831379293246,-0.4553492864561972,0.04825442637778991,0.009197632033726422,0.34853896134281087,0.1214794075739254,0.10061453157717222,2020-05-01,Wallabi Point New South Wales AUSTRALIA,Wallabi Point,New South Wales,AUSTRALIA,-31.992048600000004,152.5590443
4653,2020-05-01|Wallamba River near entrance to Wallis Lake New South Wales AUSTRALIA,0.5914304921603057,-0.45415438240018235,0.04852602495055486,0.00987470287884294,0.34764469054298386,0.120856830862727,0.10035637783366795,2020-05-01,Wallamba River near entrance to Wallis Lake New South Wales AUSTRALIA,Wallamba River,New South Wales,AUSTRALIA,-32.098844,152.46986
4654,2020-05-01|Wamberal New South Wales AUSTRALIA,0.5668837696260115,-0.46130669406323843,0.047440533619247514,0.012428367510843627,0.3389591766927585,0.11489332346423269,0.09784908595392902,2020-05-01,Wamberal New South Wales AUSTRALIA,Wamberal,New South Wales,AUSTRALIA,-33.418,151.44299999999998
4655,2020-05-01|Wanda Beach New South Wales AUSTRALIA,0.5562715579806239,-0.4627026226930374,0.07191457380674164,0.03227329878048989,0.3369772425511838,0.11355366199739936,0.1016024614937146,2020-05-01,Wanda Beach New South Wales AUSTRALIA,Wanda Beach,New South Wales,AUSTRALIA,-34.0423701,151.16316919999997
4656,2020-05-01|Warra Beach Coral Bay Western Australia AUSTRALIA,0.3622608246030554,-0.370996164005319,0.0017613920311980288,-0.006586261893368134,0.21321123102104533,0.04545902903350956,0.0569830983923614,2020-05-01,Warra Beach Coral Bay Western Australia AUSTRALIA,Warra Beach,Western Australia,AUSTRALIA,-23.1438889,113.7688889
4657,2020-05-01|Warrnambool Victoria AUSTRALIA,0.23230962473431419,-0.3407114807545733,0.013399339202596654,0.09414656660075106,0.19804779096280226,0.03922292750524582,0.06262821050073666,2020-05-01,Warrnambool Victoria AUSTRALIA,Warrnambool,Victoria,AUSTRALIA,-38.3686779,142.4982086
4658,2020-05-01|Wategos Beach Byon Bay New South Wales AUSTRALIA,0.617892230948755,-0.42304037988490373,0.04299958757149949,-0.004442914483729457,0.3544841175070193,0.12565898956473026,0.10233075033306227,2020-05-01,Wategos Beach Byon Bay New South Wales AUSTRALIA,Wategos Beach,New South Wales,AUSTRALIA,-28.6364053,153.633824
4659,2020-05-01|Watermans Bay Western Australia AUSTRALIA,0.1977714717225249,-0.2427993568158452,0.012448454193110995,0.044768250926526434,0.1574954388374368,0.024804813254596794,0.043681375413852384,2020-05-01,Watermans Bay Western Australia AUSTRALIA,Waterman's Bay,Western Australia,AUSTRALIA,-31.849601300000003,115.75490520000001
4660,2020-05-01|Watson Taylors Lake 25 miles south of Port Macquarie New South Wales AUSTRALIA,0.595346874307989,-0.44952653355030875,0.047601298823414635,0.007421179921582349,0.3486270450896189,0.12154081656791918,0.10063995916463764,2020-05-01,Watson Taylors Lake 25 miles south of Port Macquarie New South Wales AUSTRALIA,Watson Taylor's Lake,New South Wales,AUSTRALIA,-31.7016938,152.75884399999998
4661,2020-05-01|Wattamolla National Park New South Wales AUSTRALIA,0.5558340972745603,-0.46304743684564986,0.07174599844260833,0.0321564765997679,0.33690782547363834,0.11350688286537554,0.10158153145732722,2020-05-01,Wattamolla National Park New South Wales AUSTRALIA,Wattamolla National Park,New South Wales,AUSTRALIA,-34.0750773,151.0566579
4662,2020-05-01|Waverly Sydney New South Wales AUSTRALIA,0.5595231257566875,-0.4614589397277809,0.07353839837875009,0.03307411976225039,0.3377879682920006,0.11410071152283759,0.10184690450191208,2020-05-01,Waverly Sydney New South Wales AUSTRALIA,Waverly,New South Wales,AUSTRALIA,-33.899693,151.25542019999997
4663,2020-05-01|Wedge Island Western Australia AUSTRALIA,0.19816138003384917,-0.23616914840748698,0.015324320503261237,0.045001445754507034,0.1547329950507489,0.02394229975737508,0.04291521135858391,2020-05-01,Wedge Island Western Australia AUSTRALIA,Wedge Island,Western Australia,AUSTRALIA,-30.8277891,115.1879896
4664,2020-05-01|Weipa Queensland AUSTRALIA,0.6808910380159032,-0.7705298352006126,0.07372436889776444,0.22271405405159694,0.4509073285651184,0.20331741895373162,0.11642377161437195,2020-05-01,Weipa Queensland AUSTRALIA,Weipa,Queensland,AUSTRALIA,-12.6492936,141.84699009999997
4665,2020-05-01|Wellington Point Brisbane Queensland AUSTRALIA,0.8869195164826225,-0.5896022710649471,0.20157564614280787,0.3132680893649757,0.502237236632792,0.2522422418605431,0.15143022451417354,2020-05-01,Wellington Point Brisbane Queensland AUSTRALIA,Wellington Point,Queensland,AUSTRALIA,-27.487,153.239
4666,2020-05-01|Wellington Point Queensland AUSTRALIA,0.8869195164826225,-0.5896022710649471,0.20157564614280787,0.3132680893649757,0.502237236632792,0.2522422418605431,0.15143022451417354,2020-05-01,Wellington Point Queensland AUSTRALIA,Wellington Point,Queensland,AUSTRALIA,-27.487,153.239
4667,2020-05-01|West Balmain Sydney New South Wales AUSTRALIA,0.5595231257566875,-0.4614589397277809,0.07353839837875009,0.03307411976225039,0.3377879682920006,0.11410071152283759,0.10184690450191208,2020-05-01,West Balmain Sydney New South Wales AUSTRALIA,West Balmain,New South Wales,AUSTRALIA,-33.85507570000001,151.16879409999999
4668,2020-05-01|West Beach Adelaide South Australia AUSTRALIA,0.502521904008388,-0.37219263271980796,-0.02495738672867683,-0.09151415134938216,0.2943787048395827,0.08665882186303017,0.08497981224141324,2020-05-01,West Beach Adelaide South Australia AUSTRALIA,West Beach,South Australia,AUSTRALIA,-34.945278,138.50375
4669,2020-05-01|West Beach Brighton South Australia AUSTRALIA,0.502521904008388,-0.37219263271980796,-0.02495738672867683,-0.09151415134938216,0.2943787048395827,0.08665882186303017,0.08497981224141324,2020-05-01,West Beach Brighton South Australia AUSTRALIA,West Beach,South Australia,AUSTRALIA,-35.019,138.52
4670,2020-05-01|West Beach near Adelaide South Australia AUSTRALIA,0.5025168272252691,-0.3721933299276749,-0.024957431832211597,-0.09151030521266651,0.2943761638200596,0.08665732582541458,0.0849790787122604,2020-05-01,West Beach near Adelaide South Australia AUSTRALIA,West Beach,South Australia,AUSTRALIA,-34.945278,138.50375
4671,2020-05-01|Western Port Bay Victoria AUSTRALIA,0.5191884060502393,-0.6815691340537947,0.05559707856775191,0.17015032419838858,0.39685288151094666,0.15749220956354146,0.11006718562333487,2020-05-01,Western Port Bay Victoria AUSTRALIA,Western Port Bay,Victoria,AUSTRALIA,-38.3563059,145.2480193
4672,2020-05-01|Westernport Bay Victoria AUSTRALIA,0.5191884060502393,-0.6815691340537947,0.05559707856775191,0.17015032419838858,0.39685288151094666,0.15749220956354146,0.11006718562333487,2020-05-01,Westernport Bay Victoria AUSTRALIA,Westernport Bay,Victoria,AUSTRALIA,-38.3563059,145.2480193
4673,2020-05-01|Whale Bay King Island Bass Strait Tasmania AUSTRALIA,0.2733290915323075,-0.27336301407596997,0.03533488411533731,0.06275073230701766,0.20565827298486386,0.04229532524711678,0.06855275766162129,2020-05-01,Whale Bay King Island Bass Strait Tasmania AUSTRALIA,Whale Bay,Tasmania,AUSTRALIA,-39.8753477,143.9370759
4674,2020-05-01|Whale Beach New South Wales AUSTRALIA,0.5631241880867909,-0.4619186506910682,0.07497203170052845,0.03366173111564605,0.3392209511722612,0.11507085371421362,0.10227896509689638,2020-05-01,Whale Beach New South Wales AUSTRALIA,Whale Beach,New South Wales,AUSTRALIA,-33.6131448,151.3304989
4675,2020-05-01|Wharton Beach Western Australia AUSTRALIA,0.21721068394720244,-0.2813325825187337,0.032545583646313866,0.0971643409946285,0.17680801682824843,0.03126107481473818,0.04565163364345112,2020-05-01,Wharton Beach Western Australia AUSTRALIA,Wharton Beach,Western Australia,AUSTRALIA,-33.9385415,122.54341470000001
4676,2020-05-01|White Bay near Bald Rock Jetty Sydney Harbor New South Wales AUSTRALIA,0.5595239818466818,-0.4614598276597755,0.0735379505728795,0.03307240629749196,0.33778851103564933,0.11410107818768098,0.10184706814527937,2020-05-01,White Bay near Bald Rock Jetty Sydney Harbor New South Wales AUSTRALIA,White Bay,New South Wales,AUSTRALIA,-33.863594899999995,151.1851115
4677,2020-05-01|White Cliffs Queensland AUSTRALIA,0.6185836488742781,-0.5335470514273182,-0.06264496153343097,-0.19043256935646594,0.3811341663546125,0.14526325276282545,0.09840841859747075,2020-05-01,White Cliffs Queensland AUSTRALIA,White Cliffs,Queensland,AUSTRALIA,-31.020400199999997,143.0403618
4678,2020-05-01|Whitehaven Beach Whitsundays Island Queensland AUSTRALIA,1.2477942486391584,-0.803399120171697,0.22943342645557566,0.2191083458647499,0.6925857779065513,0.47967505975842284,0.1999322926556269,2020-05-01,Whitehaven Beach Whitsundays Island Queensland AUSTRALIA,Whitehaven Beach,Queensland,AUSTRALIA,-20.282432399999998,149.03885400000001
4679,2020-05-01|Whitsunday Passage Queensland AUSTRALIA,1.3831963275986296,-0.8937103544788708,0.2313572765709523,0.21965198244418477,0.7683676705065828,0.5903888770797127,0.22180864070179065,2020-05-01,Whitsunday Passage Queensland AUSTRALIA,Whitsunday Passage,Queensland,AUSTRALIA,-20.3518817,148.9572514
4680,2020-05-01|Wilsons Promontory Waratah Bay Victoria AUSTRALIA,0.6936485224078314,-0.8616266918085149,0.09636840902508434,0.16677369644471565,0.47247923665903246,0.223236629073902,0.1310421626435559,2020-05-01,Wilsons Promontory Waratah Bay Victoria AUSTRALIA,Wilson's Promontory,Victoria,AUSTRALIA,-38.9333333,146.3666667
4681,2020-05-01|Windang Beach New South Wales AUSTRALIA,0.5540989080497236,-0.4655041384872999,0.07107432980848473,0.03162399026465143,0.3369902875103975,0.11356245387634037,0.10160639469690709,2020-05-01,Windang Beach New South Wales AUSTRALIA,Windang Beach,New South Wales,AUSTRALIA,-34.53432479999999,150.8745658
4682,2020-05-01|Windang Lake Illawara New South Wales AUSTRALIA,0.5546948922299901,-0.46502480668174606,0.07136757227753358,0.03181451341164409,0.33705294875924935,0.11360469026730516,0.10162528777430134,2020-05-01,Windang Lake Illawara New South Wales AUSTRALIA,Windang,New South Wales,AUSTRALIA,-34.527370899999994,150.8740205
4683,2020-05-01|Windang near the entrance to Lake Illawarra New South Wales AUSTRALIA,0.5541180278083964,-0.46550136837524814,0.0710793801751956,0.031629089672729024,0.3369943111100786,0.11356516572055644,0.10160760785785698,2020-05-01,Windang near the entrance to Lake Illawarra New South Wales AUSTRALIA,Windang,New South Wales,AUSTRALIA,-34.541667,150.85833300000002
4684,2020-05-01|Winki Pop Bells Beach Victoria AUSTRALIA,0.8785466239863557,-1.0194412855569326,0.15600423359791105,0.31428671718401224,0.5840183275888019,0.3410774069596212,0.1560854635310003,2020-05-01,Winki Pop Bells Beach Victoria AUSTRALIA,Winki Pop,Victoria,AUSTRALIA,-38.3680831,144.28495519999998
4685,2020-05-01|Winkipop Beach Victoria AUSTRALIA,0.8785520611110641,-1.0194539702699832,0.15599775670492141,0.3142783794272504,0.5840243577181806,0.34108445040813334,0.15608707515086695,2020-05-01,Winkipop Beach Victoria AUSTRALIA,Winkipop Beach,Victoria,AUSTRALIA,-38.3680831,144.28495519999998
4686,2020-05-01|Winkipop Victoria AUSTRALIA,0.8785520611110641,-1.0194539702699832,0.15599775670492141,0.3142783794272504,0.5840243577181806,0.34108445040813334,0.15608707515086695,2020-05-01,Winkipop Victoria AUSTRALIA,Winkipop,Victoria,AUSTRALIA,-38.3680831,144.28495519999998
4687,2020-05-01|Wiseman’s Beach Peake Bay Port Lincoln South Australia AUSTRALIA,0.3432342203494224,-0.26834975008632445,0.07181106743615112,0.08791774880567865,0.2278063251153681,0.05189572176256879,0.08054169864313204,2020-05-01,Wiseman’s Beach Peake Bay Port Lincoln South Australia AUSTRALIA,Wiseman’s Beach,South Australia,AUSTRALIA,-34.5047222,136.05333330000002
4688,2020-05-01|Wollongong New South Wales AUSTRALIA,0.5552397568575684,-0.46454203119885357,0.07149188745695184,0.03192327010801152,0.3370923625268941,0.11363126087396302,0.10163717147237879,2020-05-01,Wollongong New South Wales AUSTRALIA,Wollongong,New South Wales,AUSTRALIA,-34.427812100000004,150.89306069999998
4689,2020-05-01|Wombarra Beach near Austinmeer New South Wales AUSTRALIA,0.5561366362866477,-0.46420435795137743,0.07161070443986714,0.031810862456269344,0.33731138139783695,0.11377896802051704,0.10170320814664466,2020-05-01,Wombarra Beach near Austinmeer New South Wales AUSTRALIA,Wombarra Beach near Austinmeer,New South Wales,AUSTRALIA,-34.2794078,150.9559166
4690,2020-05-01|Woodman Point Western Australia AUSTRALIA,0.1976931609541763,-0.2456763763833352,-0.0034905633565565967,0.018387248527066184,0.155325092853269,0.024125884469876638,0.04483849208536924,2020-05-01,Woodman Point Western Australia AUSTRALIA,Woodman Point,Western Australia,AUSTRALIA,-32.129142,115.76663
4691,2020-05-01|Woodman’s Point Western Australia AUSTRALIA,0.1976931609541763,-0.2456763763833352,-0.0034905633565565967,0.018387248527066184,0.155325092853269,0.024125884469876638,0.04483849208536924,2020-05-01,Woodman’s Point Western Australia AUSTRALIA,Woodman’s Point,Western Australia,AUSTRALIA,-32.1348873,115.7561545
4692,2020-05-01|Woolgoolga Coffs Harbour New South Wales AUSTRALIA,0.6040982898926094,-0.4374463805533086,0.04632108473138593,0.002885668972939681,0.35172104183434283,0.12370769126903554,0.10153311909135673,2020-05-01,Woolgoolga Coffs Harbour New South Wales AUSTRALIA,Woolgoolga,New South Wales,AUSTRALIA,-30.1130375,153.18379240000002
4693,2020-05-01|Woolloomooloo Sydney Harbor Estuary New South Wales AUSTRALIA,0.5595239818466818,-0.4614598276597755,0.0735379505728795,0.03307240629749196,0.33778851103564933,0.11410107818768098,0.10184706814527937,2020-05-01,Woolloomooloo Sydney Harbor Estuary New South Wales AUSTRALIA,Woolloomooloo,New South Wales,AUSTRALIA,-33.852306299999995,151.2107871
4694,2020-05-01|Woorim Beach Bribie Island Queensland AUSTRALIA,0.7060641153782659,-0.48741381137828604,0.04973909010845989,0.013487572371782844,0.40688971278905095,0.16555923837355638,0.12268186439788682,2020-05-01,Woorim Beach Bribie Island Queensland AUSTRALIA,Woorim Beach,Queensland,AUSTRALIA,-27.060907899999997,153.2006374
4695,2020-05-01|Woy Woy New South Wales AUSTRALIA,0.5644778337320137,-0.4615876864435041,0.07512763972331266,0.033366332058856626,0.33960713936120257,0.11533300910509928,0.10239540521700415,2020-05-01,Woy Woy New South Wales AUSTRALIA,Woy Woy,New South Wales,AUSTRALIA,-33.49,151.32
4696,2020-05-01|Woy Woy on the Brisbane Waters New South Wales AUSTRALIA,0.5644778337320137,-0.4615876864435041,0.07512763972331266,0.033366332058856626,0.33960713936120257,0.11533300910509928,0.10239540521700415,2020-05-01,Woy Woy on the Brisbane Waters New South Wales AUSTRALIA,Woy Woy on the Brisbane Waters,New South Wales,AUSTRALIA,-33.49,151.32
4697,2020-05-01|Wreck Point Abrolhos Islands Western Australia AUSTRALIA,0.2152007231388682,-0.24153659462726473,0.006872446156915778,0.02160322088437272,0.15813004359115143,0.025005110686139455,0.042262031833836936,2020-05-01,Wreck Point Abrolhos Islands Western Australia AUSTRALIA,Wreck Point,Western Australia,AUSTRALIA,-28.3001002,113.59516979999998
4698,2020-05-01|Wreck of paddle steamer Koputai 6 km off Bondi Beach New South Wales AUSTRALIA,0.5595402499365973,-0.46145449873417177,0.07354744378523188,0.0330826890078331,0.33779216199006784,0.11410354470192423,0.10184816894945509,2020-05-01,Wreck of paddle steamer Koputai 6 km off Bondi Beach New South Wales AUSTRALIA,Wreck of paddle steamer,New South Wales,AUSTRALIA,-33.8914755,151.2766845
4699,2020-05-01|Wrights Bay South Australia AUSTRALIA,0.21306882610372743,-0.29064421765444903,-0.02364391319782645,-0.012067123147883028,0.1998921282152968,0.039956862922440654,0.06321144114987465,2020-05-01,Wrights Bay South Australia AUSTRALIA,Wrights Bay,South Australia,AUSTRALIA,-37.033055600000004,139.7411111
4700,2020-05-01|Wurtulla Queensland AUSTRALIA,0.6345322490134422,-0.4205052754067996,0.02825525212627611,-0.03238993969674458,0.36595447241958917,0.13392267588389986,0.10564195658129864,2020-05-01,Wurtulla Queensland AUSTRALIA,Wurtulla,Queensland,AUSTRALIA,-26.756999999999998,153.126
4701,2020-05-01|Wyargine Point Edwards Beach Balmoral Beach Sydney New South Wales AUSTRALIA,0.5610659484936477,-0.4616442063433277,0.07389262855804633,0.0326953757121015,0.3383554795715908,0.11448443055612119,0.10201801559088437,2020-05-01,Wyargine Point Edwards Beach Balmoral Beach Sydney New South Wales AUSTRALIA,Wyargine Point,New South Wales,AUSTRALIA,-33.8200713,151.2505994
4702,2020-05-01|Wynnum-Manley Queensland AUSTRALIA,0.8557923171906324,-0.5601707232822244,0.12458761349716235,0.20952475513281374,0.5279572273757335,0.278738833938272,0.15918509350560547,2020-05-01,Wynnum-Manley Queensland AUSTRALIA,Wynnum-Manley,Queensland,AUSTRALIA,-27.45,153.183333
4703,2020-05-01|Wynyard Tasmania AUSTRALIA,1.2277757461733758,-1.1139451613461924,0.25108622215623105,0.3976327559587104,0.8508076708407318,0.7238736927614311,0.24560701889424752,2020-05-01,Wynyard Tasmania AUSTRALIA,Wynyard,Tasmania,AUSTRALIA,-41.0,145.7166671
4704,2020-05-01|Yallingup Western Australia AUSTRALIA,0.21199277873101693,-0.2793998108875258,-0.0010306830176457574,0.03311423461222905,0.17646099112173577,0.031138481387665316,0.05093990036280116,2020-05-01,Yallingup Western Australia AUSTRALIA,Yallingup,Western Australia,AUSTRALIA,-33.6726029,115.0308297
4705,2020-05-01|Yandaran Beach Queensland AUSTRALIA,0.8397775804567078,-0.6336060076535804,0.08376858962010296,0.09912276399601208,0.540074233098453,0.29168017725688217,0.15590600193088627,2020-05-01,Yandaran Beach Queensland AUSTRALIA,Yandaran Beach,Queensland,AUSTRALIA,-24.608613199999997,152.13039619999998
4706,2020-05-01|Yeppoon Queensland AUSTRALIA,1.4085939902100508,-1.1139140363723992,0.24394738235428157,0.2129568394388315,0.8045633301193398,0.6473221521727217,0.24258497146224525,2020-05-01,Yeppoon Queensland AUSTRALIA,Yeppoon,Queensland,AUSTRALIA,-23.133333,150.73333300000002
4707,2020-05-01|Yeppoon near Ross Creek Queensland AUSTRALIA,1.4085934503282036,-1.113913490889607,0.24394931491122318,0.21295997532864108,0.8045643461196488,0.6473237870469379,0.2425852777978645,2020-05-01,Yeppoon near Ross Creek Queensland AUSTRALIA,Yeppoon,Queensland,AUSTRALIA,-23.153185999999998,150.74771280000002
4708,2020-05-01|Yorkey’s Knob Beach near Cairns Queensland AUSTRALIA,0.7953790228141859,-0.4578591127982007,0.15836249119090373,0.0854463181471825,0.4232392483741873,0.17913146136434702,0.12761143485538326,2020-05-01,Yorkey’s Knob Beach near Cairns Queensland AUSTRALIA,Yorkey’s Knob Beach near Cairns,Queensland,AUSTRALIA,-16.8182895,145.7326612
4709,2020-05-01|near Schouten Island Tasmania AUSTRALIA,0.39375953076290293,-0.45417067359719604,0.060098303314427254,0.09906416757166303,0.27336195952976633,0.07472676091795362,0.07891280046035709,2020-05-01,near Schouten Island Tasmania AUSTRALIA,near Schouten Island,Tasmania,AUSTRALIA,-42.317857000000004,148.281927
4710,2020-05-02|1 km off Blacks Beach Queensland AUSTRALIA,1.9111174475106096,-1.7600634467645335,0.11944982882101697,0.09897674368660304,1.2591661097492592,1.5854992919410835,0.3492298440790363,2020-05-02,1 km off Blacks Beach Queensland AUSTRALIA,1 km off Black's Beach,Queensland,AUSTRALIA,-21.062778,149.1875
4711,2020-05-02|10 miles off Nambucca Heads onboard trawler New South Wales AUSTRALIA,0.6304788132046263,-0.5026499825445574,0.10643537445196262,0.1980003289408098,0.37803775530922545,0.14291254443923782,0.11398267190444417,2020-05-02,10 miles off Nambucca Heads onboard trawler New South Wales AUSTRALIA,10 miles off Nambucca Heads onboard trawler,New South Wales,AUSTRALIA,-30.6419702,152.9978834
4712,2020-05-02|15 km north of Lancelin north of Perth Western Australia AUSTRALIA,0.16930949555910996,-0.23986676689605962,0.017609656176922308,0.0678082573197007,0.13584179674300922,0.018452993742369028,0.033960449185752306,2020-05-02,15 km north of Lancelin north of Perth Western Australia AUSTRALIA,15 km north of Lancelin,Western Australia,AUSTRALIA,-31.045409799999998,115.35327749999999
4713,2020-05-02|15 miles off shore New South Wales AUSTRALIA,0.5863196905257039,-0.51450093014845,0.09788082521918721,0.19111527690015073,0.3672543636893014,0.13487576764883366,0.11073135699801229,2020-05-02,15 miles off shore New South Wales AUSTRALIA,1.5 miles off shore,New South Wales,AUSTRALIA,-31.2532183,146.921099
4714,2020-05-02|15 miles up the Cataract River New South Wales AUSTRALIA,0.5776464017003551,-0.5136967656179181,0.09454841055385313,0.18392181524109802,0.36394715931933447,0.132457534776613,0.10973419736163009,2020-05-02,15 miles up the Cataract River New South Wales AUSTRALIA,15 miles up the Cataract River,New South Wales,AUSTRALIA,-34.229766399999995,150.7616844
4715,2020-05-02|150 yards from the pier at Lorne Victoria AUSTRALIA,0.7100110429210266,-0.7771218106205362,0.09022964882449218,0.16723262259449673,0.43840148472725654,0.19219586181106293,0.1215906948018205,2020-05-02,150 yards from the pier at Lorne Victoria AUSTRALIA,150 yards from the pier at Lorne,Victoria,AUSTRALIA,-38.5366556,143.97154840000002
4716,2020-05-02|18 km west of Bunbury Western Australia AUSTRALIA,0.19007305208213104,-0.2584884853709438,0.019740934593898102,0.09391433611198893,0.15732942336982514,0.024752547457881684,0.04062228243864992,2020-05-02,18 km west of Bunbury Western Australia AUSTRALIA,18 km west of Bunbury,Western Australia,AUSTRALIA,-33.3209971,115.63834820000001
4717,2020-05-02|18 miles south of Port Augusta South Australia AUSTRALIA,0.4483137793150062,-0.5690269123481687,-0.07494885013515348,-0.02878861445617917,0.38853961022150757,0.15096302871108103,0.1228670129494003,2020-05-02,18 miles south of Port Augusta South Australia AUSTRALIA,18 miles south of Port Augusta,South Australia,AUSTRALIA,-32.495233899999995,137.78943940000002
4718,2020-05-02|20 k off The Spit off the Gold Coast Queensland AUSTRALIA,0.6669836940565901,-0.503079512198539,0.10425330253574638,0.2047917731011568,0.38988948858849465,0.15201381331179792,0.11755610394105365,2020-05-02,20 k off The Spit off the Gold Coast Queensland AUSTRALIA,20 k off The Spit,Queensland,AUSTRALIA,-27.9352516,153.43347680000002
4719,2020-05-02|20 miles off Sydney New South Wales AUSTRALIA,0.5823834305585353,-0.5132618475516562,0.09630114707030345,0.18781361175839492,0.3654832285966225,0.13357799038541104,0.11019733967478981,2020-05-02,20 miles off Sydney New South Wales AUSTRALIA,20 miles off Sydney,New South Wales,AUSTRALIA,-33.8688197,151.2092955
4720,2020-05-02|200 km east of Coolangatta Queensland AUSTRALIA,0.6607043255275403,-0.5008091739810506,0.10588938475960206,0.2064625172172877,0.387131048129776,0.14987044842605896,0.11672440284940769,2020-05-02,200 km east of Coolangatta Queensland AUSTRALIA,200 km east of Coolangatta,Queensland,AUSTRALIA,-28.166666999999997,153.533333
4721,2020-05-02|200 miles offshore Queensland AUSTRALIA,1.5062810564425784,-1.2193240252785724,0.18020248688874474,0.19610483855372857,1.0396128936199003,1.0807949685807423,0.31345508139571565,2020-05-02,200 miles offshore Queensland AUSTRALIA,200 miles offshore,Queensland,AUSTRALIA,-20.9175738,142.7027956
4722,2020-05-02|26 nautical miles out to sea off Lake Macquarie New South Wales AUSTRALIA,0.6254460020896512,-0.5089357140297992,0.1045514735811392,0.2039755385557704,0.3781116775116103,0.142968440670644,0.11400496028707936,2020-05-02,26 nautical miles out to sea off Lake Macquarie New South Wales AUSTRALIA,26 nautical miles out to sea off Lake Macquarie,New South Wales,AUSTRALIA,-31.433333,152.9
4723,2020-05-02|3 km off Port Victoria Yorke Peninsula South Australia AUSTRALIA,0.2791793151744966,-0.3572244745019175,0.023311713841245054,0.08147971844009502,0.2096355564466828,0.043947066526710335,0.05602745916494259,2020-05-02,3 km off Port Victoria Yorke Peninsula South Australia AUSTRALIA,3 km off Port Victoria,South Australia,AUSTRALIA,-34.496666999999995,137.48333300000002
4724,2020-05-02|3 km west of Rottnest Island Western Australia AUSTRALIA,0.16987408457524406,-0.21791792346056527,0.0332851046523129,0.07695307955078864,0.12178189859763647,0.014830830826045012,0.031443951009211095,2020-05-02,3 km west of Rottnest Island Western Australia AUSTRALIA,3 km west of Rottnest Island,Western Australia,AUSTRALIA,-32.0063677,115.5073002
4725,2020-05-02|3 miles out to sea off Glenelg South Australia AUSTRALIA,0.21399775952584896,-0.280726497934463,0.008966286219359833,0.03641070577040004,0.18191831784138263,0.03309427436623831,0.05485043661568024,2020-05-02,3 miles out to sea off Glenelg South Australia AUSTRALIA,3 miles out to sea off Glenelg,South Australia,AUSTRALIA,-34.982,138.516
4726,2020-05-02|5 miles south of Sussex Inlet at mouth of Berara Lake New South Wales AUSTRALIA,0.5613386453702855,-0.5141253803887107,0.09003879033125034,0.1760511390028356,0.35865690715991366,0.12863477705351495,0.1081391263198877,2020-05-02,5 miles south of Sussex Inlet at mouth of Berara Lake New South Wales AUSTRALIA,5 miles south of Sussex Inlet at mouth of Berara Lake,New South Wales,AUSTRALIA,-35.206926200000005,150.5515985
4727,2020-05-02|5 nm off Cervantes Western Australia AUSTRALIA,1.5734416127330257,-1.1856311119392269,0.08504495069887093,0.11291014763827509,0.9263696538075746,0.8581607354955657,0.26741988449745185,2020-05-02,5 nm off Cervantes Western Australia AUSTRALIA,5 nm off Cervantes,Western Australia,AUSTRALIA,34.5199402,-105.87009009999998
4728,2020-05-02|50 km east of Townsville Queensland AUSTRALIA,1.1516031356384187,-0.8782440298838333,0.20300438988645655,0.21320460505097835,0.6799358375949042,0.46231274324588395,0.18858027126722943,2020-05-02,50 km east of Townsville Queensland AUSTRALIA,50 km east of Townsville,Queensland,AUSTRALIA,-19.2589635,146.8169483
4729,2020-05-02|55 miles south of Adelaide South Australia AUSTRALIA,0.21400164394713908,-0.28073321112544464,0.00896489241541054,0.03640963038387481,0.18192246648983929,0.0330957838137467,0.05485168748025459,2020-05-02,55 miles south of Adelaide South Australia AUSTRALIA,55 miles south of Adelaide,South Australia,AUSTRALIA,-34.9284989,138.6007456
4730,2020-05-02|6 km off Collendina south of Melbourne Victoria AUSTRALIA,0.5104667692218202,-0.5274959637308436,0.023561437734018337,0.012254236089327047,0.3251812647978829,0.10574285497555082,0.09387174538324033,2020-05-02,6 km off Collendina south of Melbourne Victoria AUSTRALIA,6 km off Collendina,Victoria,AUSTRALIA,-37.835,144.96
4731,2020-05-02|7 Mile Beach Gerroa New South Wales AUSTRALIA,0.5734287216241101,-0.515001001914887,0.09350331010381763,0.1829841126145175,0.36298624480192065,0.13175901391539988,0.10944447073346036,2020-05-02,7 Mile Beach Gerroa New South Wales AUSTRALIA,7 Mile Beach,New South Wales,AUSTRALIA,-34.7699,150.813133
4732,2020-05-02|7 km off Trigg surf beach Perth Western Australia AUSTRALIA,0.17532778030190158,-0.22156080212508045,0.03331277172392088,0.07646788973847227,0.12377545196247021,0.015320362508513772,0.031958684274662884,2020-05-02,7 km off Trigg surf beach Perth Western Australia AUSTRALIA,7 km off Trigg surf beach,Western Australia,AUSTRALIA,-31.8744999,115.7531233
4733,2020-05-02|A pearl farm in Roebuck Bay Western Australia AUSTRALIA,1.0089641326959984,-1.3080002268218638,0.18463935602917378,0.4103016932151543,0.719639411395741,0.5178808824340085,0.19959206135631297,2020-05-02,A pearl farm in Roebuck Bay Western Australia AUSTRALIA,A pearl farm in Roebuck Bay,Western Australia,AUSTRALIA,-18.0858333,122.28305559999998
4734,2020-05-02|Adelaide South Australia AUSTRALIA,0.21400164394713908,-0.28073321112544464,0.00896489241541054,0.03640963038387481,0.18192246648983929,0.0330957838137467,0.05485168748025459,2020-05-02,Adelaide South Australia AUSTRALIA,Adelaide,South Australia,AUSTRALIA,-34.9284989,138.6007456
4735,2020-05-02|African Reef off Geraldton Western Australia AUSTRALIA,0.19695762598583447,-0.25460348056264864,0.003662467571506142,0.04532505804641777,0.1457504367603002,0.021243189815818266,0.04042389793542568,2020-05-02,African Reef off Geraldton Western Australia AUSTRALIA,African Reef off Geraldton,Western Australia,AUSTRALIA,-28.802443,114.61852209999999
4736,2020-05-02|Albany Western Australia AUSTRALIA,0.21743188672093103,-0.2886284803096767,0.029002415603277616,0.0799497747884151,0.16206560753176688,0.026265261144640693,0.04331385554023157,2020-05-02,Albany Western Australia AUSTRALIA,Albany,Western Australia,AUSTRALIA,-35.0269344,117.8837206
4737,2020-05-02|Albany incident took place 200 metres from swimmers Western Australia AUSTRALIA,0.21743188672093103,-0.2886284803096767,0.029002415603277616,0.0799497747884151,0.16206560753176688,0.026265261144640693,0.04331385554023157,2020-05-02,Albany incident took place 200 metres from swimmers Western Australia AUSTRALIA,Albany (incident took place 200 metres from swimmers),Western Australia,AUSTRALIA,-35.0269344,117.8837206
4738,2020-05-02|Albert Park in Port Phillip Bay Victoria AUSTRALIA,0.5104667692218202,-0.5274959637308436,0.02356141774497142,0.01225481955139289,0.3251813599146895,0.10574291683596683,0.09387177284109728,2020-05-02,Albert Park in Port Phillip Bay Victoria AUSTRALIA,Albert Park in Port Phillip Bay,Victoria,AUSTRALIA,-37.8438609,144.95145359999998
4739,2020-05-02|Aldinga Beach South Australia AUSTRALIA,0.21833005644197098,-0.27708829177485395,0.006628205802241377,0.03891823779468629,0.18223600248660043,0.033209960602296244,0.054946222140211574,2020-05-02,Aldinga Beach South Australia AUSTRALIA,Aldinga Beach,South Australia,AUSTRALIA,-35.281,138.454
4740,2020-05-02|Alexandra Headland near Mooloolaba Queensland AUSTRALIA,0.6799272689125805,-0.5078226103615386,0.09756089545691954,0.16949107896615564,0.39680014904471655,0.1574503582819093,0.11963974646712949,2020-05-02,Alexandra Headland near Mooloolaba Queensland AUSTRALIA,Alexandra Headland near Mooloolaba,Queensland,AUSTRALIA,-26.673000000000002,153.101
4741,2020-05-02|Alma Bay Magnetic Island Townsville Queensland AUSTRALIA,1.1569065403219447,-0.8810317169293167,0.20684246955677116,0.22190028257600486,0.6836073116692263,0.46731895656762673,0.1895985549619606,2020-05-02,Alma Bay Magnetic Island Townsville Queensland AUSTRALIA,Alma Bay,Queensland,AUSTRALIA,-19.148322,146.868517
4742,2020-05-02|Altona Melbourne Victoria AUSTRALIA,0.5081358962210012,-0.5229392571985417,0.02517719573596378,0.013658120314131654,0.3230468136085583,0.10435924378264262,0.093255582398876,2020-05-02,Altona Melbourne Victoria AUSTRALIA,Altona,Victoria,AUSTRALIA,-37.863151200000004,144.81202180000002
4743,2020-05-02|Amity Point North Stradbroke Island Queensland AUSTRALIA,0.9143247001769534,-0.6461269080818306,0.19617267105975325,0.3315219840130102,0.547233716908254,0.299464740921223,0.1649971737832949,2020-05-02,Amity Point North Stradbroke Island Queensland AUSTRALIA,Amity Point,Queensland,AUSTRALIA,-27.397250800000002,153.45375990000002
4744,2020-05-02|Anglesea Victoria AUSTRALIA,0.7623892690716657,-0.8471962639935617,0.082546468260675,0.15581449695382504,0.479272744782848,0.22970236389168494,0.13292634278822496,2020-05-02,Anglesea Victoria AUSTRALIA,Anglesea,Victoria,AUSTRALIA,-38.4096639,144.18251709999998
4745,2020-05-02|Angourie New South Wales AUSTRALIA,0.6476058730067409,-0.5108167638591655,0.10730064281578731,0.20268275012323567,0.38626553863532026,0.1492010663372341,0.11646344191798952,2020-05-02,Angourie New South Wales AUSTRALIA,Angourie,New South Wales,AUSTRALIA,-29.479166999999997,153.359444
4746,2020-05-02|Angourie near Yamba New South Wales AUSTRALIA,0.6476290122077377,-0.5108146959364238,0.10730770118589393,0.20268106092012392,0.38627182660176923,0.14920592402626728,0.1164653378112082,2020-05-02,Angourie near Yamba New South Wales AUSTRALIA,Angourie,New South Wales,AUSTRALIA,-29.479166999999997,153.359444
4747,2020-05-02|Arakoons Little Bay New South Wales AUSTRALIA,0.5806911852597078,-0.5135079498115099,0.09505798229487206,0.18553470533066174,0.3649613734119459,0.13319680408273382,0.11003999441638308,2020-05-02,Arakoons Little Bay New South Wales AUSTRALIA,Arakoon's Little Bay,New South Wales,AUSTRALIA,-33.980540000000005,151.24301
4748,2020-05-02|Archies Beach Queensland AUSTRALIA,1.5063177154429,-1.219359595379304,0.18019994499089245,0.1960998278714208,1.0396384879712226,1.0808481856710899,0.31346279838299645,2020-05-02,Archies Beach Queensland AUSTRALIA,Archie's Beach,Queensland,AUSTRALIA,-20.9175738,142.7027956
4749,2020-05-02|Ardrossan South Australia AUSTRALIA,0.24265665982845336,-0.3081441998835956,-0.006151506663837796,-0.003076599137949946,0.1864490297121608,0.03476324068060622,0.05382319874723029,2020-05-02,Ardrossan South Australia AUSTRALIA,Ardrossan,South Australia,AUSTRALIA,-34.419107399999994,137.91780119999999
4750,2020-05-02|Arlington Reef near Cairns Queensland AUSTRALIA,0.9367384682433278,-0.6309562562030449,0.10689891499669928,0.12775555830347127,0.4914652929484373,0.24153813417289333,0.1418738095905693,2020-05-02,Arlington Reef near Cairns Queensland AUSTRALIA,Arlington Reef near Cairns,Queensland,AUSTRALIA,-16.688272899999998,146.0357725
4751,2020-05-02|Arrawarra Headland New South Wales AUSTRALIA,0.6354737057188077,-0.5042587287366661,0.10634945538387988,0.19588858685427024,0.38030262666235143,0.14463008784628387,0.11466555631142084,2020-05-02,Arrawarra Headland New South Wales AUSTRALIA,Arrawarra Headland,New South Wales,AUSTRALIA,-30.068610999999997,153.195278
4752,2020-05-02|At Flat Top near Mackay Queensland AUSTRALIA,1.9674223218494908,-1.840006145563733,0.1923182493455668,0.2568514586962915,1.3050733209808327,1.7032163731359395,0.34879551655210944,2020-05-02,At Flat Top near Mackay Queensland AUSTRALIA,At Flat Top,Queensland,AUSTRALIA,-21.162427899999997,149.24560830000001
4753,2020-05-02|Auckland Creek Gladstone Queensland AUSTRALIA,1.1700582742829273,-0.8634866161866325,0.29623370247610326,0.3450719095611965,0.6450038801750486,0.41603000544086843,0.19447598716945363,2020-05-02,Auckland Creek Gladstone Queensland AUSTRALIA,Auckland Creek,Queensland,AUSTRALIA,-23.875737899999997,151.24061310000002
4754,2020-05-02|Austinmer New South Wales AUSTRALIA,0.5780808246351873,-0.5139941971726633,0.0944398691336917,0.18418316630037132,0.36418222534155037,0.1326286932547238,0.10980507243405295,2020-05-02,Austinmer New South Wales AUSTRALIA,Austinmer,New South Wales,AUSTRALIA,-34.306311,150.93451000000002
4755,2020-05-02|Avalon Beach New South Wales AUSTRALIA,0.5863176780776027,-0.5144990220540331,0.09788445160235515,0.1911316973554724,0.3672523002726373,0.13487425205554332,0.11073073485447946,2020-05-02,Avalon Beach New South Wales AUSTRALIA,Avalon Beach,New South Wales,AUSTRALIA,-33.6302836,151.3297698
4756,2020-05-02|Avalon Beach near Mandurah 50 miles south of Perth Western Australia AUSTRALIA,0.17461856528769915,-0.2251852508331672,0.035543057943827484,0.08360642556203782,0.12247118514487867,0.01499919119079115,0.031621924030426685,2020-05-02,Avalon Beach near Mandurah 50 miles south of Perth Western Australia AUSTRALIA,Avalon Beach,Western Australia,AUSTRALIA,-32.5933864,115.6364088
4757,2020-05-02|Avalon New South Wales AUSTRALIA,0.5862985534494662,-0.5145037913336981,0.09787379565282213,0.19111751324685933,0.36724864747533564,0.13487156907246337,0.11072963349465356,2020-05-02,Avalon New South Wales AUSTRALIA,Avalon,New South Wales,AUSTRALIA,-33.6302836,151.3297698
4758,2020-05-02|Avalon Point Manurah Western Australia AUSTRALIA,0.17477484496774498,-0.2257949986831913,0.036070405022236865,0.0838857344342154,0.12246187933180386,0.01499691188947729,0.03161952127982257,2020-05-02,Avalon Point Manurah Western Australia AUSTRALIA,Avalon Point,Western Australia,AUSTRALIA,-32.5947053,115.6329821
4759,2020-05-02|Avoca Beach New South Wales AUSTRALIA,0.5904480547715134,-0.5150398720015742,0.09854440778976593,0.193362282845525,0.36875613047494116,0.13598108376285184,0.11118415672079275,2020-05-02,Avoca Beach New South Wales AUSTRALIA,Avoca Beach,New South Wales,AUSTRALIA,-33.465,151.435
4760,2020-05-02|Backbeach Halls Head Western Australia AUSTRALIA,0.17652145337049496,-0.22627835467698518,0.035238180920070965,0.08238679031226086,0.12287079444892796,0.015097232128510704,0.03172510270906485,2020-05-02,Backbeach Halls Head Western Australia AUSTRALIA,Backbeach,Western Australia,AUSTRALIA,-32.5293276,115.6941929
4761,2020-05-02|Badger Head Tasmania AUSTRALIA,1.2469498902721816,-1.3068082582791507,0.22600499823821715,0.3897711020137773,0.8920892877512335,0.7958232973205032,0.2575239952121781,2020-05-02,Badger Head Tasmania AUSTRALIA,Badger Head,Tasmania,AUSTRALIA,-41.1291591,146.731436
4762,2020-05-02|Bald Island Western Australia AUSTRALIA,0.21814567025451218,-0.2876643413872775,0.026236324680341365,0.07676689216162741,0.16211960895788022,0.026282767608656,0.04332828802843967,2020-05-02,Bald Island Western Australia AUSTRALIA,Bald Island,Western Australia,AUSTRALIA,-34.9233188,118.46887759999998
4763,2020-05-02|Balmain Sydney Estuary New South Wales AUSTRALIA,0.5823834305585353,-0.5132618475516562,0.09630114707030345,0.18781361175839492,0.3654832285966225,0.13357799038541104,0.11019733967478981,2020-05-02,Balmain Sydney Estuary New South Wales AUSTRALIA,Balmain,New South Wales,AUSTRALIA,-33.85895,151.17906000000002
4764,2020-05-02|Bantry Bay near Ironstone Point Middle Harbor Sydney New South Wales AUSTRALIA,0.5840847827671932,-0.5138601166467909,0.0967302344491813,0.18923544981637558,0.3661959631857549,0.13409948345354278,0.11041223723908619,2020-05-02,Bantry Bay near Ironstone Point Middle Harbor Sydney New South Wales AUSTRALIA,Bantry Bay,New South Wales,AUSTRALIA,-33.7806576,151.2151164
4765,2020-05-02|Bar Beach Newcastle New South Wales AUSTRALIA,0.598396479085519,-0.5148844143107396,0.0993926234651335,0.1934949624569352,0.3714227330012802,0.1379548465901403,0.11198816763396369,2020-05-02,Bar Beach Newcastle New South Wales AUSTRALIA,Bar Beach,New South Wales,AUSTRALIA,-32.94,151.767778
4766,2020-05-02|Bargara Queensland AUSTRALIA,0.9919049822662599,-0.7415213211220636,0.2006813242794365,0.3470335274354146,0.6033642402570049,0.3640484064209127,0.18192116335003036,2020-05-02,Bargara Queensland AUSTRALIA,Bargara,Queensland,AUSTRALIA,-24.8312314,152.4592208
4767,2020-05-02|Barren Joey Island Tasmania AUSTRALIA,1.2421569129767591,-1.270275878377138,0.1719714720380798,0.340339972180779,0.860863445870021,0.7410858724352065,0.25956009506211686,2020-05-02,Barren Joey Island Tasmania AUSTRALIA,Barren Joey Island,Tasmania,AUSTRALIA,-40.94228579999999,146.98485580000002
4768,2020-05-02|Barrier Reef Queensland AUSTRALIA,0.9291141099182499,-0.5990093953959843,0.1367569506188705,0.1735839326771137,0.4786853529939037,0.22913966717089818,0.13818455870408067,2020-05-02,Barrier Reef Queensland AUSTRALIA,Barrier Reef,Queensland,AUSTRALIA,-18.2870668,147.6991918
4769,2020-05-02|Barrier Reef off Mackay Queensland AUSTRALIA,1.9432951244433037,-1.8127322000477661,0.09936490566870079,0.0788950759633105,1.290151634262812,1.6644912393910047,0.357823682342941,2020-05-02,Barrier Reef off Mackay Queensland AUSTRALIA,Barrier Reef off Mackay,Queensland,AUSTRALIA,-21.1424956,149.1821469
4770,2020-05-02|Barrow Passage Western Australia AUSTRALIA,0.3743379916480942,-0.46539973036504473,0.006184295726853738,0.03073336613748912,0.24597491896766402,0.06050366076114888,0.06573956232260585,2020-05-02,Barrow Passage Western Australia AUSTRALIA,Barrow Passage,Western Australia,AUSTRALIA,-20.780434200000002,115.4022706
4771,2020-05-02|Barrow Point 100 miles north of Cooktown Queensland Queensland AUSTRALIA,0.9265698868641208,-0.6475491990495676,0.08850019896280976,0.10315569978490749,0.49428758452125987,0.24432021621186165,0.14268853499021966,2020-05-02,Barrow Point 100 miles north of Cooktown Queensland Queensland AUSTRALIA,Barrow Point,Queensland,AUSTRALIA,-15.4758164,145.2470981
4772,2020-05-02|Bass Point New South Wales AUSTRALIA,0.5740573154512552,-0.5135578061825635,0.09422603826482355,0.1835257473852394,0.3627701692241179,0.13160219567889514,0.10937932149546664,2020-05-02,Bass Point New South Wales AUSTRALIA,Bass Point,New South Wales,AUSTRALIA,-34.5959607,150.9018394
4773,2020-05-02|Batemans Bay New South Wales AUSTRALIA,0.5569042154356558,-0.5131647325781797,0.08948230461394434,0.17358561964968558,0.35693469138133227,0.12740237391148693,0.1076198587248346,2020-05-02,Batemans Bay New South Wales AUSTRALIA,Bateman's Bay,New South Wales,AUSTRALIA,-35.7143871,150.1794707
4774,2020-05-02|Bathurst Reef Rottnest Island Western Australia AUSTRALIA,0.17124692697376154,-0.21872266279867095,0.03318290802743807,0.07672783481776939,0.12202954377985342,0.014891209555119163,0.031507892720310744,2020-05-02,Bathurst Reef Rottnest Island Western Australia AUSTRALIA,Bathurst Reef,Western Australia,AUSTRALIA,-31.989356899999997,115.5407453
4775,2020-05-02|Batt Reef Queensland AUSTRALIA,0.9593527337413051,-0.6582155675695839,0.10016965110388336,0.11683278232517105,0.5080891717029635,0.2581546064018036,0.14667271002752,2020-05-02,Batt Reef Queensland AUSTRALIA,Batt Reef,Queensland,AUSTRALIA,-16.415952800000003,145.7710071
4776,2020-05-02|Beechford Tasmania AUSTRALIA,1.2490643873060938,-1.286873655274279,0.1633337435143183,0.3308040758192416,0.8722813011321995,0.7608746683048828,0.2630027079544106,2020-05-02,Beechford Tasmania AUSTRALIA,Beechford,Tasmania,AUSTRALIA,-41.042725299999994,146.9720846
4777,2020-05-02|Beecroft Head New South Wales AUSTRALIA,0.5692933399208788,-0.5149368534816392,0.09184041799861573,0.18125796601959127,0.36149861991100946,0.1306812521975645,0.10899593495237438,2020-05-02,Beecroft Head New South Wales AUSTRALIA,Beecroft Head,New South Wales,AUSTRALIA,-35.0135426,150.84937340000002
4778,2020-05-02|Belfast now Port Fairy South Australia AUSTRALIA,0.1820540445230083,-0.27423006708104253,0.02461591326484478,0.08336647549486838,0.15928190997415748,0.02537072684501561,0.04417685335889722,2020-05-02,Belfast now Port Fairy South Australia AUSTRALIA,Belfast (now Port Fairy),South Australia,AUSTRALIA,-38.3860016,142.2356621
4779,2020-05-02|Bellambi New South Wales AUSTRALIA,0.5776464017003551,-0.5136967656179181,0.09454841055385313,0.18392181524109802,0.36394715931933447,0.132457534776613,0.10973419736163009,2020-05-02,Bellambi New South Wales AUSTRALIA,Bellambi,New South Wales,AUSTRALIA,-34.366667,150.916667
4780,2020-05-02|Bellambi Reef New South Wales AUSTRALIA,0.5776464017003551,-0.5136967656179181,0.09454841055385313,0.18392181524109802,0.36394715931933447,0.132457534776613,0.10973419736163009,2020-05-02,Bellambi Reef New South Wales AUSTRALIA,Bellambi Reef,New South Wales,AUSTRALIA,-34.373611100000005,150.93472219999998
4781,2020-05-02|Bellingen New South Wales AUSTRALIA,0.6305034271334666,-0.5018513411876786,0.1063135686880194,0.1970345996055447,0.37780979544982535,0.14274024153783887,0.11391393942072668,2020-05-02,Bellingen New South Wales AUSTRALIA,Bellingen,New South Wales,AUSTRALIA,-30.4522423,152.8979566
4782,2020-05-02|Bellinger Head New South Wales AUSTRALIA,0.6304831845347382,-0.5018549171510382,0.10630379004653236,0.19702372482349462,0.3778055267898545,0.1427370160729595,0.11391265237131933,2020-05-02,Bellinger Head New South Wales AUSTRALIA,Bellinger Head,New South Wales,AUSTRALIA,-30.502025699999997,153.02505980000004
4783,2020-05-02|Bells Beach Victoria AUSTRALIA,0.790291462240813,-0.8855927708111426,0.07699459247237377,0.14563746148791454,0.501688652225617,0.2516915037719561,0.13914339691676025,2020-05-02,Bells Beach Victoria AUSTRALIA,Bells Beach,Victoria,AUSTRALIA,-38.366944000000004,144.284722
4784,2020-05-02|Bellynahinch on the Manning River New South Wales AUSTRALIA,0.6186200689631266,-0.5144222303965984,0.10292168563256307,0.20307034874566324,0.37767343087088295,0.1426372203857836,0.11387282395317698,2020-05-02,Bellynahinch on the Manning River New South Wales AUSTRALIA,"""Bellynahinch"" on the Manning River",New South Wales,AUSTRALIA,-31.8518472,152.10067469999998
4785,2020-05-02|Belongil Bay New South Wales AUSTRALIA,0.6531466600633705,-0.4974105066653399,0.10571698203373328,0.20178633465749232,0.3836575977102898,0.14719315228083055,0.1156771181431042,2020-05-02,Belongil Bay New South Wales AUSTRALIA,Belongil Bay,New South Wales,AUSTRALIA,-28.633732799999997,153.6003455
4786,2020-05-02|Belongil Beach Byron Bay New South Wales AUSTRALIA,0.6531466600633705,-0.4974105066653399,0.10571698203373328,0.20178633465749232,0.3836575977102898,0.14719315228083055,0.1156771181431042,2020-05-02,Belongil Beach Byron Bay New South Wales AUSTRALIA,Belongil Beach,New South Wales,AUSTRALIA,-28.633732799999997,153.6003455
4787,2020-05-02|Bermagui New South Wales AUSTRALIA,0.5524748209279915,-0.5141437468162384,0.08751906546037798,0.17251035175076102,0.3555316649612333,0.12640276479010665,0.10719683034243242,2020-05-02,Bermagui New South Wales AUSTRALIA,Bermagui,New South Wales,AUSTRALIA,-36.4433701,150.061362
4788,2020-05-02|Bernier Island Shark Bay Western Australia AUSTRALIA,0.2551395629804997,-0.29986450717741964,0.014138480551780136,0.029935648033600562,0.17428548772445446,0.030375431231350968,0.04657975589655029,2020-05-02,Bernier Island Shark Bay Western Australia AUSTRALIA,Bernier Island,Western Australia,AUSTRALIA,-24.8504267,113.1381998
4789,2020-05-02|Berrys Bay Sydney Harbour New South Wales AUSTRALIA,0.5824054490675159,-0.5132589840766711,0.09630846110803176,0.18781211917555396,0.3654892393686267,0.1335823840942573,0.11019915199073874,2020-05-02,Berrys Bay Sydney Harbour New South Wales AUSTRALIA,Berry's Bay,New South Wales,AUSTRALIA,-33.8462182,151.2488616
4790,2020-05-02|Between Bay Rock & Magnetic Island Cleveland Bay Queensland AUSTRALIA,1.156296747773367,-0.8828127385940421,0.20555844713254587,0.21910786444082028,0.6835630305334089,0.46725841671201823,0.18958627358459712,2020-05-02,Between Bay Rock & Magnetic Island Cleveland Bay Queensland AUSTRALIA,Between Bay Rock & Magnetic Island,Queensland,AUSTRALIA,-19.2180556,146.9222222
4791,2020-05-02|Between Carnac and Garden Islands Western Australia AUSTRALIA,0.1754667053208247,-0.22250948520524108,0.03360004940675199,0.07757943545884116,0.12332910023782727,0.015210066965472046,0.03184343675492334,2020-05-02,Between Carnac and Garden Islands Western Australia AUSTRALIA,Between Carnac and Garden Islands,Western Australia,AUSTRALIA,-32.204325399999995,115.67762739999999
4792,2020-05-02|Between De Grey River and Port Walcott Western Australia AUSTRALIA,0.7820605612084479,-1.0235221900309355,0.10726047827135154,0.24981485681440907,0.5760314584487557,0.33181224112260055,0.15395088296563952,2020-05-02,Between De Grey River and Port Walcott Western Australia AUSTRALIA,Between De Grey River and Port Walcott,Western Australia,AUSTRALIA,-20.342612,118.6718706
4793,2020-05-02|Between Dee Why and Long Reef New South Wales AUSTRALIA,0.5840637203673721,-0.5138629816464426,0.09672322528723175,0.18923768800568008,0.3661902641181049,0.13409530953488744,0.1104105189055362,2020-05-02,Between Dee Why and Long Reef New South Wales AUSTRALIA,Between Dee Why and Long Reef,New South Wales,AUSTRALIA,-33.746083399999996,151.30407160000001
4794,2020-05-02|Between Port Arthur Penal Colony & Forestier Peninsula Tasmania AUSTRALIA,0.3825996829329246,-0.4448806258665379,0.025484172645499462,0.0032560316427179097,0.26238834167258906,0.06884764184569134,0.07911306169923198,2020-05-02,Between Port Arthur Penal Colony & Forestier Peninsula Tasmania AUSTRALIA,Between Port Arthur Penal Colony & Forestier Peninsula,Tasmania,AUSTRALIA,-43.177459999999996,147.8420491
4795,2020-05-02|Between Queensland AUSTRALIA,1.5063177154429,-1.219359595379304,0.18019994499089245,0.1960998278714208,1.0396384879712226,1.0808481856710899,0.31346279838299645,2020-05-02,Between Queensland AUSTRALIA,Between,Queensland,AUSTRALIA,-20.9175738,142.7027956
4796,2020-05-02|Between Smith’s Rock & Moreton Island Queensland AUSTRALIA,0.8337462626306619,-0.6794717801432261,0.1310324211918519,0.18261314499881107,0.5349540537562013,0.2861758396301928,0.1544279334701122,2020-05-02,Between Smith’s Rock & Moreton Island Queensland AUSTRALIA,Between Smith’s Rock & Moreton Island,Queensland,AUSTRALIA,-27.178901,153.3730896
4797,2020-05-02|Between Wynnum & St Helena Island Queensland AUSTRALIA,0.914574903349128,-0.651460554774797,0.18114605430748315,0.3172523072072812,0.5492525734327076,0.3016783894224519,0.16560588192849252,2020-05-02,Between Wynnum & St Helena Island Queensland AUSTRALIA,Between Wynnum & St. Helena Island,Queensland,AUSTRALIA,-27.391666700000002,153.2327778
4798,2020-05-02|Bherwerre Beach New South Wales AUSTRALIA,0.5623138429452728,-0.5147153933282859,0.09011555598897375,0.1764958384271482,0.3592115898414306,0.12903296627640815,0.10830636944100587,2020-05-02,Bherwerre Beach New South Wales AUSTRALIA,Bherwerre Beach,New South Wales,AUSTRALIA,-35.163734600000005,150.6497392
4799,2020-05-02|Bilgola Beach Sydney New South Wales AUSTRALIA,0.5862975465720283,-0.5145037913336981,0.0978734772279972,0.19111676769885505,0.36724832094722887,0.13487132923855882,0.11072953504272505,2020-05-02,Bilgola Beach Sydney New South Wales AUSTRALIA,Bilgola Beach,New South Wales,AUSTRALIA,-33.6444858,151.3275826
4800,2020-05-02|Binalong Bay Tasmania AUSTRALIA,0.4759784597389362,-0.4935962169614982,0.08013978011325197,0.1830219895804267,0.32371009786700355,0.104788227461065,0.0976022668612797,2020-05-02,Binalong Bay Tasmania AUSTRALIA,Binalong Bay,Tasmania,AUSTRALIA,-41.249126399999994,148.2928957
4801,2020-05-02|Binningup Western Australia AUSTRALIA,0.18506501710533677,-0.2532478208128768,0.007874905933390295,0.06466231244259853,0.15249825509133583,0.023255717805902132,0.04075687304518811,2020-05-02,Binningup Western Australia AUSTRALIA,Binningup,Western Australia,AUSTRALIA,-33.135769399999994,115.72061599999999
4802,2020-05-02|Birubi Point New South Wales AUSTRALIA,0.5989585471387109,-0.5146433884230835,0.09881167985759932,0.19266690000918607,0.3714910262519891,0.13800558258575607,0.11200875882381052,2020-05-02,Birubi Point New South Wales AUSTRALIA,Birubi Point,New South Wales,AUSTRALIA,-32.7884091,152.08031430000003
4803,2020-05-02|Black Head south of Taree New South Wales AUSTRALIA,0.6186211353757041,-0.5144222303965984,0.10292200310491063,0.20307103194211665,0.37767377296089716,0.1426374787825193,0.11387292709719712,2020-05-02,Black Head south of Taree New South Wales AUSTRALIA,Black Head,New South Wales,AUSTRALIA,-31.8894897,152.4444453
4804,2020-05-02|Black Point Eyre Peninsula South Australia AUSTRALIA,0.24334382360446385,-0.3046161943291422,-0.005697754823760626,0.001995319939574476,0.18832240194448366,0.03546532707413966,0.054363994728542274,2020-05-02,Black Point Eyre Peninsula South Australia AUSTRALIA,Black Point,South Australia,AUSTRALIA,-34.6106775,137.8773175
4805,2020-05-02|Black Point South Australia AUSTRALIA,0.24334382360446385,-0.3046161943291422,-0.005697754823760626,0.001995319939574476,0.18832240194448366,0.03546532707413966,0.054363994728542274,2020-05-02,Black Point South Australia AUSTRALIA,Black Point,South Australia,AUSTRALIA,-34.6106775,137.8773175
4806,2020-05-02|Black’s Beach 9 miles north of Mackay Queensland AUSTRALIA,1.9111045198278904,-1.7600585363288448,0.11945334660322134,0.09898804409396911,1.259161605224844,1.585487948072406,0.34922859474874773,2020-05-02,Black’s Beach 9 miles north of Mackay Queensland AUSTRALIA,Black’s Beach,Queensland,AUSTRALIA,-21.062778,149.1875
4807,2020-05-02|Blairgowrie Victoria AUSTRALIA,0.8292751894438795,-0.9512531244333299,0.05577738426291846,0.1016436778618491,0.5381554426229261,0.2896112804246776,0.14925746481130608,2020-05-02,Blairgowrie Victoria AUSTRALIA,Blairgowrie,Victoria,AUSTRALIA,-38.36,144.769
4808,2020-05-02|Blue Bay New South Wales AUSTRALIA,0.5918107186024519,-0.5150095313863136,0.09855868351524082,0.19351727826416326,0.3692049404195992,0.13631228803023981,0.11131947801066647,2020-05-02,Blue Bay New South Wales AUSTRALIA,Blue Bay,New South Wales,AUSTRALIA,-33.353,151.501
4809,2020-05-02|Boarding School Bay Victoria AUSTRALIA,0.5081358962210012,-0.5229392571985417,0.02517719573596378,0.013658120314131654,0.3230468136085583,0.10435924378264262,0.093255582398876,2020-05-02,Boarding School Bay Victoria AUSTRALIA,Boarding School Bay,Victoria,AUSTRALIA,-37.471307700000004,144.7851531
4810,2020-05-02|Boat Harbour north of Cronulla New South Wales AUSTRALIA,0.5992848270833244,-0.5142596263776963,0.09874756629996399,0.1927016493418442,0.3714580116213111,0.1379810543976581,0.11199880453812405,2020-05-02,Boat Harbour north of Cronulla New South Wales AUSTRALIA,Boat Harbour,New South Wales,AUSTRALIA,-32.7844827,152.110421
4811,2020-05-02|Bombo Beach New South Wales AUSTRALIA,0.5740380588476379,-0.513562766066335,0.09421530686285468,0.1835111655242321,0.3627665060090387,0.1315995378820059,0.10937821699456263,2020-05-02,Bombo Beach New South Wales AUSTRALIA,Bombo Beach,New South Wales,AUSTRALIA,-34.656041200000004,150.8556659
4812,2020-05-02|Bondi Beach New South Wales AUSTRALIA,0.5824034480029137,-0.5132570744595748,0.09631207574315415,0.1878285591626247,0.3654871823873735,0.1335808804894612,0.11019853178755531,2020-05-02,Bondi Beach New South Wales AUSTRALIA,Bondi Beach,New South Wales,AUSTRALIA,-33.8914755,151.2766845
4813,2020-05-02|Bondi Beach Sydney New South Wales AUSTRALIA,0.5823844317231436,-0.5132618475516562,0.09630146469373814,0.1878143581978203,0.3654835533493458,0.1335782277688641,0.11019743759142006,2020-05-02,Bondi Beach Sydney New South Wales AUSTRALIA,Bondi Beach,New South Wales,AUSTRALIA,-33.8914755,151.2766845
4814,2020-05-02|Bondi New South Wales AUSTRALIA,0.5823844317231436,-0.5132618475516562,0.09630146469373814,0.1878143581978203,0.3654835533493458,0.1335782277688641,0.11019743759142006,2020-05-02,Bondi New South Wales AUSTRALIA,Bondi,New South Wales,AUSTRALIA,-33.89195,151.26099
4815,2020-05-02|Bondi Sydney New South Wales AUSTRALIA,0.5823844317231436,-0.5132618475516562,0.09630146469373814,0.1878143581978203,0.3654835533493458,0.1335782277688641,0.11019743759142006,2020-05-02,Bondi Sydney New South Wales AUSTRALIA,Bondi,New South Wales,AUSTRALIA,-33.89195,151.26099
4816,2020-05-02|Boot Reef Torres Strait Queensland AUSTRALIA,0.9607399679386346,-1.558033247429574,0.08405304344063574,0.39197026391503087,0.8614147612424323,0.7420353908863566,0.259726322901339,2020-05-02,Boot Reef Torres Strait Queensland AUSTRALIA,Boot Reef,Queensland,AUSTRALIA,-10.2199025,141.93685449999998
4817,2020-05-02|Booti Booti National Park New South Wales AUSTRALIA,0.6120761249192441,-0.5158594511704236,0.10201333866836607,0.20349955559026367,0.3759799311478466,0.14136090862593947,0.11336221457464223,2020-05-02,Booti Booti National Park New South Wales AUSTRALIA,Booti Booti National Park,New South Wales,AUSTRALIA,-32.312709600000005,152.5179343
4818,2020-05-02|Botany Bay New South Wales AUSTRALIA,0.579143377968811,-0.5131726232275894,0.0948662754666035,0.18468807729118672,0.36436157996733043,0.13275936095628935,0.10985914988842814,2020-05-02,Botany Bay New South Wales AUSTRALIA,Botany Bay,New South Wales,AUSTRALIA,-33.9930374,151.175278
4819,2020-05-02|Botany Bay Sydney New South Wales AUSTRALIA,0.5791623360825713,-0.5131678334348582,0.09487686601979295,0.18470231066167245,0.36436518822275576,0.13276199038860426,0.10986023781837301,2020-05-02,Botany Bay Sydney New South Wales AUSTRALIA,Botany Bay,New South Wales,AUSTRALIA,-33.9930374,151.175278
4820,2020-05-02|Botany Bay? New South Wales AUSTRALIA,0.5791623360825713,-0.5131678334348582,0.09487686601979295,0.18470231066167245,0.36436518822275576,0.13276199038860426,0.10986023781837301,2020-05-02,Botany Bay? New South Wales AUSTRALIA,Botany Bay?,New South Wales,AUSTRALIA,-33.9930374,151.175278
4821,2020-05-02|Bowen Queensland AUSTRALIA,1.174346221544692,-0.7933138583267192,0.1703070246463724,0.3078593183611549,0.6424257932611148,0.41271089984717263,0.17817685679104445,2020-05-02,Bowen Queensland AUSTRALIA,Bowen,Queensland,AUSTRALIA,-20.012102399999996,148.24627900000002
4822,2020-05-02|Boyup Brook Western Australia AUSTRALIA,0.19087430508006267,-0.2615045251709779,0.019309425096479555,0.09489333627968134,0.1591390338266542,0.025325232087280995,0.04108952184947803,2020-05-02,Boyup Brook Western Australia AUSTRALIA,Boyup Brook,Western Australia,AUSTRALIA,-33.829471500000004,116.3841139
4823,2020-05-02|Bradleys Head Sydney New South Wales AUSTRALIA,0.584062717054774,-0.5138629816464426,0.09672290735620859,0.18923694184376844,0.36618993836986796,0.13409507096332768,0.11041042068874729,2020-05-02,Bradleys Head Sydney New South Wales AUSTRALIA,Bradleys Head,New South Wales,AUSTRALIA,-33.843012,151.2441915
4824,2020-05-02|Bramble Reef Queensland AUSTRALIA,1.0914701218204677,-0.7804125680290436,0.12321779745904361,0.1552516128860384,0.594720456955242,0.3536924219210519,0.1716810079578431,2020-05-02,Bramble Reef Queensland AUSTRALIA,Bramble Reef,Queensland,AUSTRALIA,-18.4082815,146.70503100000002
4825,2020-05-02|Bribie Island Queensland AUSTRALIA,0.7166208750280098,-0.5614754330043208,0.07931014260210506,0.1219987971074274,0.4276757443294045,0.18290654228771014,0.12894908871605462,2020-05-02,Bribie Island Queensland AUSTRALIA,Bribie Island,Queensland,AUSTRALIA,-26.986100300000004,153.1325243
4826,2020-05-02|Bribie Passage Caloundra Queensland AUSTRALIA,0.6844188354606109,-0.512971321876339,0.09645808806975174,0.16629511828823176,0.40007582066531555,0.16006066228102575,0.12062739862185153,2020-05-02,Bribie Passage Caloundra Queensland AUSTRALIA,Bribie Passage,Queensland,AUSTRALIA,-26.804309999999997,153.128613
4827,2020-05-02|Brible Island Queensland AUSTRALIA,0.7166208750280098,-0.5614754330043208,0.07931014260210506,0.1219987971074274,0.4276757443294045,0.18290654228771014,0.12894908871605462,2020-05-02,Brible Island Queensland AUSTRALIA,Brible Island,Queensland,AUSTRALIA,-26.986100300000004,153.1325243
4828,2020-05-02|Bridport Tasmania AUSTRALIA,1.2337021027709487,-1.2062874178916396,0.2194611020098276,0.39234104781434,0.8244788602351095,0.6797653909745852,0.24858972972542992,2020-05-02,Bridport Tasmania AUSTRALIA,Bridport,Tasmania,AUSTRALIA,-41.014520700000006,147.4070438
4829,2020-05-02|Brighton Beach Adelaide South Australia AUSTRALIA,0.2140262358880705,-0.2807220220232179,0.008970039525081623,0.0364114221133771,0.1819190538417295,0.03309454215067007,0.054850658528134436,2020-05-02,Brighton Beach Adelaide South Australia AUSTRALIA,Brighton Beach,South Australia,AUSTRALIA,-35.0244116,138.51712980000002
4830,2020-05-02|Brighton Victoria AUSTRALIA,0.5104667692218202,-0.5274959637308436,0.02356141774497142,0.01225481955139289,0.3251813599146895,0.10574291683596683,0.09387177284109728,2020-05-02,Brighton Victoria AUSTRALIA,Brighton,Victoria,AUSTRALIA,-37.9043383,144.9931825
4831,2020-05-02|Brisbane Queensland AUSTRALIA,0.9384575798227051,-0.6654929939132238,0.2648404079241413,0.3008474173024184,0.506024347931321,0.2560606406993186,0.15257208153385868,2020-05-02,Brisbane Queensland AUSTRALIA,Brisbane,Queensland,AUSTRALIA,-27.469770699999998,153.0251235
4832,2020-05-02|Brisbane River Queensland AUSTRALIA,0.6799038720913322,-0.5078237980722429,0.09755444156435239,0.16949229019451878,0.396794023098302,0.1574454967665358,0.11963789942478922,2020-05-02,Brisbane River Queensland AUSTRALIA,Brisbane River,Queensland,AUSTRALIA,-26.895106800000004,152.318608
4833,2020-05-02|Broken Head Beach New South Wales AUSTRALIA,0.6540113141374103,-0.4995184291470598,0.10528438055184823,0.20161854243075233,0.3845868109308365,0.14790701514195098,0.11595728647063068,2020-05-02,Broken Head Beach New South Wales AUSTRALIA,Broken Head Beach,New South Wales,AUSTRALIA,-28.701846399999997,153.6139946
4834,2020-05-02|Broken Head New South Wales AUSTRALIA,0.6542432727465065,-0.5016112118701909,0.10469276077536839,0.20176657386196747,0.3852780546865792,0.14843917942307472,0.11616570430485565,2020-05-02,Broken Head New South Wales AUSTRALIA,Broken Head,New South Wales,AUSTRALIA,-28.7264578,153.5983166
4835,2020-05-02|Bronte Beach New South Wales AUSTRALIA,0.5823844317231436,-0.5132618475516562,0.09630146469373814,0.1878143581978203,0.3654835533493458,0.1335782277688641,0.11019743759142006,2020-05-02,Bronte Beach New South Wales AUSTRALIA,Bronte Beach,New South Wales,AUSTRALIA,-33.90532,151.26068999999998
4836,2020-05-02|Bronte New South Wales AUSTRALIA,0.5823844317231436,-0.5132618475516562,0.09630146469373814,0.1878143581978203,0.3654835533493458,0.1335782277688641,0.11019743759142006,2020-05-02,Bronte New South Wales AUSTRALIA,Bronte,New South Wales,AUSTRALIA,-33.90532,151.26068999999998
4837,2020-05-02|Broome Head New South Wales AUSTRALIA,0.6418006277666678,-0.5063757196098011,0.10759813803951629,0.20035938156026814,0.3830150539235283,0.1467005315320433,0.11548338390200766,2020-05-02,Broome Head New South Wales AUSTRALIA,Broome Head,New South Wales,AUSTRALIA,-29.6430001,153.30745190000002
4838,2020-05-02|Broome Western Australia AUSTRALIA,0.997517612090765,-1.2616166211592499,0.1888354319943789,0.4032680684066427,0.699296838832511,0.48901606880114284,0.19395004686003817,2020-05-02,Broome Western Australia AUSTRALIA,Broome,Western Australia,AUSTRALIA,-17.964429100000004,122.23036570000001
4839,2020-05-02|Broomfield Island Queensland AUSTRALIA,1.1482416710176664,-0.8445986194500149,0.2936615616661841,0.34937767294933636,0.6336737479374515,0.4015424188250968,0.19105982376425185,2020-05-02,Broomfield Island Queensland AUSTRALIA,Broomfield Island,Queensland,AUSTRALIA,-26.9601877,149.0840869
4840,2020-05-02|Broomfield Reef Queensland AUSTRALIA,0.9985757011118713,-0.7524656991310016,0.22738006129662025,0.27238058260754483,0.5501853817695533,0.30270395431290914,0.16588713422436824,2020-05-02,Broomfield Reef Queensland AUSTRALIA,Broomfield Reef,Queensland,AUSTRALIA,-23.2670335,151.93534019999998
4841,2020-05-02|Broughton Island New South Wales AUSTRALIA,0.6016461396208327,-0.5148093591571284,0.0994383995239518,0.19469446262234885,0.3723804920277081,0.138667230842798,0.11227694284580346,2020-05-02,Broughton Island New South Wales AUSTRALIA,Broughton Island,New South Wales,AUSTRALIA,-32.6157855,152.31398269999997
4842,2020-05-02|Browns Inlet Broadwater Queensland AUSTRALIA,1.5063177154429,-1.219359595379304,0.18019994499089245,0.1960998278714208,1.0396384879712226,1.0808481856710899,0.31346279838299645,2020-05-02,Browns Inlet Broadwater Queensland AUSTRALIA,Brown's Inlet,Queensland,AUSTRALIA,-20.9175738,142.7027956
4843,2020-05-02|Brunswick Heads New South Wales AUSTRALIA,0.6533362884568991,-0.49658980711971445,0.10620161515048254,0.20282372451905142,0.3834185746979616,0.14700980342341635,0.1156050499932721,2020-05-02,Brunswick Heads New South Wales AUSTRALIA,Brunswick Heads,New South Wales,AUSTRALIA,-28.5557919,153.54363940000002
4844,2020-05-02|Buddina Beach south of Noosa Queensland AUSTRALIA,0.6815940297698989,-0.5082633902249747,0.09814666312557808,0.1722266137454143,0.3974565479155161,0.15797170748091896,0.1198376581732436,2020-05-02,Buddina Beach south of Noosa Queensland AUSTRALIA,Buddina Beach,Queensland,AUSTRALIA,-26.3864103,153.0923901
4845,2020-05-02|Bullcock Beach Queensland AUSTRALIA,0.6844188354606109,-0.512971321876339,0.09645808806975174,0.16629511828823176,0.40007582066531555,0.16006066228102575,0.12062739862185153,2020-05-02,Bullcock Beach Queensland AUSTRALIA,Bullcock Beach,Queensland,AUSTRALIA,-26.806945199999998,153.131696
4846,2020-05-02|Bunbury Western Australia AUSTRALIA,0.19007305208213104,-0.2584884853709438,0.019740934593898102,0.09391433611198893,0.15732942336982514,0.024752547457881684,0.04062228243864992,2020-05-02,Bunbury Western Australia AUSTRALIA,Bunbury,Western Australia,AUSTRALIA,-33.3209971,115.63834820000001
4847,2020-05-02|Bundegi Sanctuary Zone Ningaloo Western Australia AUSTRALIA,0.2793741815598442,-0.3207131874980535,0.014479592534517844,0.020994476831602014,0.18967005409328014,0.03597472941974782,0.05069145421056676,2020-05-02,Bundegi Sanctuary Zone Ningaloo Western Australia AUSTRALIA,Bundegi Sanctuary Zone,Western Australia,AUSTRALIA,-22.6799051,113.69804909999999
4848,2020-05-02|Bunker Bay Western Australia AUSTRALIA,0.18174700488845852,-0.25911739082485924,0.04507046526675557,0.10455212693209182,0.13880832451798902,0.019267750955491356,0.034702081129497256,2020-05-02,Bunker Bay Western Australia AUSTRALIA,Bunker Bay,Western Australia,AUSTRALIA,-33.5426804,115.0391851
4849,2020-05-02|Burleigh Heads Brisbane Queensland AUSTRALIA,0.6641682226061488,-0.5030545066664271,0.10596315620640669,0.2074188979173446,0.38897639436235015,0.15130263537113453,0.11728079567320263,2020-05-02,Burleigh Heads Brisbane Queensland AUSTRALIA,Burleigh Heads,Queensland,AUSTRALIA,-28.104,153.436
4850,2020-05-02|Burleigh Lake on the Gold Coast Queensland AUSTRALIA,0.6650936263420206,-0.5029741717747954,0.10535668327055463,0.20633008628468918,0.38925815246344725,0.15152190925925635,0.11736574893711009,2020-05-02,Burleigh Lake on the Gold Coast Queensland AUSTRALIA,Burleigh Lake on the Gold Coast,Queensland,AUSTRALIA,-28.087777799999998,153.4408333
4851,2020-05-02|Burnett River Queensland AUSTRALIA,0.9676011575009167,-0.812993591653078,0.11570646856972207,0.19319092360817422,0.6281200432252488,0.3945347887012885,0.1813226380197484,2020-05-02,Burnett River Queensland AUSTRALIA,Burnett River,Queensland,AUSTRALIA,-25.3273915,151.813121
4852,2020-05-02|Burns Beach Perth Western Australia AUSTRALIA,0.17442265333947096,-0.22069128088019163,0.033308397020930317,0.07631360693270316,0.12343823146548334,0.01523699698732624,0.03187161431674089,2020-05-02,Burns Beach Perth Western Australia AUSTRALIA,Burns Beach,Western Australia,AUSTRALIA,-31.724687199999998,115.7248959
4853,2020-05-02|Bushrangers Pass at Bass Point New South Wales AUSTRALIA,0.5740573154512552,-0.5135578061825635,0.09422603826482355,0.1835257473852394,0.3627701692241179,0.13160219567889514,0.10937932149546664,2020-05-02,Bushrangers Pass at Bass Point New South Wales AUSTRALIA,Bushrangers Pass at Bass Point,New South Wales,AUSTRALIA,-34.5973075,150.8997956
4854,2020-05-02|Bushy Ilet Queensland AUSTRALIA,1.6375555301299796,-1.5070744996452536,0.14524240635405108,0.20637897922143675,1.038103117799486,1.0776580831850133,0.2996745572540615,2020-05-02,Bushy Ilet Queensland AUSTRALIA,Bushy Ilet,Queensland,AUSTRALIA,-20.9539613,150.0725668
4855,2020-05-02|Busselton Western Australia AUSTRALIA,0.18848076338200126,-0.26204575920171047,0.03762915635151243,0.0977857607164869,0.1447808892505838,0.02096150589218981,0.0386943202662962,2020-05-02,Busselton Western Australia AUSTRALIA,Busselton,Western Australia,AUSTRALIA,-33.653158399999995,115.3454892
4856,2020-05-02|Byron Bay New South Wales AUSTRALIA,0.6531466600633705,-0.4974105066653399,0.10571698203373328,0.20178633465749232,0.3836575977102898,0.14719315228083055,0.1156771181431042,2020-05-02,Byron Bay New South Wales AUSTRALIA,Byron Bay,New South Wales,AUSTRALIA,-28.647367100000004,153.601977
4857,2020-05-02|Cabbage Tree Creek Sandgate Queensland AUSTRALIA,0.8733444137875883,-0.6113944707928421,0.19587070679864568,0.30584042420088897,0.5056210538228533,0.2556526500689327,0.1459602257662833,2020-05-02,Cabbage Tree Creek Sandgate Queensland AUSTRALIA,Cabbage Tree Creek,Queensland,AUSTRALIA,-27.357138199999998,153.00638469999998
4858,2020-05-02|Cabramatta Creek George’s River New South Wales AUSTRALIA,0.5780102042219093,-0.5133103565844641,0.09443479383049448,0.1839924207336621,0.36398298116463945,0.13248361057749827,0.10974499805437325,2020-05-02,Cabramatta Creek George’s River New South Wales AUSTRALIA,Cabramatta Creek,New South Wales,AUSTRALIA,-33.9224412,150.9010938
4859,2020-05-02|Cactus Beach South Australia AUSTRALIA,0.3661836989751344,-0.3243158984557292,0.04872383099525989,0.049340506092785646,0.21992082496148055,0.048365169251738165,0.06099506238007377,2020-05-02,Cactus Beach South Australia AUSTRALIA,Cactus Beach,South Australia,AUSTRALIA,-32.083500300000004,132.982204
4860,2020-05-02|Cactus Beach near Ceduna South Australia AUSTRALIA,0.3661836989751344,-0.3243158984557292,0.04872383099525989,0.049340506092785646,0.21992082496148055,0.048365169251738165,0.06099506238007377,2020-05-02,Cactus Beach near Ceduna South Australia AUSTRALIA,Cactus Beach,South Australia,AUSTRALIA,-32.083500300000004,132.982204
4861,2020-05-02|Cactus Beach near Penong South Australia AUSTRALIA,0.3661836989751344,-0.3243158984557292,0.04872383099525989,0.049340506092785646,0.21992082496148055,0.048365169251738165,0.06099506238007377,2020-05-02,Cactus Beach near Penong South Australia AUSTRALIA,Cactus Beach near Penong,South Australia,AUSTRALIA,-32.083500300000004,132.982204
4862,2020-05-02|Cairns Aquarium Queensland AUSTRALIA,0.961936905196172,-0.6490115476020926,0.10598005841353424,0.12365070330924256,0.5055588732338963,0.2555897743055268,0.14594227577639696,2020-05-02,Cairns Aquarium Queensland AUSTRALIA,Cairns Aquarium,Queensland,AUSTRALIA,-16.9184171,145.7738313
4863,2020-05-02|Calliope River Queensland AUSTRALIA,1.1700625682442987,-0.8634896590584406,0.2962273552717891,0.34506539528980945,0.6450019692527904,0.41602754033997763,0.1944754110047142,2020-05-02,Calliope River Queensland AUSTRALIA,Calliope River,Queensland,AUSTRALIA,-23.9815319,151.0075239
4864,2020-05-02|Caloundra Heads Queensland AUSTRALIA,0.6844188354606109,-0.512971321876339,0.09645808806975174,0.16629511828823176,0.40007582066531555,0.16006066228102575,0.12062739862185153,2020-05-02,Caloundra Heads Queensland AUSTRALIA,Caloundra Heads,Queensland,AUSTRALIA,-26.799,153.13299999999998
4865,2020-05-02|Caloundra Queensland AUSTRALIA,0.6844188354606109,-0.512971321876339,0.09645808806975174,0.16629511828823176,0.40007582066531555,0.16006066228102575,0.12062739862185153,2020-05-02,Caloundra Queensland AUSTRALIA,Caloundra,Queensland,AUSTRALIA,-26.799,153.13299999999998
4866,2020-05-02|Canadian Bay near Mount Eliza Victoria AUSTRALIA,0.5081634015080497,-0.5440591739965676,0.03936458847665352,0.09072906298851219,0.3348565476410787,0.112128907498102,0.1009630479199296,2020-05-02,Canadian Bay near Mount Eliza Victoria AUSTRALIA,Canadian Bay near Mount Eliza,Victoria,AUSTRALIA,-38.191611,145.09546559999998
4867,2020-05-02|Cape Douglas South Australia AUSTRALIA,0.2106006368627255,-0.25826603686870353,0.011682943659912773,0.0439026407253481,0.16574998280815917,0.027473056800905064,0.044298546252271614,2020-05-02,Cape Douglas South Australia AUSTRALIA,Cape Douglas,South Australia,AUSTRALIA,-38.0146455,140.5819172
4868,2020-05-02|Cape Elizabeth South Australia AUSTRALIA,0.2896113889908946,-0.4102097379281107,0.01751408053351632,0.09742599786906042,0.23751459018748108,0.05641318055192708,0.06347844434582672,2020-05-02,Cape Elizabeth South Australia AUSTRALIA,Cape Elizabeth,South Australia,AUSTRALIA,-34.1333333,137.45
4869,2020-05-02|Cape Howe New South Wales AUSTRALIA,0.5425220571769471,-0.5255642681251643,0.08108203597128458,0.186061435591347,0.35533727676092997,0.12626458025587375,0.10713822009478892,2020-05-02,Cape Howe New South Wales AUSTRALIA,Cape Howe,New South Wales,AUSTRALIA,-37.5021775,149.9781828
4870,2020-05-02|Cape Jervis South Australia AUSTRALIA,0.2713756164507917,-0.25778438963711625,-0.011236241637899306,0.018463271034216105,0.1900084006725213,0.036103192326129394,0.04905995809627874,2020-05-02,Cape Jervis South Australia AUSTRALIA,Cape Jervis,South Australia,AUSTRALIA,-35.6061701,138.11540459999998
4871,2020-05-02|Cape Levêque Western Australia AUSTRALIA,0.979553912360629,-1.1889204622411793,0.15958385237270473,0.2889149263350695,0.6642588157190668,0.44123977426049715,0.18423224771185231,2020-05-02,Cape Levêque Western Australia AUSTRALIA,Cape Levêque,Western Australia,AUSTRALIA,-16.4,122.93333329999999
4872,2020-05-02|Cape Moreton Queensland AUSTRALIA,0.6722311578298092,-0.49226198598246784,0.10138188449198315,0.1843547148814433,0.3887775759251562,0.15114800354224062,0.11722084965887744,2020-05-02,Cape Moreton Queensland AUSTRALIA,Cape Moreton,Queensland,AUSTRALIA,-27.0333333,153.4666667
4873,2020-05-02|Cape Nelson Victoria AUSTRALIA,0.20024384295054112,-0.2525487453028587,0.028782535856588708,0.07219772558886149,0.1569704250856231,0.024639714351561214,0.04353576279827638,2020-05-02,Cape Nelson Victoria AUSTRALIA,Cape Nelson,Victoria,AUSTRALIA,-38.384739399999994,141.565049
4874,2020-05-02|Cape Pillar Storm Bay Tasmania AUSTRALIA,0.3916737053406284,-0.45204922907895884,0.03485158165598378,0.023870757846783722,0.26818385973380754,0.07192258262172256,0.08086047614239467,2020-05-02,Cape Pillar Storm Bay Tasmania AUSTRALIA,Cape Pillar,Tasmania,AUSTRALIA,-43.17,147.44
4875,2020-05-02|Carnac Island Western Australia AUSTRALIA,0.17502427653506142,-0.22203223610604897,0.0333545296652761,0.07717416750866145,0.12308354871113249,0.015149559963325723,0.03178003562335503,2020-05-02,Carnac Island Western Australia AUSTRALIA,Carnac Island,Western Australia,AUSTRALIA,-32.12095789999999,115.66209009999999
4876,2020-05-02|Carnarvon Western Australia AUSTRALIA,0.30432328343870907,-0.3952451133788499,0.01740386601476624,0.06920149896770651,0.21893033263568829,0.047930490547973124,0.05652756881851139,2020-05-02,Carnarvon Western Australia AUSTRALIA,Carnarvon,Western Australia,AUSTRALIA,-24.8877473,113.6621827
4877,2020-05-02|Carrara Nerang River Queensland AUSTRALIA,0.6660557129028466,-0.5030239166493504,0.10479645282257398,0.20550585317401052,0.3895802725763012,0.1517727887806251,0.11746287180545222,2020-05-02,Carrara Nerang River Queensland AUSTRALIA,Carrara,Queensland,AUSTRALIA,-28.0211196,153.3618544
4878,2020-05-02|Carrickalinga Head South Australia AUSTRALIA,0.22017085499355948,-0.2742186655020793,0.03627062732115069,0.09266604432793969,0.18218774654010886,0.03319237498936294,0.05052978937781535,2020-05-02,Carrickalinga Head South Australia AUSTRALIA,Carrickalinga Head,South Australia,AUSTRALIA,-35.428351899999996,138.3308642
4879,2020-05-02|Carrum Victoria AUSTRALIA,0.5107392689874645,-0.540367831438119,0.0414744958297792,0.09003698390131279,0.33491153262099954,0.11216573468254683,0.10097962651515711,2020-05-02,Carrum Victoria AUSTRALIA,Carrum,Victoria,AUSTRALIA,-38.076,145.122
4880,2020-05-02|Castle Rock north of Dunsborough Western Australia AUSTRALIA,0.18174700488845852,-0.25911739082485924,0.04507046526675557,0.10455212693209182,0.13880832451798902,0.019267750955491356,0.034702081129497256,2020-05-02,Castle Rock north of Dunsborough Western Australia AUSTRALIA,Castle Rock,Western Australia,AUSTRALIA,-33.583762899999996,115.09000060000001
4881,2020-05-02|Cathedral Rock Victoria AUSTRALIA,0.24351658398618228,-0.29237355825152117,0.025008857589499358,0.06725533833705104,0.16936730656195298,0.02868528453205056,0.04526531669110986,2020-05-02,Cathedral Rock Victoria AUSTRALIA,Cathedral Rock,Victoria,AUSTRALIA,-31.434438800000002,120.85630420000001
4882,2020-05-02|Catseye Beach Hamilton Island Whitsundays Queensland AUSTRALIA,1.5850099188526412,-1.3558884724967237,0.17077756415156686,0.12290544492205704,0.9897705354616054,0.9796457128679532,0.27451295511925133,2020-05-02,Catseye Beach Hamilton Island Whitsundays Queensland AUSTRALIA,Catseye Beach,Queensland,AUSTRALIA,-20.3464395,148.9574515
4883,2020-05-02|Cave at Shell Harbour New South Wales AUSTRALIA,0.5740380588476379,-0.513562766066335,0.09421530686285468,0.1835111655242321,0.3627665060090387,0.1315995378820059,0.10937821699456263,2020-05-02,Cave at Shell Harbour New South Wales AUSTRALIA,Cave at Shell Harbour,New South Wales,AUSTRALIA,-34.64434779999999,150.8558397
4884,2020-05-02|Caves Beach New South Wales AUSTRALIA,0.5962458236067094,-0.5148034679773812,0.09945871315743146,0.1946142077331536,0.37064958502043066,0.13738111487581744,0.11175505474670017,2020-05-02,Caves Beach New South Wales AUSTRALIA,Caves Beach,New South Wales,AUSTRALIA,-33.1063425,151.6450391
4885,2020-05-02|Ceduna South Australia AUSTRALIA,0.375233723063276,-0.34995108658997126,0.04239599728475751,0.05447008292241932,0.23078384079121142,0.05326118117034322,0.06400792088624851,2020-05-02,Ceduna South Australia AUSTRALIA,Ceduna,South Australia,AUSTRALIA,-32.130585100000005,133.6817145
4886,2020-05-02|Cellito Beach New South Wales AUSTRALIA,0.6094880911065274,-0.5153236288786466,0.10135836485783506,0.20186497975450438,0.37497726401006154,0.1406079485244714,0.1130598990577647,2020-05-02,Cellito Beach New South Wales AUSTRALIA,Cellito Beach,New South Wales,AUSTRALIA,-32.3789104,152.529459
4887,2020-05-02|Charles Street Wharf Parramatta River New South Wales AUSTRALIA,0.5840637203673721,-0.5138629816464426,0.09672322528723175,0.18923768800568008,0.3661902641181049,0.13409530953488744,0.1104105189055362,2020-05-02,Charles Street Wharf Parramatta River New South Wales AUSTRALIA,Charles Street Wharf,New South Wales,AUSTRALIA,-33.834442700000004,151.0923358
4888,2020-05-02|Cheviot Beach Portsea Port Phillip Bay Victoria AUSTRALIA,0.7297013530168909,-0.8327403406835651,0.10389847197406785,0.21284735376195124,0.4807713437370399,0.23114108495871896,0.12413462717515446,2020-05-02,Cheviot Beach Portsea Port Phillip Bay Victoria AUSTRALIA,Cheviot Beach,Victoria,AUSTRALIA,-38.3136027,144.66766669999998
4889,2020-05-02|Cheynes Beach Western Australia AUSTRALIA,0.21950513834555677,-0.2893791322663454,0.026390338602905763,0.07729207889772079,0.16307244601884946,0.026592622650570573,0.043582944444694495,2020-05-02,Cheynes Beach Western Australia AUSTRALIA,Cheynes Beach,Western Australia,AUSTRALIA,-34.88414,118.404629
4890,2020-05-02|Chimney Point George’s Bay Tasmania AUSTRALIA,0.4759784597389362,-0.4935962169614982,0.08013978011325197,0.1830219895804267,0.32371009786700355,0.104788227461065,0.0976022668612797,2020-05-02,Chimney Point George’s Bay Tasmania AUSTRALIA,Chimney Point,Tasmania,AUSTRALIA,-41.31,148.29
4891,2020-05-02|Chowder Bay Sydney New South Wales AUSTRALIA,0.5840637203673721,-0.5138629816464426,0.09672322528723175,0.18923768800568008,0.3661902641181049,0.13409530953488744,0.1104105189055362,2020-05-02,Chowder Bay Sydney New South Wales AUSTRALIA,Chowder Bay,New South Wales,AUSTRALIA,-33.833420600000004,151.25995830000002
4892,2020-05-02|Cid Harbor Whitsundays Queensland AUSTRALIA,1.3754762323866598,-1.076995420082168,0.16177551409267743,0.19663443924126156,0.7785982739909215,0.6062152722616422,0.22476196153961828,2020-05-02,Cid Harbor Whitsundays Queensland AUSTRALIA,Cid Harbor,Queensland,AUSTRALIA,-20.25,148.93333330000002
4893,2020-05-02|City Beach Perth Western Australia AUSTRALIA,0.17591497376645682,-0.22216213139153346,0.03325261475619313,0.07640725495996198,0.12406602644720999,0.01539237891839981,0.03203371028401154,2020-05-02,City Beach Perth Western Australia AUSTRALIA,City Beach,Western Australia,AUSTRALIA,-31.9339651,115.76420859999999
4894,2020-05-02|Clairview Queensland AUSTRALIA,2.9419047341380486,-2.519593751482965,0.7604978087116233,1.192831218829728,1.9685935354749609,3.875360507913806,0.5682840038157129,2020-05-02,Clairview Queensland AUSTRALIA,Clairview,Queensland,AUSTRALIA,-22.0422664,149.4835735
4895,2020-05-02|Clarence Head New South Wales AUSTRALIA,0.649276343313934,-0.5116735202330938,0.10719889212660304,0.20339552837234304,0.38708326100032014,0.14983345094664197,0.11670999448775193,2020-05-02,Clarence Head New South Wales AUSTRALIA,Clarence Head,New South Wales,AUSTRALIA,-29.431929999999998,153.36539969999998
4896,2020-05-02|Clarence Heads New South Wales AUSTRALIA,0.5780798197854958,-0.5139941971726633,0.09443954908338528,0.18418241180592584,0.3641818995863373,0.13262845598631307,0.10980497421516065,2020-05-02,Clarence Heads New South Wales AUSTRALIA,Clarence Heads,New South Wales,AUSTRALIA,-33.482099100000006,150.22437649999998
4897,2020-05-02|Clarence River New South Wales AUSTRALIA,0.6492996595032304,-0.5116714615373674,0.10720599261790623,0.2033938383573141,0.3870896016355157,0.14983835969434225,0.11671190626119522,2020-05-02,Clarence River New South Wales AUSTRALIA,Clarence River,New South Wales,AUSTRALIA,-29.4612304,153.14638190000002
4898,2020-05-02|Clark Island Sydney Harbour New South Wales AUSTRALIA,0.5823844317231436,-0.5132618475516562,0.09630146469373814,0.1878143581978203,0.3654835533493458,0.1335782277688641,0.11019743759142006,2020-05-02,Clark Island Sydney Harbour New South Wales AUSTRALIA,Clark Island,New South Wales,AUSTRALIA,-33.8626215,151.241028
4899,2020-05-02|Clarkes Beach Byron Bay New South Wales AUSTRALIA,0.6531466600633705,-0.4974105066653399,0.10571698203373328,0.20178633465749232,0.3836575977102898,0.14719315228083055,0.1156771181431042,2020-05-02,Clarkes Beach Byron Bay New South Wales AUSTRALIA,Clarkes Beach,New South Wales,AUSTRALIA,-28.6396907,153.6272755
4900,2020-05-02|Clarks Beach Byron Bay New South Wales AUSTRALIA,0.6531466600633705,-0.4974105066653399,0.10571698203373328,0.20178633465749232,0.3836575977102898,0.14719315228083055,0.1156771181431042,2020-05-02,Clarks Beach Byron Bay New South Wales AUSTRALIA,Clarks Beach,New South Wales,AUSTRALIA,-28.6396907,153.6272755
4901,2020-05-02|Clarks Island Sydney Harbor New South Wales AUSTRALIA,0.5823834305585353,-0.5132618475516562,0.09630114707030345,0.18781361175839492,0.3654832285966225,0.13357799038541104,0.11019733967478981,2020-05-02,Clarks Island Sydney Harbor New South Wales AUSTRALIA,Clark's Island,New South Wales,AUSTRALIA,-33.8626215,151.241028
4902,2020-05-02|Cleveland Queensland AUSTRALIA,0.9682847378377386,-0.7100914149192868,0.25700809537385977,0.29964160076882007,0.5308231624999123,0.2817732298464084,0.1600492054583693,2020-05-02,Cleveland Queensland AUSTRALIA,Cleveland,Queensland,AUSTRALIA,-27.533333000000002,153.26666699999998
4903,2020-05-02|Clifton Beach Tasmania AUSTRALIA,0.4001640922275964,-0.4783320415683241,0.0362317398052831,0.06389218180642688,0.292741472392737,0.08569756965866762,0.09257298183523506,2020-05-02,Clifton Beach Tasmania AUSTRALIA,Clifton Beach,Tasmania,AUSTRALIA,-42.989444,147.52166699999998
4904,2020-05-02|Clifton Beach southwest of Hobart Tasmania AUSTRALIA,0.4001640922275964,-0.4783320415683241,0.0362317398052831,0.06389218180642688,0.292741472392737,0.08569756965866762,0.09257298183523506,2020-05-02,Clifton Beach southwest of Hobart Tasmania AUSTRALIA,Clifton Beach,Tasmania,AUSTRALIA,-42.989444,147.52166699999998
4905,2020-05-02|Coalcliff New South Wales AUSTRALIA,0.5780798197854958,-0.5139941971726633,0.09443954908338528,0.18418241180592584,0.3641818995863373,0.13262845598631307,0.10980497421516065,2020-05-02,Coalcliff New South Wales AUSTRALIA,Coalcliff,New South Wales,AUSTRALIA,-34.245726399999995,150.97291940000002
4906,2020-05-02|Cobblestones Margaret River Area Western Australia AUSTRALIA,0.18407949928994122,-0.27675423637017577,0.03775905762541047,0.10558710135349447,0.1472426247197977,0.021680390534375187,0.03681065617994943,2020-05-02,Cobblestones Margaret River Area Western Australia AUSTRALIA,Cobblestones,Western Australia,AUSTRALIA,-33.9610465,115.0767388
4907,2020-05-02|Cockatoo Island Sydney New South Wales AUSTRALIA,0.5823844317231436,-0.5132618475516562,0.09630146469373814,0.1878143581978203,0.3654835533493458,0.1335782277688641,0.11019743759142006,2020-05-02,Cockatoo Island Sydney New South Wales AUSTRALIA,Cockatoo Island,New South Wales,AUSTRALIA,-33.84705579999999,151.1716362
4908,2020-05-02|Cockle Bay Sydney Harbour New South Wales AUSTRALIA,0.5823834305585353,-0.5132618475516562,0.09630114707030345,0.18781361175839492,0.3654832285966225,0.13357799038541104,0.11019733967478981,2020-05-02,Cockle Bay Sydney Harbour New South Wales AUSTRALIA,Cockle Bay,New South Wales,AUSTRALIA,-33.8661517,151.2005002
4909,2020-05-02|Coffee Head New South Wales AUSTRALIA,0.5823844317231436,-0.5132618475516562,0.09630146469373814,0.1878143581978203,0.3654835533493458,0.1335782277688641,0.11019743759142006,2020-05-02,Coffee Head New South Wales AUSTRALIA,Coffee Head,New South Wales,AUSTRALIA,-33.8594282,151.2777455
4910,2020-05-02|Coffin Bay South Australia AUSTRALIA,0.27663978388567484,-0.2582574853343563,0.014194134068451842,0.025788424101387562,0.17559526801151787,0.03083369814803679,0.04389881700287947,2020-05-02,Coffin Bay South Australia AUSTRALIA,Coffin Bay,South Australia,AUSTRALIA,-34.6235585,135.4654638
4911,2020-05-02|Coff’s Harbor New South Wales AUSTRALIA,0.6306814502285812,-0.5016902631279148,0.10605756329348517,0.19702660764969243,0.37777004938031056,0.14271021020880229,0.1139019555298656,2020-05-02,Coff’s Harbor New South Wales AUSTRALIA,Coff’s Harbor,New South Wales,AUSTRALIA,-30.298612,153.10939219999997
4912,2020-05-02|Coledale Beach New South Wales AUSTRALIA,0.5780808246351873,-0.5139941971726633,0.0944398691336917,0.18418316630037132,0.36418222534155037,0.1326286932547238,0.10980507243405295,2020-05-02,Coledale Beach New South Wales AUSTRALIA,Coledale Beach,New South Wales,AUSTRALIA,-34.28763370000001,150.9490069
4913,2020-05-02|Collaroy New South Wales AUSTRALIA,0.5851305028042455,-0.5142020642904164,0.09686448473015145,0.1893661999190761,0.36669378628847,0.1344643329025741,0.11056233655214769,2020-05-02,Collaroy New South Wales AUSTRALIA,Collaroy,New South Wales,AUSTRALIA,-33.73,151.3
4914,2020-05-02|Colledges Crossing Brisbane River Queensland AUSTRALIA,0.9384575798227051,-0.6654929939132238,0.2648404079241413,0.3008474173024184,0.506024347931321,0.2560606406993186,0.15257208153385868,2020-05-02,Colledges Crossing Brisbane River Queensland AUSTRALIA,Colledge's Crossing,Queensland,AUSTRALIA,-27.5568063,152.80267419999998
4915,2020-05-02|College’s Crossing 54 miles above mouth of the Brisbane River Queensland AUSTRALIA,0.6799038720913322,-0.5078237980722429,0.09755444156435239,0.16949229019451878,0.396794023098302,0.1574454967665358,0.11963789942478922,2020-05-02,College’s Crossing 54 miles above mouth of the Brisbane River Queensland AUSTRALIA,College’s Crossing,Queensland,AUSTRALIA,-26.895106800000004,152.318608
4916,2020-05-02|Collendina Beach east of Ocean Grove Victoria AUSTRALIA,0.8278754359437239,-0.934936860706454,0.07212940540069446,0.1313695781083047,0.5305438036690693,0.28147672761164394,0.14714637600065608,2020-05-02,Collendina Beach east of Ocean Grove Victoria AUSTRALIA,Collendina Beach east of Ocean Grove,Victoria,AUSTRALIA,-38.271434,144.55914099999998
4917,2020-05-02|Collie River Western Australia AUSTRALIA,0.19007305208213104,-0.2584884853709438,0.019740934593898102,0.09391433611198893,0.15732942336982514,0.024752547457881684,0.04062228243864992,2020-05-02,Collie River Western Australia AUSTRALIA,Collie River,Western Australia,AUSTRALIA,-33.3057308,115.788155
4918,2020-05-02|Condon 88 km NE of Port Hedland Western Australia AUSTRALIA,0.760171484745254,-1.0183237341439813,0.07343699121278288,0.2249437876884283,0.5736069142537493,0.32902489207970814,0.15908993394635146,2020-05-02,Condon 88 km NE of Port Hedland Western Australia AUSTRALIA,Condon,Western Australia,AUSTRALIA,-20.3068645,118.61767090000001
4919,2020-05-02|Cone Bay Western Australia AUSTRALIA,1.1018647254683023,-1.5191805565015164,0.07287470083185123,0.23836879948597556,0.8553619269230806,0.7316440260295654,0.23723471435391144,2020-05-02,Cone Bay Western Australia AUSTRALIA,Cone Bay,Western Australia,AUSTRALIA,-16.4683333,123.53527779999999
4920,2020-05-02|Conspicuous Beach near Walpole Western Australia AUSTRALIA,0.1947934370161475,-0.27058362546370246,0.02400367462992152,0.0838599064847708,0.14858130586992876,0.02207640445401333,0.04120903976072514,2020-05-02,Conspicuous Beach near Walpole Western Australia AUSTRALIA,Conspicuous Beach,Western Australia,AUSTRALIA,-35.0169764,116.861579
4921,2020-05-02|Coogee Bay near Sydney New South Wales AUSTRALIA,0.5814635733437901,-0.5133537838222441,0.0956869084180003,0.1866412403238634,0.3651922537609522,0.13336538220700372,0.11010960746084855,2020-05-02,Coogee Bay near Sydney New South Wales AUSTRALIA,Coogee Bay,New South Wales,AUSTRALIA,-33.9197737,151.249673
4922,2020-05-02|Coogee New South Wales AUSTRALIA,0.5814635733437901,-0.5133537838222441,0.0956869084180003,0.1866412403238634,0.3651922537609522,0.13336538220700372,0.11010960746084855,2020-05-02,Coogee New South Wales AUSTRALIA,Coogee,New South Wales,AUSTRALIA,-33.919000000000004,151.2555
4923,2020-05-02|Cook Island New South Wales AUSTRALIA,0.6607263501133811,-0.5008061866866896,0.10589901736130113,0.2064716438266513,0.38713599435785867,0.14987427812744797,0.11672589419328748,2020-05-02,Cook Island New South Wales AUSTRALIA,Cook Island,New South Wales,AUSTRALIA,-28.195873100000004,153.57802900000002
4924,2020-05-02|Cooks Hill Newcastle New South Wales AUSTRALIA,0.598396479085519,-0.5148844143107396,0.0993926234651335,0.1934949624569352,0.3714227330012802,0.1379548465901403,0.11198816763396369,2020-05-02,Cooks Hill Newcastle New South Wales AUSTRALIA,Cooks Hill,New South Wales,AUSTRALIA,-32.9338,151.7696
4925,2020-05-02|Cooktown Queensland AUSTRALIA,0.9265698868641208,-0.6475491990495676,0.08850019896280976,0.10315569978490749,0.49428758452125987,0.24432021621186165,0.14268853499021966,2020-05-02,Cooktown Queensland AUSTRALIA,Cooktown,Queensland,AUSTRALIA,-15.4758164,145.2470981
4926,2020-05-02|Coolum Beach Queensland AUSTRALIA,0.6799132035499212,-0.5069117622451262,0.09816188395166524,0.17159971721851844,0.396478988763059,0.15719558853057783,0.11954291299878195,2020-05-02,Coolum Beach Queensland AUSTRALIA,Coolum Beach,Queensland,AUSTRALIA,-26.527691700000002,153.0736329
4927,2020-05-02|Coopers Point Queensland AUSTRALIA,0.4483137793150062,-0.5690269123481687,-0.07494885013515348,-0.02878861445617917,0.38853961022150757,0.15096302871108103,0.1228670129494003,2020-05-02,Coopers Point Queensland AUSTRALIA,Cooper's Point,Queensland,AUSTRALIA,-27.4137404,140.0047273
4928,2020-05-02|Cooranbong New South Wales AUSTRALIA,0.5952881868593685,-0.5149084806101338,0.09952039481453286,0.19504265269480545,0.37034898390376436,0.13715836987855073,0.11166442009983253,2020-05-02,Cooranbong New South Wales AUSTRALIA,Cooranbong,New South Wales,AUSTRALIA,-33.074,151.451
4929,2020-05-02|Coral Bay Western Australia AUSTRALIA,0.27791671739238305,-0.3207098173744374,0.013691656557605026,0.018865174127919066,0.19020704798406265,0.03617872110281151,0.05083497186471668,2020-05-02,Coral Bay Western Australia AUSTRALIA,Coral Bay,Western Australia,AUSTRALIA,-23.143670800000002,113.77153590000002
4930,2020-05-02|Corio Bay Port Phillip South Australia AUSTRALIA,0.522915231376898,-0.5261886952093218,0.0226241447117257,-0.006298388461904704,0.33348847188356845,0.11121456087923763,0.0962698295068076,2020-05-02,Corio Bay Port Phillip South Australia AUSTRALIA,Corio Bay,South Australia,AUSTRALIA,-38.1166667,144.43333330000002
4931,2020-05-02|Cottesloe Beach Perth Western Australia AUSTRALIA,0.17721117615606516,-0.22352312793276102,0.033161409909543936,0.07631391701336704,0.12479679679460687,0.0155742404901944,0.03222239437636957,2020-05-02,Cottesloe Beach Perth Western Australia AUSTRALIA,Cottesloe Beach,Western Australia,AUSTRALIA,-32.0135412,115.76343659999999
4932,2020-05-02|Cottesloe Beach Western Australia AUSTRALIA,0.17721117615606516,-0.22352312793276102,0.033161409909543936,0.07631391701336704,0.12479679679460687,0.0155742404901944,0.03222239437636957,2020-05-02,Cottesloe Beach Western Australia AUSTRALIA,Cottesloe Beach,Western Australia,AUSTRALIA,-31.9938622,115.7510477
4933,2020-05-02|Cottesloe Perth Western Australia AUSTRALIA,0.17721117615606516,-0.22352312793276102,0.033161409909543936,0.07631391701336704,0.12479679679460687,0.0155742404901944,0.03222239437636957,2020-05-02,Cottesloe Perth Western Australia AUSTRALIA,Cottesloe,Western Australia,AUSTRALIA,-31.9896506,115.7630503
4934,2020-05-02|Cowaramup Bay Western Australia AUSTRALIA,0.18088884233126418,-0.26973857203884427,0.038199762475720836,0.10337881138199956,0.1442234312912456,0.020800398133420637,0.0360558578228114,2020-05-02,Cowaramup Bay Western Australia AUSTRALIA,Cowaramup Bay,Western Australia,AUSTRALIA,-33.8606025,114.9857991
4935,2020-05-02|Cowell South Australia AUSTRALIA,0.2877877590477381,-0.4100446360060018,0.05601841474094408,0.17283546716962433,0.23036499234207572,0.05306802969676461,0.06156763394648929,2020-05-02,Cowell South Australia AUSTRALIA,Cowell,South Australia,AUSTRALIA,-33.683333000000005,136.916667
4936,2020-05-02|Cowes Victoria AUSTRALIA,0.5139407950208239,-0.6496866227821942,0.057620632643772624,0.06913051585721507,0.37001869578957736,0.1369138352338198,0.10262472158074097,2020-05-02,Cowes Victoria AUSTRALIA,Cowes,Victoria,AUSTRALIA,-38.451111,145.241944
4937,2020-05-02|Crescent Head New South Wales AUSTRALIA,0.6263498650747938,-0.5042779631552069,0.10590530695083594,0.20125167892657086,0.3770214234868816,0.14214515376807452,0.1136762363301521,2020-05-02,Crescent Head New South Wales AUSTRALIA,Crescent Head,New South Wales,AUSTRALIA,-31.1861501,152.9132368
4938,2020-05-02|Cronulla New South Wales AUSTRALIA,0.5785981943443469,-0.5133144563576315,0.0945762064640483,0.1842457064501228,0.36419490223940537,0.13263792681717004,0.1098088946625703,2020-05-02,Cronulla New South Wales AUSTRALIA,Cronulla,New South Wales,AUSTRALIA,-34.05744,151.15219
4939,2020-05-02|Cronulla near Sydney New South Wales AUSTRALIA,0.5785981943443469,-0.5133144563576315,0.0945762064640483,0.1842457064501228,0.36419490223940537,0.13263792681717004,0.1098088946625703,2020-05-02,Cronulla near Sydney New South Wales AUSTRALIA,Cronulla,New South Wales,AUSTRALIA,-34.05744,151.15219
4940,2020-05-02|Crookhaven New South Wales AUSTRALIA,0.5711797964314994,-0.5152888087452737,0.09294319160328407,0.183301050347203,0.36223247200746594,0.1312123637766396,0.10921719968469819,2020-05-02,Crookhaven New South Wales AUSTRALIA,Crookhaven,New South Wales,AUSTRALIA,-34.9211517,150.7225905
4941,2020-05-02|Crowdy Head New South Wales AUSTRALIA,0.621108516527651,-0.51377162831166,0.10262960140348878,0.2019541694003765,0.3782634236835186,0.1430832176967771,0.11405071347940597,2020-05-02,Crowdy Head New South Wales AUSTRALIA,Crowdy Head,New South Wales,AUSTRALIA,-31.844324100000005,152.72650990000002
4942,2020-05-02|Cudgen Creek New South Wales AUSTRALIA,0.656763049980458,-0.4982581229042682,0.10526166487949574,0.20408599380470588,0.38503874626161205,0.1482548361227141,0.11609355009987501,2020-05-02,Cudgen Creek New South Wales AUSTRALIA,Cudgen Creek,New South Wales,AUSTRALIA,-28.2765787,153.5730286
4943,2020-05-02|Cull Island  Esperance Western Australia AUSTRALIA,0.24904957331950164,-0.29296485483340357,0.025070172269451442,0.06528612620581227,0.17113491067303588,0.029287157651067968,0.04573772876104738,2020-05-02,Cull Island  Esperance Western Australia AUSTRALIA,Cull Island / Esperance,Western Australia,AUSTRALIA,-33.9221794,121.90321809999999
4944,2020-05-02|Curl Curl New South Wales AUSTRALIA,0.5840637203673721,-0.5138629816464426,0.09672322528723175,0.18923768800568008,0.3661902641181049,0.13409530953488744,0.1104105189055362,2020-05-02,Curl Curl New South Wales AUSTRALIA,Curl Curl,New South Wales,AUSTRALIA,-33.77213,151.28992
4945,2020-05-02|Currumbin Queensland AUSTRALIA,0.6641670511528147,-0.5030545066664271,0.10596285891210151,0.2074184191073419,0.388976039038408,0.1513023589460091,0.11728068853900307,2020-05-02,Currumbin Queensland AUSTRALIA,Currumbin,Queensland,AUSTRALIA,-28.136,153.483
4946,2020-05-02|Currumbin Rock Queensland AUSTRALIA,0.6641682226061488,-0.5030545066664271,0.10596315620640669,0.2074188979173446,0.38897639436235015,0.15130263537113453,0.11728079567320263,2020-05-02,Currumbin Rock Queensland AUSTRALIA,Currumbin Rock,Queensland,AUSTRALIA,-28.133333299999997,153.5
4947,2020-05-02|Dampiers Creek Broome Western Australia AUSTRALIA,0.997517612090765,-1.2616166211592499,0.1888354319943789,0.4032680684066427,0.699296838832511,0.48901606880114284,0.19395004686003817,2020-05-02,Dampiers Creek Broome Western Australia AUSTRALIA,Dampier's Creek,Western Australia,AUSTRALIA,-17.9420122,122.250175
4948,2020-05-02|Dangerous Reef South Australia AUSTRALIA,0.27438023886858803,-0.31164309567307724,0.013575555188094463,0.05478117219016859,0.1930475306340123,0.03726734908388992,0.049844658078133056,2020-05-02,Dangerous Reef South Australia AUSTRALIA,Dangerous Reef,South Australia,AUSTRALIA,-34.8166667,136.22916669999998
4949,2020-05-02|Dangerous Reef South Neptune Island South Australia AUSTRALIA,0.27438737062536267,-0.3116524820258603,0.013574131889806081,0.0547803354798667,0.19305329188889536,0.03726957350913903,0.049846145627747404,2020-05-02,Dangerous Reef South Neptune Island South Australia AUSTRALIA,Dangerous Reef,South Australia,AUSTRALIA,-34.8166667,136.22916669999998
4950,2020-05-02|Darling Harbor Sydney New South Wales AUSTRALIA,0.5823844317231436,-0.5132618475516562,0.09630146469373814,0.1878143581978203,0.3654835533493458,0.1335782277688641,0.11019743759142006,2020-05-02,Darling Harbor Sydney New South Wales AUSTRALIA,Darling Harbor,New South Wales,AUSTRALIA,-33.87488,151.2009
4951,2020-05-02|Dee Why north of Queenscliff New South Wales AUSTRALIA,0.5840637203673721,-0.5138629816464426,0.09672322528723175,0.18923768800568008,0.3661902641181049,0.13409530953488744,0.1104105189055362,2020-05-02,Dee Why north of Queenscliff New South Wales AUSTRALIA,Dee Why,New South Wales,AUSTRALIA,-33.7544,151.2854
4952,2020-05-02|Denmark Western Australia AUSTRALIA,0.20423928353326934,-0.28122039680658356,0.021128544538976758,0.08563836725730943,0.15530844588556472,0.024120713363389387,0.04307481270407907,2020-05-02,Denmark Western Australia AUSTRALIA,Denmark,Western Australia,AUSTRALIA,-34.9617565,117.35065
4953,2020-05-02|Dent Island Whitsundays Queensland AUSTRALIA,1.5850099188526412,-1.3558884724967237,0.17077756415156686,0.12290544492205704,0.9897705354616054,0.9796457128679532,0.27451295511925133,2020-05-02,Dent Island Whitsundays Queensland AUSTRALIA,Dent Island,Queensland,AUSTRALIA,-20.3496288,148.93201430000002
4954,2020-05-02|Depth of 40 m on the wreck of the St Paul off Brisbane Queensland AUSTRALIA,1.4804934379828667,-1.458979204936344,0.2656800447858256,0.5651701103639443,1.0503026370332824,1.1031356293590668,0.2913015394291187,2020-05-02,Depth of 40 m on the wreck of the St Paul off Brisbane Queensland AUSTRALIA,Depth of 40 m on the wreck of the St. Paul off Brisbane,Queensland,AUSTRALIA,44.953702899999996,-93.0899578
4955,2020-05-02|Derwent Island Queensland AUSTRALIA,1.7540191192962211,-1.614852972571999,0.22434521361297802,0.30895081857553425,1.1534323471388692,1.330406179426281,0.3199045746452287,2020-05-02,Derwent Island Queensland AUSTRALIA,Derwent Island,Queensland,AUSTRALIA,-20.9866702,149.7855122
4956,2020-05-02|Derwent River Tasmania AUSTRALIA,0.17423367856276126,-0.29627375948556445,-0.011760677710219323,0.0397782723875973,0.17497629805368053,0.030616704880570448,0.05051130639154833,2020-05-02,Derwent River Tasmania AUSTRALIA,Derwent River,Tasmania,AUSTRALIA,-42.133391100000004,146.22308940000002
4957,2020-05-02|Derwent River empties into the sea at Hobart Tasmania AUSTRALIA,0.17423367856276126,-0.29627375948556445,-0.011760677710219323,0.0397782723875973,0.17497629805368053,0.030616704880570448,0.05051130639154833,2020-05-02,Derwent River empties into the sea at Hobart Tasmania AUSTRALIA,Derwent River (empties into the sea at Hobart),Tasmania,AUSTRALIA,-42.133391100000004,146.22308940000002
4958,2020-05-02|Dicky Beach Queensland AUSTRALIA,0.6844188354606109,-0.512971321876339,0.09645808806975174,0.16629511828823176,0.40007582066531555,0.16006066228102575,0.12062739862185153,2020-05-02,Dicky Beach Queensland AUSTRALIA,Dicky Beach,Queensland,AUSTRALIA,-26.783,153.13299999999998
4959,2020-05-02|Dingo Reef 80 nm off Townsville Queensland AUSTRALIA,0.9947679388879342,-0.7006792078053815,0.10493559764969633,0.12313967299870758,0.5306889278047467,0.28163073809455175,0.15319669766201222,2020-05-02,Dingo Reef 80 nm off Townsville Queensland AUSTRALIA,Dingo Reef,Queensland,AUSTRALIA,-19.150384600000002,148.3894903
4960,2020-05-02|Direction Island Cocos Islands Western Australia AUSTRALIA,0.3351719465354072,-0.145136626349556,0.07606845099248921,0.03020445156621607,0.1680555148865622,0.02824265608378753,0.04851344837927893,2020-05-02,Direction Island Cocos Islands Western Australia AUSTRALIA,Direction Island,Western Australia,AUSTRALIA,-12.188700599999999,96.8293902
4961,2020-05-02|Dobroyd Head Watson Bay Sydney New South Wales AUSTRALIA,0.584062717054774,-0.5138629816464426,0.09672290735620859,0.18923694184376844,0.36618993836986796,0.13409507096332768,0.11041042068874729,2020-05-02,Dobroyd Head Watson Bay Sydney New South Wales AUSTRALIA,Dobroyd Head,New South Wales,AUSTRALIA,-33.8115783,151.2731683
4962,2020-05-02|Dolphin Bay Innes National Park South Australia AUSTRALIA,0.23639818497534634,-0.23483758716082398,0.02116040406798086,0.034287992323907994,0.16508076411403869,0.027251658680474886,0.04262367001285779,2020-05-02,Dolphin Bay Innes National Park South Australia AUSTRALIA,Dolphin Bay,South Australia,AUSTRALIA,-35.2367081,136.897156
4963,2020-05-02|Double Island Beach Queensland AUSTRALIA,0.6901345871048667,-0.5158104430165137,0.09508642240290731,0.1698748399229583,0.4026505626755742,0.16212747562295649,0.12140371254730546,2020-05-02,Double Island Beach Queensland AUSTRALIA,Double Island Beach,Queensland,AUSTRALIA,-25.9090307,153.0924523
4964,2020-05-02|Dover Heights Sydney New South Wales AUSTRALIA,0.5823844317231436,-0.5132618475516562,0.09630146469373814,0.1878143581978203,0.3654835533493458,0.1335782277688641,0.11019743759142006,2020-05-02,Dover Heights Sydney New South Wales AUSTRALIA,Dover Heights,New South Wales,AUSTRALIA,-33.87185,151.27837
4965,2020-05-02|Dugong Bay Westerm Australia AUSTRALIA,1.3106939848794381,-1.4504224753247075,0.16104667923851199,0.29751441347174656,0.9330274097308541,0.870540147309067,0.26934181308470395,2020-05-02,Dugong Bay Westerm Australia AUSTRALIA,Dugong Bay,Western Australia,AUSTRALIA,-16.395,123.87222220000001
4966,2020-05-02|Duranbah Greenmount Beach Queensland AUSTRALIA,0.6607043255275403,-0.5008091739810506,0.10588938475960206,0.2064625172172877,0.387131048129776,0.14987044842605896,0.11672440284940769,2020-05-02,Duranbah Greenmount Beach Queensland AUSTRALIA,Duranbah,Queensland,AUSTRALIA,-28.1675,153.55194440000002
4967,2020-05-02|Duranbah Queensland AUSTRALIA,0.6548444902732244,-0.49741134887416194,0.10530480040029784,0.2032069332242357,0.3841397684367292,0.14756336169462395,0.11582249808714899,2020-05-02,Duranbah Queensland AUSTRALIA,Duranbah,Queensland,AUSTRALIA,-28.316667,153.533333
4968,2020-05-02|Eaglehawk Neck Tasmania AUSTRALIA,0.3759452122844379,-0.42407617799990777,0.0635137676170005,0.15222174823479992,0.2692849400878558,0.0725143789581201,0.08119246436043193,2020-05-02,Eaglehawk Neck Tasmania AUSTRALIA,Eaglehawk Neck,Tasmania,AUSTRALIA,-43.019722200000004,147.925
4969,2020-05-02|East Ballina New South Wales AUSTRALIA,0.6529610317269589,-0.5031462579044892,0.10448890378663384,0.20178921458260266,0.38532600930636834,0.14847613344797145,0.11618016316674698,2020-05-02,East Ballina New South Wales AUSTRALIA,East Ballina,New South Wales,AUSTRALIA,-28.8537305,153.5865127
4970,2020-05-02|East of Station Pier Port Melbourne Victoria AUSTRALIA,0.5104703811323152,-0.5274874905250111,0.023567114360754652,0.012243136770090098,0.32517887057482603,0.10574129786831947,0.09387105423057715,2020-05-02,East of Station Pier Port Melbourne Victoria AUSTRALIA,East of Station Pier,Victoria,AUSTRALIA,-37.8423661,144.93221259999999
4971,2020-05-02|Egg Rock Middle Harbor Sydney New South Wales AUSTRALIA,0.5840637203673721,-0.5138629816464426,0.09672322528723175,0.18923768800568008,0.3661902641181049,0.13409530953488744,0.1104105189055362,2020-05-02,Egg Rock Middle Harbor Sydney New South Wales AUSTRALIA,Egg Rock,New South Wales,AUSTRALIA,-33.7859956,151.2260866
4972,2020-05-02|Eight-mile reef off Port Kembla New South Wales AUSTRALIA,0.5764218026243061,-0.5140441576197629,0.09426407731007246,0.1838946606893721,0.3636664650520507,0.1322532978034544,0.1096495648556861,2020-05-02,Eight-mile reef off Port Kembla New South Wales AUSTRALIA,Eight-mile reef off Port Kembla,New South Wales,AUSTRALIA,-34.485392,150.8995794
4973,2020-05-02|Elephant Rock Currumbin near Southport Queensland AUSTRALIA,0.6641670511528147,-0.5030545066664271,0.10596285891210151,0.2074184191073419,0.388976039038408,0.1513023589460091,0.11728068853900307,2020-05-02,Elephant Rock Currumbin near Southport Queensland AUSTRALIA,Elephant Rock,Queensland,AUSTRALIA,-28.131834499999997,153.48836269999998
4974,2020-05-02|Elliot Head near Bundaberg Queensland AUSTRALIA,1.0276007996438699,-0.7842873476554965,0.20691232014191308,0.3512546498189378,0.6304924583283354,0.39752074000890775,0.19010062885671603,2020-05-02,Elliot Head near Bundaberg Queensland AUSTRALIA,Elliot Head,Queensland,AUSTRALIA,-24.916667,152.48333300000002
4975,2020-05-02|Elliots Cove Tasmania AUSTRALIA,0.16065476043665491,-0.31800619517593726,0.022942834805936403,0.12214288255895292,0.17211415955137493,0.029623283918076147,0.044439684905930754,2020-05-02,Elliots Cove Tasmania AUSTRALIA,Elliot's Cove,Tasmania,AUSTRALIA,-42.98,145.56
4976,2020-05-02|Ellis Beach Queensland AUSTRALIA,0.9621704928942935,-0.6518574079725384,0.10302316106143321,0.11938638668817636,0.5066678380388995,0.25671229810301244,0.14626240634074217,2020-05-02,Ellis Beach Queensland AUSTRALIA,Ellis Beach,Queensland,AUSTRALIA,-16.722874800000003,145.67572130000002
4977,2020-05-02|Elliston Eyre Peninsula South Australia AUSTRALIA,0.27296647527004353,-0.3261156677478097,0.01739663689871444,0.07325410397462162,0.19255855257230872,0.03707879616874258,0.04971840448549047,2020-05-02,Elliston Eyre Peninsula South Australia AUSTRALIA,Elliston,South Australia,AUSTRALIA,-34.3333333,135.75
4978,2020-05-02|Elwood Beach Victoria AUSTRALIA,0.5104703811323152,-0.5274874905250111,0.023567114360754652,0.012243136770090098,0.32517887057482603,0.10574129786831947,0.09387105423057715,2020-05-02,Elwood Beach Victoria AUSTRALIA,Elwood Beach,Victoria,AUSTRALIA,-37.890226500000004,144.9845562
4979,2020-05-02|Elwood Victoria AUSTRALIA,0.5104667692218202,-0.5274959637308436,0.02356141774497142,0.01225481955139289,0.3251813599146895,0.10574291683596683,0.09387177284109728,2020-05-02,Elwood Victoria AUSTRALIA,Elwood,Victoria,AUSTRALIA,-37.882248600000004,144.9825759
4980,2020-05-02|Emerald Beach New South Wales AUSTRALIA,0.6340827911786306,-0.5047083646195618,0.10605666413744745,0.19498495539499167,0.37999050167494725,0.14439278136317807,0.11457144708679229,2020-05-02,Emerald Beach New South Wales AUSTRALIA,Emerald Beach,New South Wales,AUSTRALIA,-30.1574794,153.1501948
4981,2020-05-02|Emerald Hill Victoria AUSTRALIA,0.5104667692218202,-0.5274959637308436,0.023561437734018337,0.012254236089327047,0.3251812647978829,0.10574285497555082,0.09387174538324033,2020-05-02,Emerald Hill Victoria AUSTRALIA,Emerald Hill,Victoria,AUSTRALIA,-37.835,144.96
4982,2020-05-02|Emu Channel Western Australia AUSTRALIA,0.2835893769114026,-0.32603677947072723,0.016252417997672578,0.04076530469755888,0.19174531339388443,0.03676626520851895,0.051246090588536575,2020-05-02,Emu Channel Western Australia AUSTRALIA,Emu Channel,Western Australia,AUSTRALIA,-27.6728168,121.6283098
4983,2020-05-02|Emu Point Western Australia AUSTRALIA,0.21892430821973516,-0.2903095783705844,0.0287998124236513,0.08016503553038132,0.1632367725387636,0.026646243908872044,0.04362686255448589,2020-05-02,Emu Point Western Australia AUSTRALIA,Emu Point,Western Australia,AUSTRALIA,-34.9977653,117.9383683
4984,2020-05-02|Encounter Bay South Australia AUSTRALIA,0.3039437251292735,-0.278888308935563,-0.0044615327290901995,-0.003345330056404326,0.18601656724621746,0.03460216329006654,0.04971501877851008,2020-05-02,Encounter Bay South Australia AUSTRALIA,Encounter Bay,South Australia,AUSTRALIA,-35.5753024,138.5962997
4985,2020-05-02|Esperance Westerm Australia AUSTRALIA,0.24904957331950164,-0.29296485483340357,0.025070172269451442,0.06528612620581227,0.17113491067303588,0.029287157651067968,0.04573772876104738,2020-05-02,Esperance Westerm Australia AUSTRALIA,Esperance,Western Australia,AUSTRALIA,-33.86131029999999,121.89142379999998
4986,2020-05-02|Esperance Western Australia AUSTRALIA,0.24904957331950164,-0.29296485483340357,0.025070172269451442,0.06528612620581227,0.17113491067303588,0.029287157651067968,0.04573772876104738,2020-05-02,Esperance Western Australia AUSTRALIA,Esperance,Western Australia,AUSTRALIA,-33.86131029999999,121.89142379999998
4987,2020-05-02|Eva Rock Queensland AUSTRALIA,1.099870630217247,-0.7511664970798684,0.11795023503419123,0.1312385538874984,0.5883389148214845,0.34614267869332194,0.1698388154234582,2020-05-02,Eva Rock Queensland AUSTRALIA,Eva Rock,Queensland,AUSTRALIA,-18.235612,146.3256112
4988,2020-05-02|Evans Head New South Wales AUSTRALIA,0.654774589314324,-0.511746168399682,0.10557548306622344,0.20395703970972212,0.3887321669923613,0.15111269765457708,0.1172071583504946,2020-05-02,Evans Head New South Wales AUSTRALIA,Evans Head,New South Wales,AUSTRALIA,-29.108617100000004,153.4217078
4989,2020-05-02|Exmouth Western Australia AUSTRALIA,0.33521035044873354,-0.39660773779198066,0.038407101780554904,0.06906531240554152,0.21798736551613335,0.04751849152466432,0.058259574029059395,2020-05-02,Exmouth Western Australia AUSTRALIA,Exmouth,Western Australia,AUSTRALIA,-21.9313388,114.1236812
4990,2020-05-02|Fairhaven Beach Lorne Victoria AUSTRALIA,0.731257065293868,-0.8055554751634434,0.08722111799904458,0.1638095910562551,0.45488491269040476,0.20692028379335717,0.12616237516463188,2020-05-02,Fairhaven Beach Lorne Victoria AUSTRALIA,Fairhaven Beach,Victoria,AUSTRALIA,-38.468452500000005,144.0776499
4991,2020-05-02|Fairy Bower New South Wales AUSTRALIA,0.5840637203673721,-0.5138629816464426,0.09672322528723175,0.18923768800568008,0.3661902641181049,0.13409530953488744,0.1104105189055362,2020-05-02,Fairy Bower New South Wales AUSTRALIA,Fairy Bower,New South Wales,AUSTRALIA,-33.8007906,151.2936784
4992,2020-05-02|Fairy Bower near North Steyne New South Wales AUSTRALIA,0.5840637203673721,-0.5138629816464426,0.09672322528723175,0.18923768800568008,0.3661902641181049,0.13409530953488744,0.1104105189055362,2020-05-02,Fairy Bower near North Steyne New South Wales AUSTRALIA,Fairy Bower,New South Wales,AUSTRALIA,-33.8007906,151.2936784
4993,2020-05-02|Falcon Bay Beach Mandurah Western Australia AUSTRALIA,0.17461856528769915,-0.2251852508331672,0.035543057943827484,0.08360642556203782,0.12247118514487867,0.01499919119079115,0.031621924030426685,2020-05-02,Falcon Bay Beach Mandurah Western Australia AUSTRALIA,Falcon Bay Beach,Western Australia,AUSTRALIA,-32.5785751,115.65358130000001
4994,2020-05-02|Falcon Beach Mandurah Western Australia AUSTRALIA,0.17461856528769915,-0.2251852508331672,0.035543057943827484,0.08360642556203782,0.12247118514487867,0.01499919119079115,0.031621924030426685,2020-05-02,Falcon Beach Mandurah Western Australia AUSTRALIA,Falcon Beach,Western Australia,AUSTRALIA,-32.5785751,115.65358130000001
4995,2020-05-02|Fantome Island Queensland AUSTRALIA,1.1579506661553651,-0.881735891019512,0.19289574550049352,0.21348846838350954,0.6890122050076077,0.4747378186494457,0.19109760265964892,2020-05-02,Fantome Island Queensland AUSTRALIA,Fantome Island,Queensland,AUSTRALIA,-18.6932861,146.5196111
4996,2020-05-02|Fidos Reef 300 m east of Cook Island Cook Island is 2 miles from Tweed Heads Gold Coast Queensland AUSTRALIA,0.6607043255275403,-0.5008091739810506,0.10588938475960206,0.2064625172172877,0.387131048129776,0.14987044842605896,0.11672440284940769,2020-05-02,Fidos Reef 300 m east of Cook Island Cook Island is 2 miles from Tweed Heads Gold Coast Queensland AUSTRALIA,Fido's Reef,Queensland,AUSTRALIA,-28.178665600000002,153.5370011
4997,2020-05-02|Fig Tree Bridge Lane Cove River near Sydney New South Wales AUSTRALIA,0.584062717054774,-0.5138629816464426,0.09672290735620859,0.18923694184376844,0.36618993836986796,0.13409507096332768,0.11041042068874729,2020-05-02,Fig Tree Bridge Lane Cove River near Sydney New South Wales AUSTRALIA,Fig Tree Bridge,New South Wales,AUSTRALIA,-33.8298,151.1461246
4998,2020-05-02|Figtree Ledge Hervey Bay Queensland AUSTRALIA,1.10581706597545,-0.7717667757775367,0.3255973092639146,0.41065404716215387,0.6196581914178352,0.3839762741912225,0.19595312556609615,2020-05-02,Figtree Ledge Hervey Bay Queensland AUSTRALIA,Figtree Ledge,Queensland,AUSTRALIA,-25.288153899999998,152.7676633
4999,2020-05-02|Fingal Bay New South Wales AUSTRALIA,0.5999027051547181,-0.5143871466093761,0.09903819474010098,0.19331291602801004,0.37170108042790445,0.13816169319127147,0.11207209254082492,2020-05-02,Fingal Bay New South Wales AUSTRALIA,Fingal Bay,New South Wales,AUSTRALIA,-32.750155,152.16318700000002
5000,2020-05-02|Fingal Beach New South Wales AUSTRALIA,0.6607043255275403,-0.5008091739810506,0.10588938475960206,0.2064625172172877,0.387131048129776,0.14987044842605896,0.11672440284940769,2020-05-02,Fingal Beach New South Wales AUSTRALIA,Fingal Beach,New South Wales,AUSTRALIA,-28.2,153.5667
5001,2020-05-02|Fingal Beach Queensland AUSTRALIA,0.6607043255275403,-0.5008091739810506,0.10588938475960206,0.2064625172172877,0.387131048129776,0.14987044842605896,0.11672440284940769,2020-05-02,Fingal Beach Queensland AUSTRALIA,Fingal Beach,Queensland,AUSTRALIA,-28.2,153.5667
5002,2020-05-02|Fingal Beach near Tweed Heads Queensland AUSTRALIA,0.6607263501133811,-0.5008061866866896,0.10589901736130113,0.2064716438266513,0.38713599435785867,0.14987427812744797,0.11672589419328748,2020-05-02,Fingal Beach near Tweed Heads Queensland AUSTRALIA,Fingal Beach,Queensland,AUSTRALIA,-28.2,153.5667
5003,2020-05-02|First Beach Forster New South Wales AUSTRALIA,0.6173871820331772,-0.5144538602486689,0.10291271926354145,0.2032217226697749,0.3772879192874091,0.14234617404022254,0.11375658783729348,2020-05-02,First Beach Forster New South Wales AUSTRALIA,First Beach,New South Wales,AUSTRALIA,-32.1777906,152.5131044
5004,2020-05-02|First Sun Beach Byron Bay New South Wales AUSTRALIA,0.6531466600633705,-0.4974105066653399,0.10571698203373328,0.20178633465749232,0.3836575977102898,0.14719315228083055,0.1156771181431042,2020-05-02,First Sun Beach Byron Bay New South Wales AUSTRALIA,First Sun Beach,New South Wales,AUSTRALIA,-28.6410983,153.611705
5005,2020-05-02|Fishery Bay Eyre Peninsula South Australia AUSTRALIA,0.24802932565379615,-0.22816616264813483,0.023077110987665975,0.027284232971851646,0.149767749510699,0.02243037879349948,0.03866986664359341,2020-05-02,Fishery Bay Eyre Peninsula South Australia AUSTRALIA,Fishery Bay,South Australia,AUSTRALIA,-34.9141667,135.6861111
5006,2020-05-02|Fishery Bay South Australia AUSTRALIA,0.24802932565379615,-0.22816616264813483,0.023077110987665975,0.027284232971851646,0.149767749510699,0.02243037879349948,0.03866986664359341,2020-05-02,Fishery Bay South Australia AUSTRALIA,Fishery Bay,South Australia,AUSTRALIA,-34.9141667,135.6861111
5007,2020-05-02|Fitzroy Island Queensland AUSTRALIA,0.9636271606690251,-0.6481600389417517,0.10766339202020887,0.12550077884658056,0.5058284191028661,0.25586238957210483,0.1460200869664013,2020-05-02,Fitzroy Island Queensland AUSTRALIA,Fitzroy Island,Queensland,AUSTRALIA,-16.9336669,145.9943465
5008,2020-05-02|Fitzroy River at Rockhampton Queensland AUSTRALIA,1.6159323989442715,-1.5081591579384523,0.18873196972147682,0.2709104668363572,1.0879988859819554,1.183741575897976,0.30175659777351066,2020-05-02,Fitzroy River at Rockhampton Queensland AUSTRALIA,Fitzroy River at Rockhampton,Queensland,AUSTRALIA,-23.265825699999997,150.35923630000002
5009,2020-05-02|Fitzroy River near Rockhampton Queensland AUSTRALIA,1.6159323989442715,-1.5081591579384523,0.18873238169506698,0.2709104668363572,1.0879986725889255,1.1837411115552638,0.3017565385889329,2020-05-02,Fitzroy River near Rockhampton Queensland AUSTRALIA,Fitzroy River near Rockhampton,Queensland,AUSTRALIA,-23.265825699999997,150.35923630000002
5010,2020-05-02|Flat Rock Ballina New South Wales AUSTRALIA,0.653396504959647,-0.5025023025473216,0.10440974792940026,0.20190775825754997,0.3852512521852744,0.14841852731032187,0.11615762304664919,2020-05-02,Flat Rock Ballina New South Wales AUSTRALIA,Flat Rock,New South Wales,AUSTRALIA,-28.842362599999998,153.60194730000003
5011,2020-05-02|Flat Rock Beach Lennox Head New South Wales AUSTRALIA,0.6534180095309272,-0.5024992158751307,0.10441942442848012,0.20191742432905208,0.38525603834256245,0.14842221507940595,0.11615906612736845,2020-05-02,Flat Rock Beach Lennox Head New South Wales AUSTRALIA,Flat Rock Beach,New South Wales,AUSTRALIA,-28.842362599999998,153.60194730000003
5012,2020-05-02|Flat Rock New South Wales AUSTRALIA,0.5613386453702855,-0.5141253803887107,0.09003879033125034,0.1760511390028356,0.35865690715991366,0.12863477705351495,0.1081391263198877,2020-05-02,Flat Rock New South Wales AUSTRALIA,Flat Rock,New South Wales,AUSTRALIA,-35.2341806,150.52992930000002
5013,2020-05-02|Flat Rock Yamba New South Wales AUSTRALIA,0.649276343313934,-0.5116735202330938,0.10719889212660304,0.20339552837234304,0.38708326100032014,0.14983345094664197,0.11670999448775193,2020-05-02,Flat Rock Yamba New South Wales AUSTRALIA,Flat Rock,New South Wales,AUSTRALIA,-29.4372663,153.3652792
5014,2020-05-02|Flinders Cay Queensland AUSTRALIA,1.202744435992501,-0.9395598113597449,0.1950895094169687,0.2356557924558744,0.7196147986599064,0.5178454584503376,0.19958523501161443,2020-05-02,Flinders Cay Queensland AUSTRALIA,Flinders Cay,Queensland,AUSTRALIA,-21.0184301,144.4342138
5015,2020-05-02|Flinders Island Tasmania AUSTRALIA,0.6433698795958798,-0.6167278343749005,0.10116235296895432,0.12965492402028617,0.4220090560722783,0.17809164340701533,0.12724051792034546,2020-05-02,Flinders Island Tasmania AUSTRALIA,Flinders Island,Tasmania,AUSTRALIA,-39.9836386,148.052689
5016,2020-05-02|Flinders Island Victoria AUSTRALIA,0.5097066071006638,-0.5338181871324457,0.043250782485125865,0.08904855995432291,0.33315801215514,0.11099426106316441,0.10045092020175118,2020-05-02,Flinders Island Victoria AUSTRALIA,Flinders Island,Victoria,AUSTRALIA,-37.908132,145.101076
5017,2020-05-02|Flinders Mornington Penisula Victoria AUSTRALIA,0.8696390159172507,-1.0206802244306887,0.0446128239424267,0.0874201084901492,0.5857633265762838,0.34311867476171415,0.1624615160967038,2020-05-02,Flinders Mornington Penisula Victoria AUSTRALIA,Flinders,Victoria,AUSTRALIA,-38.474000000000004,145.02200000000002
5018,2020-05-02|Flinders Victoria AUSTRALIA,0.8696419073226149,-1.020690686031011,0.04460435102116727,0.08741689677432513,0.5857697529765242,0.3431262035021782,0.162463298459441,2020-05-02,Flinders Victoria AUSTRALIA,Flinders,Victoria,AUSTRALIA,-38.474000000000004,145.02200000000002
5019,2020-05-02|Floreat Beach Western Australia AUSTRALIA,0.17591287249247986,-0.2221596809470047,0.033252693319321076,0.07640729194770356,0.12406442738804402,0.015391982143123246,0.032033297408710255,2020-05-02,Floreat Beach Western Australia AUSTRALIA,Floreat Beach,Western Australia,AUSTRALIA,-31.928959399999997,115.7548856
5020,2020-05-02|Fluted Cape Bruny Island Tasmania AUSTRALIA,0.38018921775010106,-0.44183577616249947,0.035454873290014316,0.03323809318906455,0.2618693165187065,0.06857553893397447,0.07895656972721515,2020-05-02,Fluted Cape Bruny Island Tasmania AUSTRALIA,Fluted Cape,Tasmania,AUSTRALIA,-43.3582342,147.3630217
5021,2020-05-02|Fourth Beach  Twilgth Beach Western Australia AUSTRALIA,0.2484922385191241,-0.29265645945862356,0.02510330584434192,0.06536310778018165,0.17089337400386304,0.029204545278424213,0.04567317537087685,2020-05-02,Fourth Beach  Twilgth Beach Western Australia AUSTRALIA,Fourth Beach / Twilgth Beach,Western Australia,AUSTRALIA,-33.887392299999995,121.84184979999999
5022,2020-05-02|Frankston Victoria AUSTRALIA,0.5081597947615235,-0.5440673462660659,0.03936039214099341,0.09074432905922651,0.3348580466376795,0.11212991139800232,0.10096349988441022,2020-05-02,Frankston Victoria AUSTRALIA,Frankston,Victoria,AUSTRALIA,-38.1466246,145.135722
5023,2020-05-02|Fraser Island Queensland AUSTRALIA,1.082590097050298,-0.8414561864787574,0.2425878228568904,0.4043490120810514,0.6698714091129089,0.4487277047469142,0.20197382925583435,2020-05-02,Fraser Island Queensland AUSTRALIA,Fraser Island,Queensland,AUSTRALIA,-25.2398229,153.1325243
5024,2020-05-02|Frasers Reef New South Wales AUSTRALIA,0.5862985534494662,-0.5145037913336981,0.09787379565282213,0.19111751324685933,0.36724864747533564,0.13487156907246337,0.11072963349465356,2020-05-02,Frasers Reef New South Wales AUSTRALIA,Fraser's Reef,New South Wales,AUSTRALIA,-31.2532183,146.921099
5025,2020-05-02|Fremantle Western Australia AUSTRALIA,0.17786887385230832,-0.22445362411977077,0.03315272344180737,0.07656360401186663,0.12500760530459287,0.015626901383988877,0.032276824899597205,2020-05-02,Fremantle Western Australia AUSTRALIA,Fremantle,Western Australia,AUSTRALIA,-32.051819099999996,115.75510849999999
5026,2020-05-02|Frenchman Bay Western Australia AUSTRALIA,0.21215337125511524,-0.2862079215328714,0.030277356188158855,0.08228152915969586,0.1607518695809905,0.025841163573783774,0.0429627443039596,2020-05-02,Frenchman Bay Western Australia AUSTRALIA,Frenchman Bay,Western Australia,AUSTRALIA,-35.0943154,117.9496472
5027,2020-05-02|Freo Western Australia AUSTRALIA,0.17786887385230832,-0.22445362411977077,0.03315272344180737,0.07656360401186663,0.12500760530459287,0.015626901383988877,0.032276824899597205,2020-05-02,Freo Western Australia AUSTRALIA,Freo,Western Australia,AUSTRALIA,-32.051819099999996,115.75510849999999
5028,2020-05-02|Garden Island Sydney New South Wales AUSTRALIA,0.5823834305585353,-0.5132618475516562,0.09630114707030345,0.18781361175839492,0.3654832285966225,0.13357799038541104,0.11019733967478981,2020-05-02,Garden Island Sydney New South Wales AUSTRALIA,Garden Island,New South Wales,AUSTRALIA,-33.858892100000006,151.2294331
5029,2020-05-02|Garden Point Woolloomooloo Sydney Harbour New South Wales AUSTRALIA,0.5823844317231436,-0.5132618475516562,0.09630146469373814,0.1878143581978203,0.3654835533493458,0.1335782277688641,0.11019743759142006,2020-05-02,Garden Point Woolloomooloo Sydney Harbour New South Wales AUSTRALIA,Garden Point,New South Wales,AUSTRALIA,-33.8641859,151.2165708
5030,2020-05-02|Gay’s Corner Bulimba Reach of Brisbane River Queensland AUSTRALIA,0.9384575798227051,-0.6654929939132238,0.2648404079241413,0.3008474173024184,0.506024347931321,0.2560606406993186,0.15257208153385868,2020-05-02,Gay’s Corner Bulimba Reach of Brisbane River Queensland AUSTRALIA,Gay’s Corner,Queensland,AUSTRALIA,-27.45,153.058
5031,2020-05-02|Gearys Beach Western Australia AUSTRALIA,0.2835893769114026,-0.32603677947072723,0.016252417997672578,0.04076530469755888,0.19174531339388443,0.03676626520851895,0.051246090588536575,2020-05-02,Gearys Beach Western Australia AUSTRALIA,Gearys Beach,Western Australia,AUSTRALIA,-27.6728168,121.6283098
5032,2020-05-02|Geelong Victoria AUSTRALIA,0.522915231376898,-0.5261886952093218,0.022624143372301692,-0.006299016469185584,0.33348839579892864,0.11121451013254288,0.09626980754306397,2020-05-02,Geelong Victoria AUSTRALIA,Geelong,Victoria,AUSTRALIA,-38.1499181,144.3617186
5033,2020-05-02|Geographe Bay Western Australia AUSTRALIA,0.1874188015402145,-0.2617752340224927,0.03748612734134104,0.09824276617351516,0.14476278385428873,0.020956263589243514,0.03868948139559707,2020-05-02,Geographe Bay Western Australia AUSTRALIA,Geographe Bay,Western Australia,AUSTRALIA,-33.625,115.3197222
5034,2020-05-02|George Town Cove Tasmania AUSTRALIA,1.2469500990430769,-1.3068127463945325,0.22599722055869975,0.3897532593276011,0.8920954681667321,0.795834324323621,0.25752577934445403,2020-05-02,George Town Cove Tasmania AUSTRALIA,George Town Cove,Tasmania,AUSTRALIA,-41.112004999999996,146.82339299999998
5035,2020-05-02|Georges Head off Port Jackson New South Wales AUSTRALIA,0.5823844317231436,-0.5132618475516562,0.09630146469373814,0.1878143581978203,0.3654835533493458,0.1335782277688641,0.11019743759142006,2020-05-02,Georges Head off Port Jackson New South Wales AUSTRALIA,Georges Head,New South Wales,AUSTRALIA,-33.8462182,151.2488616
5036,2020-05-02|Georges River New South Wales AUSTRALIA,0.5780175737768849,-0.513648298104207,0.09440703724486431,0.1840433982499827,0.36406901744373615,0.13254624946244747,0.10977093896856617,2020-05-02,Georges River New South Wales AUSTRALIA,Georges River,New South Wales,AUSTRALIA,-34.0494645,150.8953368
5037,2020-05-02|George’s River New South Wales AUSTRALIA,0.5780175737768849,-0.513648298104207,0.09440703724486431,0.1840433982499827,0.36406901744373615,0.13254624946244747,0.10977093896856617,2020-05-02,George’s River New South Wales AUSTRALIA,George’s River,New South Wales,AUSTRALIA,-34.0494645,150.8953368
5038,2020-05-02|George’s River at Kentucky New South Wales AUSTRALIA,0.5780175737768849,-0.513648298104207,0.09440703724486431,0.1840433982499827,0.36406901744373615,0.13254624946244747,0.10977093896856617,2020-05-02,George’s River at Kentucky New South Wales AUSTRALIA,George’s River at Kentucky,New South Wales,AUSTRALIA,-34.0494645,150.8953368
5039,2020-05-02|Geraldton Western Australia AUSTRALIA,0.1999096541774741,-0.25567192524558385,0.0042455518181212,0.04551725952986847,0.14677523384984567,0.02154296927167688,0.040708125508756646,2020-05-02,Geraldton Western Australia AUSTRALIA,Geraldton,Western Australia,AUSTRALIA,-28.7796535,114.6144452
5040,2020-05-02|Gerringong New South Wales AUSTRALIA,0.5734287216241101,-0.515001001914887,0.09350331010381763,0.1829841126145175,0.36298624480192065,0.13175901391539988,0.10944447073346036,2020-05-02,Gerringong New South Wales AUSTRALIA,Gerringong,New South Wales,AUSTRALIA,-34.7391385,150.8249873
5041,2020-05-02|Gin Arm Creek Queensland AUSTRALIA,1.419827168773611,-1.2461146409474313,0.13560038290714754,0.15500138404338903,1.0296748546694556,1.0602303063385647,0.2972415272605995,2020-05-02,Gin Arm Creek Queensland AUSTRALIA,Gin Arm Creek,Queensland,AUSTRALIA,-17.563458999999998,139.44820280000002
5042,2020-05-02|Gladstone Queensland AUSTRALIA,1.1700625682442987,-0.8634896590584406,0.2962273552717891,0.34506539528980945,0.6450019692527904,0.41602754033997763,0.1944754110047142,2020-05-02,Gladstone Queensland AUSTRALIA,Gladstone,Queensland,AUSTRALIA,-23.8415948,151.24977080000002
5043,2020-05-02|Gladstone Reef Queensland AUSTRALIA,1.1700625682442987,-0.8634896590584406,0.2962273552717891,0.34506539528980945,0.6450019692527904,0.41602754033997763,0.1944754110047142,2020-05-02,Gladstone Reef Queensland AUSTRALIA,Gladstone Reef,Queensland,AUSTRALIA,-23.8397556,151.2543694
5044,2020-05-02|Glenelg Breakwater South Australia AUSTRALIA,0.21400164394713908,-0.28073321112544464,0.00896489241541054,0.03640963038387481,0.18192246648983929,0.0330957838137467,0.05485168748025459,2020-05-02,Glenelg Breakwater South Australia AUSTRALIA,Glenelg Breakwater,South Australia,AUSTRALIA,-34.982,138.516
5045,2020-05-02|Glenelg South Australia AUSTRALIA,0.2140262358880705,-0.2807220220232179,0.008970039525081623,0.0364114221133771,0.1819190538417295,0.03309454215067007,0.054850658528134436,2020-05-02,Glenelg South Australia AUSTRALIA,Glenelg,South Australia,AUSTRALIA,-34.982,138.516
5046,2020-05-02|Glenelg Western Australia AUSTRALIA,0.21400164394713908,-0.28073321112544464,0.00896489241541054,0.03640963038387481,0.18192246648983929,0.0330957838137467,0.05485168748025459,2020-05-02,Glenelg Western Australia AUSTRALIA,Glenelg,Western Australia,AUSTRALIA,-34.982,138.516
5047,2020-05-02|Gnaraloo Western Australia AUSTRALIA,0.27286747553945195,-0.32101277770137976,0.013371095552517047,0.030984103628224187,0.18410586204473908,0.0338949684392365,0.04753592917589564,2020-05-02,Gnaraloo Western Australia AUSTRALIA,Gnaraloo,Western Australia,AUSTRALIA,-23.8214,113.523903
5048,2020-05-02|Golden Beach Caloundra Queensland AUSTRALIA,0.6844188354606109,-0.512971321876339,0.09645808806975174,0.16629511828823176,0.40007582066531555,0.16006066228102575,0.12062739862185153,2020-05-02,Golden Beach Caloundra Queensland AUSTRALIA,Golden Beach,Queensland,AUSTRALIA,-26.799,153.13299999999998
5049,2020-05-02|Golden Beach Queensland AUSTRALIA,0.6844188354606109,-0.512971321876339,0.09645808806975174,0.16629511828823176,0.40007582066531555,0.16006066228102575,0.12062739862185153,2020-05-02,Golden Beach Queensland AUSTRALIA,Golden Beach,Queensland,AUSTRALIA,-26.823,153.118
5050,2020-05-02|Goldsmith Beach Yorke Peninsula South Australia AUSTRALIA,0.26020434654954694,-0.2528428262033869,0.04005604717280392,0.0864350218166759,0.17698491071171232,0.03132365861963279,0.04730120703657178,2020-05-02,Goldsmith Beach Yorke Peninsula South Australia AUSTRALIA,Goldsmith Beach,South Australia,AUSTRALIA,-35.15153370000001,137.68547780000003
5051,2020-05-02|Goolwa Beach Fleurieu Peninsula South Australia AUSTRALIA,0.3014425936803959,-0.27717177151041067,-0.004763411432565899,-0.003363483654015731,0.1862685837631629,0.034695985297134434,0.049782373025811365,2020-05-02,Goolwa Beach Fleurieu Peninsula South Australia AUSTRALIA,Goolwa Beach,South Australia,AUSTRALIA,-35.5,138.5
5052,2020-05-02|Goolwa Beach South Australia AUSTRALIA,0.30744046362246386,-0.2819238099260008,-0.004516996265871376,-0.004269877825248493,0.18626208372110023,0.03469356383212615,0.049780635816497214,2020-05-02,Goolwa Beach South Australia AUSTRALIA,Goolwa Beach,South Australia,AUSTRALIA,-35.5121467,138.7618244
5053,2020-05-02|Goolwa Victoria AUSTRALIA,0.30744721294180105,-0.28193079463612125,-0.00451875673584353,-0.00427334864516957,0.18626668268823354,0.034695277079679086,0.04978186494216478,2020-05-02,Goolwa Victoria AUSTRALIA,Goolwa,Victoria,AUSTRALIA,-35.498028600000005,138.7783094
5054,2020-05-02|Governors Reef Port Phillip Bay Victoria AUSTRALIA,0.49573456450259473,-0.5208677452572189,0.049943659312437466,0.10513950146044582,0.3241200024068469,0.10505377596021444,0.0977258577302364,2020-05-02,Governors Reef Port Phillip Bay Victoria AUSTRALIA,Governor's Reef,Victoria,AUSTRALIA,-38.1552778,144.7263889
5055,2020-05-02|Gracetown Western Australia AUSTRALIA,0.1808946862520035,-0.2697455471872658,0.038199730444626545,0.10337896512770722,0.1442279437275216,0.02080169975186914,0.0360569859318804,2020-05-02,Gracetown Western Australia AUSTRALIA,Gracetown,Western Australia,AUSTRALIA,-33.8641558,114.9882251
5056,2020-05-02|Graceville Queensland AUSTRALIA,0.9384575798227051,-0.6654929939132238,0.2648402297640444,0.3008474173024184,0.5060242356999083,0.25606052711567634,0.15257204769481453,2020-05-02,Graceville Queensland AUSTRALIA,Graceville,Queensland,AUSTRALIA,-27.520922,152.98091200000002
5057,2020-05-02|Grange South Australia AUSTRALIA,0.21399685403248736,-0.28042950763129715,0.010440793443242736,0.035230701908829876,0.18042736640212398,0.0325540345468063,0.05440089784252922,2020-05-02,Grange South Australia AUSTRALIA,Grange,South Australia,AUSTRALIA,-34.9,138.489
5058,2020-05-02|Great Barrier Reef Queensland AUSTRALIA,0.9291141099182499,-0.5990093953959843,0.1367569506188705,0.1735839326771137,0.4786853529939037,0.22913966717089818,0.13818455870408067,2020-05-02,Great Barrier Reef Queensland AUSTRALIA,Great Barrier Reef,Queensland,AUSTRALIA,-18.2870668,147.6991918
5059,2020-05-02|Great Barrier Reef near Upolu Bay Queensland AUSTRALIA,0.9552535373006467,-0.6460887035182651,0.10667249826774187,0.12601921932862745,0.5026069645520425,0.25261376081621806,0.1450901331403512,2020-05-02,Great Barrier Reef near Upolu Bay Queensland AUSTRALIA,Great Barrier Reef (near Upolu Bay),Queensland,AUSTRALIA,-16.6722064,145.9334219
5060,2020-05-02|Great Barrier Reef off Cairns Queensland AUSTRALIA,0.9619309011659204,-0.6490088701996766,0.10598060104760558,0.12365042338246937,0.5055581047713074,0.25558899729995616,0.14594205394035567,2020-05-02,Great Barrier Reef off Cairns Queensland AUSTRALIA,Great Barrier Reef,Queensland,AUSTRALIA,-16.9185514,145.7780548
5061,2020-05-02|Great Keppel Island Queensland AUSTRALIA,1.4981649625967723,-1.1336429219019357,0.32714077314640455,0.4481148124188285,0.8592905037881029,0.7383801699004118,0.24805580183707518,2020-05-02,Great Keppel Island Queensland AUSTRALIA,Great Keppel Island,Queensland,AUSTRALIA,-23.1262002,150.97441619999998
5062,2020-05-02|Green Island New South Wales AUSTRALIA,0.5613577146534445,-0.5141202487935467,0.09004959387730417,0.17606622486091397,0.35866048366596304,0.12863734254350254,0.10814020467703554,2020-05-02,Green Island New South Wales AUSTRALIA,Green Island,New South Wales,AUSTRALIA,-35.2721138,150.5160592
5063,2020-05-02|Green Island Queensland AUSTRALIA,0.9526393332380769,-0.6432334876454386,0.10688248138987903,0.12629979862278917,0.5007217435784673,0.2507222644922604,0.14454591672206343,2020-05-02,Green Island Queensland AUSTRALIA,Green Island,Queensland,AUSTRALIA,-16.7597228,145.97380159999997
5064,2020-05-02|Greenmount Beach Queensland AUSTRALIA,0.6607043255275403,-0.5008091739810506,0.10588938475960206,0.2064625172172877,0.387131048129776,0.14987044842605896,0.11672440284940769,2020-05-02,Greenmount Beach Queensland AUSTRALIA,Greenmount Beach,Queensland,AUSTRALIA,-28.1639838,153.54760100000001
5065,2020-05-02|Grey’s Point Port Hacking New South Wales AUSTRALIA,0.5785981943443469,-0.5133144563576315,0.0945762064640483,0.1842457064501228,0.36419490223940537,0.13263792681717004,0.1098088946625703,2020-05-02,Grey’s Point Port Hacking New South Wales AUSTRALIA,Grey’s Point,New South Wales,AUSTRALIA,-34.05508,151.07492
5066,2020-05-02|Guillotines surf break Shire of Augusta Margaret River Western Australia AUSTRALIA,0.18934026859465863,-0.28929695596638283,0.033917402417711975,0.10663937348122943,0.15216991415376538,0.023155682773564324,0.038042478538441345,2020-05-02,Guillotines surf break Shire of Augusta Margaret River Western Australia AUSTRALIA,Guillotines surf break,Western Australia,AUSTRALIA,-34.1622739,115.18891599999999
5067,2020-05-02|Half Tide Beach Evans Head New South Wales AUSTRALIA,0.654774589314324,-0.511746168399682,0.10557548306622344,0.20395703970972212,0.3887321669923613,0.15111269765457708,0.1172071583504946,2020-05-02,Half Tide Beach Evans Head New South Wales AUSTRALIA,Half Tide Beach,New South Wales,AUSTRALIA,-29.108617100000004,153.4217078
5068,2020-05-02|Hallidays Point New South Wales AUSTRALIA,0.6186211353757041,-0.5144222303965984,0.10292200310491063,0.20307103194211665,0.37767377296089716,0.1426374787825193,0.11387292709719712,2020-05-02,Hallidays Point New South Wales AUSTRALIA,Hallidays Point,New South Wales,AUSTRALIA,-32.0683509,152.51499819999998
5069,2020-05-02|Hamelin Bay Western Australia AUSTRALIA,0.19160869897652208,-0.29440953213702625,0.03221003156026507,0.10688572217920234,0.15443905433000235,0.023851421502345416,0.03860976358250059,2020-05-02,Hamelin Bay Western Australia AUSTRALIA,Hamelin Bay,Western Australia,AUSTRALIA,-34.2283311,115.0559483
5070,2020-05-02|Hamelin Harbour at Faure Island Western Australia AUSTRALIA,0.32549713085519183,-0.4322729599131487,0.011060236075499247,0.050947365831396516,0.22048465518335453,0.04861348317132275,0.05892700276693599,2020-05-02,Hamelin Harbour at Faure Island Western Australia AUSTRALIA,Hamelin Harbour,Western Australia,AUSTRALIA,-25.8438664,113.89416570000002
5071,2020-05-02|Hams Beach New South Wales AUSTRALIA,0.5962458236067094,-0.5148034679773812,0.09945871315743146,0.1946142077331536,0.37064958502043066,0.13738111487581744,0.11175505474670017,2020-05-02,Hams Beach New South Wales AUSTRALIA,Hams Beach,New South Wales,AUSTRALIA,-33.097531,151.658097
5072,2020-05-02|Happy Valley Beach Caloundra Queensland AUSTRALIA,0.6844188354606109,-0.512971321876339,0.09645808806975174,0.16629511828823176,0.40007582066531555,0.16006066228102575,0.12062739862185153,2020-05-02,Happy Valley Beach Caloundra Queensland AUSTRALIA,Happy Valley Beach,Queensland,AUSTRALIA,-26.8071839,153.13424890000002
5073,2020-05-02|Hardwicke Bay Yorke Peninsula South Australia AUSTRALIA,0.2698127072892302,-0.33862366325369203,0.02207282983061795,0.0729808280991587,0.20029607670765948,0.04011851834448061,0.053531378211075294,2020-05-02,Hardwicke Bay Yorke Peninsula South Australia AUSTRALIA,Hardwicke Bay,South Australia,AUSTRALIA,-34.889309600000004,137.45835280000003
5074,2020-05-02|Harvey Bay Queensland AUSTRALIA,1.1058235412560837,-0.7717705440159297,0.3255913117242556,0.4106474958396209,0.6196579866003702,0.3839760203576246,0.19595306079712674,2020-05-02,Harvey Bay Queensland AUSTRALIA,Harvey Bay,Queensland,AUSTRALIA,-25.288153899999998,152.7676633
5075,2020-05-02|Hawkesbury Bridge Sydney New South Wales AUSTRALIA,0.5785981943443469,-0.5133144563576315,0.0945762064640483,0.1842457064501228,0.36419490223940537,0.13263792681717004,0.1098088946625703,2020-05-02,Hawkesbury Bridge Sydney New South Wales AUSTRALIA,Hawkesbury Bridge,New South Wales,AUSTRALIA,-33.874241299999994,150.92112269999998
5076,2020-05-02|Hawkesbury River New South Wales AUSTRALIA,0.5862985534494662,-0.5145037913336981,0.09787379565282213,0.19111751324685933,0.36724864747533564,0.13487156907246337,0.11072963349465356,2020-05-02,Hawkesbury River New South Wales AUSTRALIA,Hawkesbury River,New South Wales,AUSTRALIA,-33.4594721,151.0642231
5077,2020-05-02|Hawks Nest Beach New South Wales AUSTRALIA,0.6006959112141462,-0.5147010852375448,0.09920978158951109,0.19395575831436138,0.3720518165725939,0.13842255421496705,0.11217784346740227,2020-05-02,Hawks Nest Beach New South Wales AUSTRALIA,Hawks Nest Beach,New South Wales,AUSTRALIA,-32.6742413,152.1858925
5078,2020-05-02|Heron Island Queensland AUSTRALIA,0.9960049582755532,-0.7280679373876591,0.2442773391611843,0.2860165010733617,0.5419061223718887,0.29366224546413644,0.1633908435912703,2020-05-02,Heron Island Queensland AUSTRALIA,Heron Island,Queensland,AUSTRALIA,-23.442297600000003,151.9148004
5079,2020-05-02|Hinchinbrook Channel Queensland Queensland AUSTRALIA,1.099870630217247,-0.7511664970798684,0.11795023503419123,0.1312385538874984,0.5883389148214845,0.34614267869332194,0.1698388154234582,2020-05-02,Hinchinbrook Channel Queensland Queensland AUSTRALIA,Hinchinbrook Channel,Queensland,AUSTRALIA,-18.292160600000003,146.2440175
5080,2020-05-02|Hobart Tasmania AUSTRALIA,0.3978342279270372,-0.46248952209150773,0.035553271728309105,0.015143754223257665,0.2731106527032849,0.0745894286200143,0.08234596011507805,2020-05-02,Hobart Tasmania AUSTRALIA,Hobart,Tasmania,AUSTRALIA,-42.8821377,147.3271949
5081,2020-05-02|Hobson Bay Victoria AUSTRALIA,0.5081358962210012,-0.5229392571985417,0.02517719573596378,0.013658120314131654,0.3230468136085583,0.10435924378264262,0.093255582398876,2020-05-02,Hobson Bay Victoria AUSTRALIA,Hobson Bay,Victoria,AUSTRALIA,-37.8360799,144.8401227
5082,2020-05-02|Hobsons Bay Victoria AUSTRALIA,0.5081358962210012,-0.5229392571985417,0.02517719573596378,0.013658120314131654,0.3230468136085583,0.10435924378264262,0.093255582398876,2020-05-02,Hobsons Bay Victoria AUSTRALIA,Hobson's Bay,Victoria,AUSTRALIA,-37.8360799,144.8401227
5083,2020-05-02|Hog Bay South Australia AUSTRALIA,0.2519103452751501,-0.25239942318501174,-0.0015388561939675416,0.03808673128569916,0.18824449297369958,0.03543598913492523,0.050310456975325595,2020-05-02,Hog Bay South Australia AUSTRALIA,Hog Bay,South Australia,AUSTRALIA,-35.7189386,137.9434671
5084,2020-05-02|Holmes Reef Queensland AUSTRALIA,1.0637276157048097,-1.3296205507522212,0.09667672886841878,0.31441609463342124,0.7525030351187422,0.5662608178629189,0.21722891494590812,2020-05-02,Holmes Reef Queensland AUSTRALIA,Holmes Reef,Queensland,AUSTRALIA,-10.6005556,142.23138889999998
5085,2020-05-02|Homebush Bay Parramatta River Sydney New South Wales AUSTRALIA,0.584062717054774,-0.5138629816464426,0.09672290735620859,0.18923694184376844,0.36618993836986796,0.13409507096332768,0.11041042068874729,2020-05-02,Homebush Bay Parramatta River Sydney New South Wales AUSTRALIA,Homebush Bay,New South Wales,AUSTRALIA,-33.8321521,151.08061709999998
5086,2020-05-02|Honeycombs 250 km south of Perth Western Australia AUSTRALIA,0.17591287249247986,-0.2221596809470047,0.033252693319321076,0.07640729194770356,0.12406442738804402,0.015391982143123246,0.032033297408710255,2020-05-02,Honeycombs 250 km south of Perth Western Australia AUSTRALIA,Honeycombs,Western Australia,AUSTRALIA,-31.950526899999996,115.8604572
5087,2020-05-02|Honeymoon Island near Hopetown Western Australia AUSTRALIA,0.20423928353326934,-0.28122039680658356,0.021128544538976758,0.08563836725730943,0.15530844588556472,0.024120713363389387,0.04307481270407907,2020-05-02,Honeymoon Island near Hopetown Western Australia AUSTRALIA,Honeymoon Island,Western Australia,AUSTRALIA,-34.99101160000001,117.34502920000001
5088,2020-05-02|Honeysuckle Point Eden New South Wales AUSTRALIA,0.555872512014103,-0.5169077611768564,0.08678954256832373,0.17745884705661802,0.3570591397813207,0.1274912293013767,0.10765738132924565,2020-05-02,Honeysuckle Point Eden New South Wales AUSTRALIA,Honeysuckle Point,New South Wales,AUSTRALIA,-36.9640598,149.8899148
5089,2020-05-02|Horizontal Falls Western Australia AUSTRALIA,0.997517612090765,-1.2616166211592499,0.1888354319943789,0.4032680684066427,0.699296838832511,0.48901606880114284,0.19395004686003817,2020-05-02,Horizontal Falls Western Australia AUSTRALIA,Horizontal Falls,Western Australia,AUSTRALIA,-17.947279,122.231078
5090,2020-05-02|Horn Point Ladys Bay South Australia AUSTRALIA,0.4483180127920749,-0.5690343995666687,-0.07495338266963528,-0.028796027038128218,0.3885441963568457,0.15096659252258704,0.12286846321273293,2020-05-02,Horn Point Ladys Bay South Australia AUSTRALIA,Horn Point,South Australia,AUSTRALIA,-30.0002315,136.20915469999997
5091,2020-05-02|Horseshoe Bay New South Wales AUSTRALIA,0.5528039733260866,-0.5139616363729584,0.08790133764942527,0.1725145046203634,0.35563843609201995,0.12647869722597777,0.107229023049638,2020-05-02,Horseshoe Bay New South Wales AUSTRALIA,Horseshoe Bay,New South Wales,AUSTRALIA,-36.4058391,150.075097
5092,2020-05-02|Horseshoe Bay near Kempsey New South Wales AUSTRALIA,0.6282524262207914,-0.5025348539207641,0.10673013413035731,0.1998408669240791,0.3771902250729424,0.14227246589057696,0.11372713192333216,2020-05-02,Horseshoe Bay near Kempsey New South Wales AUSTRALIA,Horseshoe Bay,New South Wales,AUSTRALIA,-30.8840947,153.039412
5093,2020-05-02|Iluka Beach New South Wales AUSTRALIA,0.649276343313934,-0.5116735202330938,0.10719889212660304,0.20339552837234304,0.38708326100032014,0.14983345094664197,0.11670999448775193,2020-05-02,Iluka Beach New South Wales AUSTRALIA,Iluka Beach,New South Wales,AUSTRALIA,-29.4120103,153.3647477
5094,2020-05-02|In Swan River at Freshwater Bay Claremont 5 miles from river mouth Western Australia AUSTRALIA,0.17721117615606516,-0.22352312793276102,0.033161409909543936,0.07631391701336704,0.12479679679460687,0.0155742404901944,0.03222239437636957,2020-05-02,In Swan River at Freshwater Bay Claremont 5 miles from river mouth Western Australia AUSTRALIA,In Swan River at Freshwater Bay,Western Australia,AUSTRALIA,-31.9842456,115.77800049999999
5095,2020-05-02|In a tidal creek 5 km from Wickham Western Australia AUSTRALIA,0.6351011431843218,-0.6972615403859641,0.13940523777365696,0.2557719377792217,0.4103025677489039,0.16834819710134388,0.11844414896951216,2020-05-02,In a tidal creek 5 km from Wickham Western Australia AUSTRALIA,In a tidal creek 5 km from Wickham,Western Australia,AUSTRALIA,-20.673199399999998,117.147269
5096,2020-05-02|Injidup Western Australia AUSTRALIA,0.17753395119447113,-0.2621454972290088,0.03237045109015685,0.10146698780003482,0.14111222295277137,0.019912659466672655,0.036435019296159436,2020-05-02,Injidup Western Australia AUSTRALIA,Injidup,Western Australia,AUSTRALIA,-33.6930914,114.9857991
5097,2020-05-02|Ipswich Queensland AUSTRALIA,0.9384575798227051,-0.6654929939132238,0.2648402297640444,0.3008474173024184,0.5060242356999083,0.25606052711567634,0.15257204769481453,2020-05-02,Ipswich Queensland AUSTRALIA,Ipswich,Queensland,AUSTRALIA,-27.623,152.76
5098,2020-05-02|Iron Cove Bridge Sydney Estuary New South Wales AUSTRALIA,0.5823834305585353,-0.5132618475516562,0.09630114707030345,0.18781361175839492,0.3654832285966225,0.13357799038541104,0.11019733967478981,2020-05-02,Iron Cove Bridge Sydney Estuary New South Wales AUSTRALIA,Iron Cove Bridge,New South Wales,AUSTRALIA,-33.8592696,151.1619465
5099,2020-05-02|Iron Cove Sydney New South Wales AUSTRALIA,0.5823844317231436,-0.5132618475516562,0.09630146469373814,0.1878143581978203,0.3654835533493458,0.1335782277688641,0.11019743759142006,2020-05-02,Iron Cove Sydney New South Wales AUSTRALIA,Iron Cove,New South Wales,AUSTRALIA,-33.8642907,151.1583441
5100,2020-05-02|Jan Juc Beach Victoria AUSTRALIA,0.790291462240813,-0.8855927708111426,0.07699459247237377,0.14563746148791454,0.501688652225617,0.2516915037719561,0.13914339691676025,2020-05-02,Jan Juc Beach Victoria AUSTRALIA,Jan Juc Beach,Victoria,AUSTRALIA,-38.346092299999995,144.3099291
5101,2020-05-02|Jervis Bay & Long Reef New South Wales AUSTRALIA,0.5692773194889119,-0.5149564335781928,0.0924380534428288,0.18267884835887344,0.3614846582698977,0.1306711581645047,0.10899172535919024,2020-05-02,Jervis Bay & Long Reef New South Wales AUSTRALIA,Jervis Bay & Long Reef,New South Wales,AUSTRALIA,-35.0480805,150.7446771
5102,2020-05-02|Jervis Bay New South Wales AUSTRALIA,0.5692773194889119,-0.5149564335781928,0.0924380534428288,0.18267884835887344,0.3614846582698977,0.1306711581645047,0.10899172535919024,2020-05-02,Jervis Bay New South Wales AUSTRALIA,Jervis Bay,New South Wales,AUSTRALIA,-35.0480805,150.7446771
5103,2020-05-02|Jimmys Beach New South Wales AUSTRALIA,0.5999027051547181,-0.5143871466093761,0.09903819474010098,0.19331291602801004,0.37170108042790445,0.13816169319127147,0.11207209254082492,2020-05-02,Jimmys Beach New South Wales AUSTRALIA,Jimmy's Beach,New South Wales,AUSTRALIA,-32.6790132,152.1762756
5104,2020-05-02|Jimmys Beach Port Stephens New South Wales AUSTRALIA,0.5999219463351105,-0.5143826899705318,0.09904867264651292,0.19332640200763732,0.37170484503566387,0.1381644918229869,0.11207322761277227,2020-05-02,Jimmys Beach Port Stephens New South Wales AUSTRALIA,Jimmys Beach,New South Wales,AUSTRALIA,-32.6790132,152.1762756
5105,2020-05-02|Johnstones Bay Sydney New South Wales AUSTRALIA,0.5823844317231436,-0.5132618475516562,0.09630146469373814,0.1878143581978203,0.3654835533493458,0.1335782277688641,0.11019743759142006,2020-05-02,Johnstones Bay Sydney New South Wales AUSTRALIA,Johnstone's Bay,New South Wales,AUSTRALIA,-33.864072,151.1898785
5106,2020-05-02|Julian Rocks Byron Bay New South Wales AUSTRALIA,0.6531466600633705,-0.4974105066653399,0.10571698203373328,0.20178633465749232,0.3836575977102898,0.14719315228083055,0.1156771181431042,2020-05-02,Julian Rocks Byron Bay New South Wales AUSTRALIA,Julian Rocks,New South Wales,AUSTRALIA,-28.643715999999998,153.615072
5107,2020-05-02|Junpinpin off Stradbroke Island Queensland AUSTRALIA,0.6710109537523411,-0.5039931197869185,0.102818713403916,0.20393228075287634,0.39142713152822606,0.1532151992964152,0.11801972073129258,2020-05-02,Junpinpin off Stradbroke Island Queensland AUSTRALIA,Junpinpin,Queensland,AUSTRALIA,-27.731177600000002,153.4428803
5108,2020-05-02|Jurien Bay Western Australia AUSTRALIA,0.17035887895702168,-0.2391916850194217,0.019372589905980925,0.06704275022617184,0.13604164343355638,0.01850732874810289,0.034010410858389094,2020-05-02,Jurien Bay Western Australia AUSTRALIA,Jurien Bay,Western Australia,AUSTRALIA,-30.293831400000002,115.11776540000001
5109,2020-05-02|Just below Roseville Bridge opposite Killarney picnic reserve Middle Harbor Sydney New South Wales AUSTRALIA,0.5840847827671932,-0.5138601166467909,0.0967302344491813,0.18923544981637558,0.3661959631857549,0.13409948345354278,0.11041223723908619,2020-05-02,Just below Roseville Bridge opposite Killarney picnic reserve Middle Harbor Sydney New South Wales AUSTRALIA,Just below Roseville Bridge,New South Wales,AUSTRALIA,-33.773044899999995,151.2037718
5110,2020-05-02|Just north of Fingal Spit New South Wales AUSTRALIA,0.5999027051547181,-0.5143871466093761,0.09903819474010098,0.19331291602801004,0.37170108042790445,0.13816169319127147,0.11207209254082492,2020-05-02,Just north of Fingal Spit New South Wales AUSTRALIA,Just north of Fingal Spit,New South Wales,AUSTRALIA,-32.750155,152.16318700000002
5111,2020-05-02|Kalbarri Western Australia AUSTRALIA,0.1992526306425244,-0.23365982588850134,0.022235764208996988,0.03232846982278261,0.133973668478845,0.017948943845679466,0.03459185245659202,2020-05-02,Kalbarri Western Australia AUSTRALIA,Kalbarri,Western Australia,AUSTRALIA,-27.710419199999997,114.1646201
5112,2020-05-02|Kangaroo Island South Australia AUSTRALIA,0.2365695775325442,-0.24990951519781135,0.011873318545918363,0.041710946697847445,0.17446993757704024,0.03043975911813632,0.04504794417664829,2020-05-02,Kangaroo Island South Australia AUSTRALIA,Kangaroo Island,South Australia,AUSTRALIA,-35.775242600000006,137.2142417
5113,2020-05-02|Karra Garra Queensland AUSTRALIA,0.9847658246596664,-0.7252043914921674,0.26077048525404156,0.307494305900049,0.5412027492420395,0.2929004157871419,0.16317876861314956,2020-05-02,Karra Garra Queensland AUSTRALIA,Karra Garra,Queensland,AUSTRALIA,-27.637184,153.3718169
5114,2020-05-02|Katana Downs Reach Brisbane River Queensland AUSTRALIA,0.9384520422667174,-0.6654897216813404,0.26484726038122947,0.30085652116609213,0.5060248418331195,0.2560611405522336,0.15257223045085402,2020-05-02,Katana Downs Reach Brisbane River Queensland AUSTRALIA,Katana Downs Reach,Queensland,AUSTRALIA,-27.55,152.822222
5115,2020-05-02|Kelpids Beach Wylie Bay Esperance Western Australia AUSTRALIA,0.24978878651607153,-0.293983432798369,0.025263992291412324,0.06584458223415275,0.17169474027254797,0.029479083837257707,0.04588734951507232,2020-05-02,Kelpids Beach Wylie Bay Esperance Western Australia AUSTRALIA,Kelpids Beach,Western Australia,AUSTRALIA,-33.8356954,121.9840825
5116,2020-05-02|Kelpies near Wylie Bay Western Australia AUSTRALIA,0.24978878651607153,-0.293983432798369,0.025263992291412324,0.06584458223415275,0.17169474027254797,0.029479083837257707,0.04588734951507232,2020-05-02,Kelpies near Wylie Bay Western Australia AUSTRALIA,Kelpies near Wylie Bay,Western Australia,AUSTRALIA,-33.8324777,121.9970721
5117,2020-05-02|Kempsey New South Wales AUSTRALIA,0.6263498650747938,-0.5042779631552069,0.10590530695083594,0.20125167892657086,0.3770214234868816,0.14214515376807452,0.1136762363301521,2020-05-02,Kempsey New South Wales AUSTRALIA,Kempsey,New South Wales,AUSTRALIA,-31.060476899999998,152.8481977
5118,2020-05-02|Kerosene Bay New South Wales AUSTRALIA,0.5862985534494662,-0.5145037913336981,0.09787379565282213,0.19111751324685933,0.36724864747533564,0.13487156907246337,0.11072963349465356,2020-05-02,Kerosene Bay New South Wales AUSTRALIA,Kerosene Bay,New South Wales,AUSTRALIA,-31.2532183,146.921099
5119,2020-05-02|Kiah Creek Eden New South Wales AUSTRALIA,0.5558714250584665,-0.5169077611768564,0.08678918312293388,0.17745798373947472,0.3570587790669082,0.12749097170875115,0.10765727256975813,2020-05-02,Kiah Creek Eden New South Wales AUSTRALIA,Kiah Creek,New South Wales,AUSTRALIA,-37.137766,149.871076
5120,2020-05-02|Kiama New South Wales AUSTRALIA,0.5737431277315118,-0.514302840617808,0.0939156904438243,0.18320948962061767,0.3629010075812009,0.13169714130345084,0.10941877074443308,2020-05-02,Kiama New South Wales AUSTRALIA,Kiama,New South Wales,AUSTRALIA,-34.6738221,150.8443706
5121,2020-05-02|Kilcunda Victoria AUSTRALIA,0.9207948142159127,-1.1030619749889612,0.018234648306225506,0.03236726775829699,0.6383533468557464,0.4074949954419329,0.17704736338095714,2020-05-02,Kilcunda Victoria AUSTRALIA,Kilcunda,Victoria,AUSTRALIA,-38.5498,145.4761
5122,2020-05-02|Kings Beach Caloundra Queensland AUSTRALIA,0.6844188354606109,-0.512971321876339,0.09645808806975174,0.16629511828823176,0.40007582066531555,0.16006066228102575,0.12062739862185153,2020-05-02,Kings Beach Caloundra Queensland AUSTRALIA,Kings Beach,Queensland,AUSTRALIA,-26.801,153.141
5123,2020-05-02|Kingscliff Beach New South Wales AUSTRALIA,0.6567847845304903,-0.49825515777895185,0.10527120487589299,0.2040950683087926,0.38504361488148464,0.14825858536100106,0.11609501804399903,2020-05-02,Kingscliff Beach New South Wales AUSTRALIA,Kingscliff Beach,New South Wales,AUSTRALIA,-28.251915000000004,153.574525
5124,2020-05-02|Kingscliff New South Wales AUSTRALIA,0.656763049980458,-0.4982581229042682,0.10526166487949574,0.20408599380470588,0.38503874626161205,0.1482548361227141,0.11609355009987501,2020-05-02,Kingscliff New South Wales AUSTRALIA,Kingscliff,New South Wales,AUSTRALIA,-28.264593800000004,153.5776602
5125,2020-05-02|Kingscliffe Beach south of Tweed Heads New South Wales AUSTRALIA,0.6567847845304903,-0.49825515777895185,0.10527120487589299,0.2040950683087926,0.38504361488148464,0.14825858536100106,0.11609501804399903,2020-05-02,Kingscliffe Beach south of Tweed Heads New South Wales AUSTRALIA,Kingscliffe Beach,New South Wales,AUSTRALIA,-28.2732826,153.5811643
5126,2020-05-02|King’s Beach Caloundra Queensland AUSTRALIA,0.6844188354606109,-0.512971321876339,0.09645808806975174,0.16629511828823176,0.40007582066531555,0.16006066228102575,0.12062739862185153,2020-05-02,King’s Beach Caloundra Queensland AUSTRALIA,King’s Beach,Queensland,AUSTRALIA,-26.801,153.141
5127,2020-05-02|Kirra Beach Coolangatta Queensland AUSTRALIA,0.660728667422718,-0.5008073819745638,0.10589650871324921,0.2064610797689089,0.38713761777308314,0.14987553509501783,0.11672638367139462,2020-05-02,Kirra Beach Coolangatta Queensland AUSTRALIA,Kirra Beach,Queensland,AUSTRALIA,-28.165981300000002,153.5286085
5128,2020-05-02|Kirra Queensland AUSTRALIA,0.6607043255275403,-0.5008091739810506,0.10588938475960206,0.2064625172172877,0.387131048129776,0.14987044842605896,0.11672440284940769,2020-05-02,Kirra Queensland AUSTRALIA,Kirra,Queensland,AUSTRALIA,-28.1673738,153.53098530000003
5129,2020-05-02|Kissing Point Camp Townsville Queensland AUSTRALIA,1.1516196695019232,-0.8782487704159685,0.2030070989968927,0.21319644394047987,0.6799373023400253,0.46231473511343096,0.18858067751443247,2020-05-02,Kissing Point Camp Townsville Queensland AUSTRALIA,Kissing Point Camp,Queensland,AUSTRALIA,-19.239290899999997,146.80543889999998
5130,2020-05-02|Knobbys Beach Newcastle New South Wales AUSTRALIA,0.598396479085519,-0.5148844143107396,0.0993926234651335,0.1934949624569352,0.3714227330012802,0.1379548465901403,0.11198816763396369,2020-05-02,Knobbys Beach Newcastle New South Wales AUSTRALIA,Knobby's Beach,New South Wales,AUSTRALIA,-32.923841700000004,151.7928437
5131,2020-05-02|Koonya Beach Melbourne Victoria AUSTRALIA,0.8292731915398222,-0.9512438262491435,0.055785841913068415,0.1016470448155972,0.5381494867674598,0.2896048701080804,0.14925581295420814,2020-05-02,Koonya Beach Melbourne Victoria AUSTRALIA,Koonya Beach,Victoria,AUSTRALIA,-38.3632275,144.7513372
5132,2020-05-02|Kurnell Botany Bay New South Wales AUSTRALIA,0.579143377968811,-0.5131726232275894,0.0948662754666035,0.18468807729118672,0.36436157996733043,0.13275936095628935,0.10985914988842814,2020-05-02,Kurnell Botany Bay New South Wales AUSTRALIA,Kurnell,New South Wales,AUSTRALIA,-34.011590000000005,151.20686
5133,2020-05-02|Kylies Beach Diamond Head New South Wales AUSTRALIA,0.6208998618124303,-0.5121328555220257,0.10276158099927643,0.20120123931693074,0.377685257413556,0.14264615366754407,0.11387638978996004,2020-05-02,Kylies Beach Diamond Head New South Wales AUSTRALIA,Kylie's Beach,New South Wales,AUSTRALIA,-31.735303100000003,152.7916418
5134,2020-05-02|Lachan Island Mercury Passage Tasmania AUSTRALIA,0.38889625978338793,-0.4437121271959684,0.06972549946021069,0.1847895660578173,0.2802167317051702,0.07852141672752733,0.08448852354961231,2020-05-02,Lachan Island Mercury Passage Tasmania AUSTRALIA,Lachan Island,Tasmania,AUSTRALIA,-42.642743599999996,147.97761830000002
5135,2020-05-02|Lady Beach at Warrnambool Victoria AUSTRALIA,0.17311169237458227,-0.2836697586031244,0.034076439710440644,0.10479336014965074,0.15916622309394254,0.025333886573990685,0.04253896245459709,2020-05-02,Lady Beach at Warrnambool Victoria AUSTRALIA,Lady Beach at Warrnambool,Victoria,AUSTRALIA,-38.3974833,142.4726155
5136,2020-05-02|Lady Julia Percy Island Victoria AUSTRALIA,0.1910854267415516,-0.26475414715993567,0.02615451616110724,0.07764251742173361,0.1586570633082694,0.025172063737604205,0.04400355207480782,2020-05-02,Lady Julia Percy Island Victoria AUSTRALIA,Lady Julia Percy Island,Victoria,AUSTRALIA,-38.4160708,142.00376599999998
5137,2020-05-02|Lady Martin’s Beach Sydney Harbor New South Wales AUSTRALIA,0.5823844317231436,-0.5132618475516562,0.09630146469373814,0.1878143581978203,0.3654835533493458,0.1335782277688641,0.11019743759142006,2020-05-02,Lady Martin’s Beach Sydney Harbor New South Wales AUSTRALIA,Lady Martin’s Beach,New South Wales,AUSTRALIA,-33.865044299999994,151.2534844
5138,2020-05-02|Lake Conjola near Milton New South Wales AUSTRALIA,0.5613597214424805,-0.5141223018050581,0.09004587086794069,0.1760487601961292,0.35866258153649205,0.12863884739442083,0.1081408372087995,2020-05-02,Lake Conjola near Milton New South Wales AUSTRALIA,Lake Conjola,New South Wales,AUSTRALIA,-35.2696191,150.4810158
5139,2020-05-02|Lake Illawarra New South Wales AUSTRALIA,0.5757503896011598,-0.5143176421084311,0.0939688626473863,0.18340535504337438,0.36353264901369003,0.13215598689891075,0.10960921780203389,2020-05-02,Lake Illawarra New South Wales AUSTRALIA,Lake Illawarra,New South Wales,AUSTRALIA,-34.541667,150.85833300000002
5140,2020-05-02|Lake Macquarie New South Wales AUSTRALIA,0.5962651305262651,-0.5147988560347888,0.09946932434777356,0.19462803473072673,0.3706533329522749,0.13738389322862996,0.11175618479066991,2020-05-02,Lake Macquarie New South Wales AUSTRALIA,Lake Macquarie,New South Wales,AUSTRALIA,-33.031122499999995,151.56032439999998
5141,2020-05-02|Lamberts Beach Mackay Queensland AUSTRALIA,1.9063865631977124,-1.7511677960679797,0.131910491562871,0.12326929141477969,1.2552842329942806,1.5757385056040392,0.34815320518018184,2020-05-02,Lamberts Beach Mackay Queensland AUSTRALIA,Lambert's Beach,Queensland,AUSTRALIA,-21.074391600000002,149.22827949999999
5142,2020-05-02|Lambert’s Beach Mackay Queensland AUSTRALIA,1.9063865631977124,-1.7511677960679797,0.131910491562871,0.12326929141477969,1.2552842329942806,1.5757385056040392,0.34815320518018184,2020-05-02,Lambert’s Beach Mackay Queensland AUSTRALIA,Lambert’s Beach,Queensland,AUSTRALIA,-21.074391600000002,149.22827949999999
5143,2020-05-02|Lambeth Street Wharf New South Wales AUSTRALIA,0.5785971967215648,-0.5133144563576315,0.09457588893142348,0.18424495765633328,0.3641945789173775,0.1326376913128059,0.10980879717731093,2020-05-02,Lambeth Street Wharf New South Wales AUSTRALIA,Lambeth Street Wharf,New South Wales,AUSTRALIA,-33.9633441,150.99770900000001
5144,2020-05-02|Lamont Reef Queensland AUSTRALIA,0.9737417125053358,-0.6879043142744858,0.18447748724605528,0.29059399875246184,0.5663870045902932,0.3207942389687648,0.16350184478285582,2020-05-02,Lamont Reef Queensland AUSTRALIA,Lamont Reef,Queensland,AUSTRALIA,-23.6013947,152.0308565
5145,2020-05-02|Lancelin Island Western Australia AUSTRALIA,0.16930949555910996,-0.23986676689605962,0.017609656176922308,0.0678082573197007,0.13584179674300922,0.018452993742369028,0.033960449185752306,2020-05-02,Lancelin Island Western Australia AUSTRALIA,Lancelin Island,Western Australia,AUSTRALIA,-31.007032899999995,115.3167243
5146,2020-05-02|Lancelin Western Australia AUSTRALIA,0.1693043099518898,-0.239860738149116,0.01761016719867068,0.06780874411241468,0.13583771055441105,0.018451883608663955,0.03395942763860276,2020-05-02,Lancelin Western Australia AUSTRALIA,Lancelin,Western Australia,AUSTRALIA,-31.045409799999998,115.35327749999999
5147,2020-05-02|Lane Cove River Sydney Harbor Estuary New South Wales AUSTRALIA,0.5840637203673721,-0.5138629816464426,0.09672322528723175,0.18923768800568008,0.3661902641181049,0.13409530953488744,0.1104105189055362,2020-05-02,Lane Cove River Sydney Harbor Estuary New South Wales AUSTRALIA,Lane Cove River,New South Wales,AUSTRALIA,-33.7827054,151.14003469999997
5148,2020-05-02|Lane Cove River Sydney Harbor New South Wales AUSTRALIA,0.5840637203673721,-0.5138629816464426,0.09672322528723175,0.18923768800568008,0.3661902641181049,0.13409530953488744,0.1104105189055362,2020-05-02,Lane Cove River Sydney Harbor New South Wales AUSTRALIA,Lane Cove River,New South Wales,AUSTRALIA,-33.7827054,151.14003469999997
5149,2020-05-02|Largs Bay South Australia AUSTRALIA,0.21094032785128977,-0.28303067651119135,-0.008192081223253258,-0.0016094241495255394,0.1791470110394647,0.03209365156437409,0.05665125908960372,2020-05-02,Largs Bay South Australia AUSTRALIA,Largs Bay,South Australia,AUSTRALIA,-34.821,138.494
5150,2020-05-02|Latitude Reef near Forster New South Wales AUSTRALIA,0.617407421061191,-0.5144495814226544,0.10292326727580446,0.2032347594432129,0.37729205012326206,0.14234929108621408,0.11375783333116574,2020-05-02,Latitude Reef near Forster New South Wales AUSTRALIA,Latitude Reef,New South Wales,AUSTRALIA,-32.180556,152.511667
5151,2020-05-02|Laura Bay South Australia AUSTRALIA,0.3727279971013141,-0.3480918261529125,0.04078858461155385,0.05131145595095264,0.22965241966602554,0.05274023385846031,0.06369412112617152,2020-05-02,Laura Bay South Australia AUSTRALIA,Laura Bay,South Australia,AUSTRALIA,-32.2280904,133.83199679999998
5152,2020-05-02|Left break at the ‘Hot Spot’ at Sheringa Beach Western Australia AUSTRALIA,0.2866343518813562,-0.2682507886388195,0.01750185929676295,0.02755330163062169,0.17927795257479337,0.03214058427940986,0.04481948814369834,2020-05-02,Left break at the ‘Hot Spot’ at Sheringa Beach Western Australia AUSTRALIA,Left break at the ‘Hot Spot’ at Sheringa Beach,Western Australia,AUSTRALIA,-33.891765299999996,135.18893730000002
5153,2020-05-02|Lefthanders Beach Margaret River Western Australia AUSTRALIA,0.1808946862520035,-0.2697455471872658,0.038199730444626545,0.10337896512770722,0.1442279437275216,0.02080169975186914,0.0360569859318804,2020-05-02,Lefthanders Beach Margaret River Western Australia AUSTRALIA,Lefthanders Beach,Western Australia,AUSTRALIA,-33.8752851,114.98611319999999
5154,2020-05-02|Lefthanders Margaret River Area Western Australia AUSTRALIA,0.1808946862520035,-0.2697455471872658,0.038199730444626545,0.10337896512770722,0.1442279437275216,0.02080169975186914,0.0360569859318804,2020-05-02,Lefthanders Margaret River Area Western Australia AUSTRALIA,Lefthanders,Western Australia,AUSTRALIA,-33.8752851,114.98611319999999
5155,2020-05-02|Leichardt Sydney New South Wales AUSTRALIA,0.5823844317231436,-0.5132618475516562,0.09630146469373814,0.1878143581978203,0.3654835533493458,0.1335782277688641,0.11019743759142006,2020-05-02,Leichardt Sydney New South Wales AUSTRALIA,Leichardt,New South Wales,AUSTRALIA,-33.8837222,151.157028
5156,2020-05-02|Leighton Beach North Fremantle Western Australia AUSTRALIA,0.17721117615606516,-0.22352312793276102,0.033161409909543936,0.07631391701336704,0.12479679679460687,0.0155742404901944,0.03222239437636957,2020-05-02,Leighton Beach North Fremantle Western Australia AUSTRALIA,Leighton Beach,Western Australia,AUSTRALIA,-32.028432,115.7503284
5157,2020-05-02|Leighton Beach north of Freemantle Western Australia AUSTRALIA,0.17721117615606516,-0.22352312793276102,0.033161409909543936,0.07631391701336704,0.12479679679460687,0.0155742404901944,0.03222239437636957,2020-05-02,Leighton Beach north of Freemantle Western Australia AUSTRALIA,Leighton Beach,Western Australia,AUSTRALIA,-32.024505600000005,115.7503081
5158,2020-05-02|Leighton Beach south of North Cottesloe Western Australia AUSTRALIA,0.17721117615606516,-0.22352312793276102,0.033161409909543936,0.07631391701336704,0.12479679679460687,0.0155742404901944,0.03222239437636957,2020-05-02,Leighton Beach south of North Cottesloe Western Australia AUSTRALIA,Leighton Beach,Western Australia,AUSTRALIA,-32.028432,115.7503284
5159,2020-05-02|Lennox Head Ballina New South Wales AUSTRALIA,0.653396504959647,-0.5025023025473216,0.10440974792940026,0.20190775825754997,0.3852512521852744,0.14841852731032187,0.11615762304664919,2020-05-02,Lennox Head Ballina New South Wales AUSTRALIA,Lennox Head,New South Wales,AUSTRALIA,-28.8,153.583333
5160,2020-05-02|Lennox Head New South Wales AUSTRALIA,0.653396504959647,-0.5025023025473216,0.10440974792940026,0.20190775825754997,0.3852512521852744,0.14841852731032187,0.11615762304664919,2020-05-02,Lennox Head New South Wales AUSTRALIA,Lennox Head,New South Wales,AUSTRALIA,-28.8,153.583333
5161,2020-05-02|Lennox Heads New South Wales AUSTRALIA,0.653396504959647,-0.5025023025473216,0.10440974792940026,0.20190775825754997,0.3852512521852744,0.14841852731032187,0.11615762304664919,2020-05-02,Lennox Heads New South Wales AUSTRALIA,Lennox Heads,New South Wales,AUSTRALIA,-28.8,153.583333
5162,2020-05-02|Levys Beach Victoria AUSTRALIA,0.5081394169513466,-0.5229307431779396,0.0251827980285852,0.01364678596013882,0.323044439525685,0.10435770990846395,0.09325489706018301,2020-05-02,Levys Beach Victoria AUSTRALIA,Levys Beach,Victoria,AUSTRALIA,-37.471307700000004,144.7851531
5163,2020-05-02|Lighthouse Beach Ballina New South Wales AUSTRALIA,0.6529610317269589,-0.5031462579044892,0.10448890378663384,0.20178921458260266,0.38532600930636834,0.14847613344797145,0.11618016316674698,2020-05-02,Lighthouse Beach Ballina New South Wales AUSTRALIA,Lighthouse Beach,New South Wales,AUSTRALIA,-28.8725999,153.58992469999998
5164,2020-05-02|Lighthouse Beach New South Wales AUSTRALIA,0.6254460020896512,-0.5089357140297992,0.1045514735811392,0.2039755385557704,0.3781116775116103,0.142968440670644,0.11400496028707936,2020-05-02,Lighthouse Beach New South Wales AUSTRALIA,Lighthouse Beach,New South Wales,AUSTRALIA,-31.4789172,152.9298045
5165,2020-05-02|Lighthouse Beach Seal Rocks New South Wales AUSTRALIA,0.6067203877658754,-0.5149724223872363,0.1009859592729634,0.2007825259055658,0.37396209555969606,0.13984764891539925,0.1127538142533221,2020-05-02,Lighthouse Beach Seal Rocks New South Wales AUSTRALIA,Lighthouse Beach,New South Wales,AUSTRALIA,-32.4436471,152.52793569999997
5166,2020-05-02|Line Reef Queensland AUSTRALIA,1.0968193825945096,-0.7412800454406049,0.1712457480005205,0.2505454417618716,0.5901861734885421,0.34831971937704753,0.1636881931217557,2020-05-02,Line Reef Queensland AUSTRALIA,Line Reef,Queensland,AUSTRALIA,-19.674144000000002,149.1746224
5167,2020-05-02|Line Reef northeast of Hamilton Island Whitsundays Queensland AUSTRALIA,1.0968193825945096,-0.7412800454406049,0.1712457480005205,0.2505454417618716,0.5901861734885421,0.34831971937704753,0.1636881931217557,2020-05-02,Line Reef northeast of Hamilton Island Whitsundays Queensland AUSTRALIA,Line Reef,Queensland,AUSTRALIA,-19.674144000000002,149.1746224
5168,2020-05-02|Lipson Cove Tumby Bay South Australia AUSTRALIA,0.29459453785008494,-0.35819772303527764,0.046640308919650784,0.12245816335794914,0.21115067033250973,0.044584605581868206,0.05451886864922284,2020-05-02,Lipson Cove Tumby Bay South Australia AUSTRALIA,Lipson Cove,South Australia,AUSTRALIA,-34.2592315,136.2625804
5169,2020-05-02|Lismore New South Wales AUSTRALIA,0.6551334866717095,-0.5089809412960287,0.10483340495709453,0.2034614154872871,0.38787703241453975,0.1504485922747099,0.11694932557414069,2020-05-02,Lismore New South Wales AUSTRALIA,Lismore,New South Wales,AUSTRALIA,-28.8093154,153.2882876
5170,2020-05-02|Little Beach Reef Bremer Bay Western Australia AUSTRALIA,0.22406100419948957,-0.2924080256537125,0.02392490157128458,0.0750819384543085,0.16538610964436112,0.02735256526329664,0.04420129705861634,2020-05-02,Little Beach Reef Bremer Bay Western Australia AUSTRALIA,Little Beach Reef,Western Australia,AUSTRALIA,-34.4650904,119.0936263
5171,2020-05-02|Little Congwong Beach La Perouse New South Wales AUSTRALIA,0.579143377968811,-0.5131726232275894,0.0948662754666035,0.18468807729118672,0.36436157996733043,0.13275936095628935,0.10985914988842814,2020-05-02,Little Congwong Beach La Perouse New South Wales AUSTRALIA,Little Congwong Beach,New South Wales,AUSTRALIA,-33.9915566,151.2383626
5172,2020-05-02|Little Island near Hillarys Western Australia AUSTRALIA,0.17416785500218637,-0.22055740955814196,0.033228056842157905,0.07628614262127831,0.12324017469437995,0.015188140658701289,0.031820476278335084,2020-05-02,Little Island near Hillarys Western Australia AUSTRALIA,Little Island,Western Australia,AUSTRALIA,-31.8123368,115.70911540000002
5173,2020-05-02|Lizard Island Queensland AUSTRALIA,0.9090075731331969,-0.6364620340456612,0.08846017382946625,0.10471411306363018,0.4852483550413563,0.23546596607034223,0.1400791342034751,2020-05-02,Lizard Island Queensland AUSTRALIA,Lizard Island,Queensland,AUSTRALIA,-14.668043300000003,145.463777
5174,2020-05-02|Logan River Queensland AUSTRALIA,0.6650936263420206,-0.5029741717747954,0.10535668327055463,0.20633008628468918,0.38925815246344725,0.15152190925925635,0.11736574893711009,2020-05-02,Logan River Queensland AUSTRALIA,Logan River,Queensland,AUSTRALIA,-28.073537800000004,152.924704
5175,2020-05-02|Long Reef Collaroy New South Wales AUSTRALIA,0.5851315059924631,-0.5142020642904164,0.09686480215872595,0.18936694378030466,0.36669411171641464,0.1344645715674904,0.11056243467236485,2020-05-02,Long Reef Collaroy New South Wales AUSTRALIA,Long Reef,New South Wales,AUSTRALIA,-33.741958399999994,151.31703280000002
5176,2020-05-02|Long Reef North Manly New South Wales AUSTRALIA,0.5851505606284166,-0.5141973063182688,0.09687542158289929,0.18938109583209808,0.3666977537188617,0.13446724258245896,0.11056353277741962,2020-05-02,Long Reef North Manly New South Wales AUSTRALIA,Long Reef,New South Wales,AUSTRALIA,-33.7419539,151.3170694
5177,2020-05-02|Long Reef north of Sydney New South Wales AUSTRALIA,0.5840637203673721,-0.5138629816464426,0.09672322528723175,0.18923768800568008,0.3661902641181049,0.13409530953488744,0.1104105189055362,2020-05-02,Long Reef north of Sydney New South Wales AUSTRALIA,Long Reef,New South Wales,AUSTRALIA,-33.746083399999996,151.30407160000001
5178,2020-05-02|Lookout Point Queensland AUSTRALIA,0.6678757176450649,-0.4938350052182126,0.09932482787097102,0.1920814443958709,0.3872687214238341,0.14997706259325122,0.1167659129094116,2020-05-02,Lookout Point Queensland AUSTRALIA,Lookout Point,Queensland,AUSTRALIA,-27.434650800000004,153.5304523
5179,2020-05-02|Lord Howe Island New South Wales AUSTRALIA,0.6088369814366333,-0.468295996049862,0.11552525036009807,0.15137304073049695,0.36678794815664956,0.13453339891296504,0.11059072742363046,2020-05-02,Lord Howe Island New South Wales AUSTRALIA,Lord Howe Island,New South Wales,AUSTRALIA,-31.555326300000004,159.0821211
5180,2020-05-02|Lord Howe Island island group 440 miles northeast of Sydney New South Wales AUSTRALIA,0.608823281589213,-0.468298604140833,0.11551867608117967,0.15136753554849247,0.36678553444254036,0.13453162827629997,0.11058999966144398,2020-05-02,Lord Howe Island island group 440 miles northeast of Sydney New South Wales AUSTRALIA,Lord Howe Island (island group 440 miles northeast of Sydney),New South Wales,AUSTRALIA,-31.555326300000004,159.0821211
5181,2020-05-02|Lorne Victoria AUSTRALIA,0.7100110429210266,-0.7771218106205362,0.09022964882449218,0.16723262259449673,0.43840148472725654,0.19219586181106293,0.1215906948018205,2020-05-02,Lorne Victoria AUSTRALIA,Lorne,Victoria,AUSTRALIA,-38.5366556,143.97154840000002
5182,2020-05-02|Maatsuyker Island Tasmania AUSTRALIA,0.2016355597333498,-0.3585443160336591,-0.0031465980072521646,0.09026453190216903,0.1974961218443701,0.03900471814356628,0.05701221955537711,2020-05-02,Maatsuyker Island Tasmania AUSTRALIA,Maatsuyker Island,Tasmania,AUSTRALIA,-43.6522707,146.27698130000002
5183,2020-05-02|Mackay Queensland AUSTRALIA,1.9432951244433037,-1.8127322000477661,0.09936500379542607,0.0788950759633105,1.2901515785471154,1.6644910956276135,0.357823666890187,2020-05-02,Mackay Queensland AUSTRALIA,Mackay,Queensland,AUSTRALIA,-21.1424956,149.1821469
5184,2020-05-02|Macleay River New South Wales AUSTRALIA,0.628867831984301,-0.5028158677227322,0.10625001559075836,0.19858124455696452,0.3774921924898181,0.14250035539076986,0.11381817852521302,2020-05-02,Macleay River New South Wales AUSTRALIA,Macleay River,New South Wales,AUSTRALIA,-30.8273843,152.45621
5185,2020-05-02|Magnetic Island Queensland AUSTRALIA,1.1684201071756135,-0.8934248018705573,0.2069939805270048,0.2274344920649914,0.6917049844876967,0.47845578556512475,0.19184444531264722,2020-05-02,Magnetic Island Queensland AUSTRALIA,Magnetic Island,Queensland,AUSTRALIA,-19.135865300000003,146.8423556
5186,2020-05-02|Magra Islet Queensland AUSTRALIA,1.1072014353767305,-0.8639290296035914,0.09561298915165557,0.11265079010341807,0.616480339712547,0.3800480092520973,0.1779625450415755,2020-05-02,Magra Islet Queensland AUSTRALIA,Magra Islet,Queensland,AUSTRALIA,-11.8573472,143.2815326
5187,2020-05-02|Main Beach Gold Coast Queensland AUSTRALIA,0.6670061363249309,-0.5030766416453379,0.10426293212167108,0.20480065628738459,0.3898946026166682,0.1520178011496096,0.11755764587856446,2020-05-02,Main Beach Gold Coast Queensland AUSTRALIA,Main Beach,Queensland,AUSTRALIA,-27.963,153.42600000000002
5188,2020-05-02|Main Beach Southport Queensland AUSTRALIA,0.6669836940565901,-0.503079512198539,0.10425330253574638,0.2047917731011568,0.38988948858849465,0.15201381331179792,0.11755610394105365,2020-05-02,Main Beach Southport Queensland AUSTRALIA,Main Beach,Queensland,AUSTRALIA,-27.963,153.42600000000002
5189,2020-05-02|Malagil Barrier Reef Queensland AUSTRALIA,1.1520911244452146,-0.8796913120758711,0.2031234548419783,0.21369017113455716,0.6805975003021584,0.46321295741754653,0.18876378348400386,2020-05-02,Malagil Barrier Reef Queensland AUSTRALIA,Malagil,Queensland,AUSTRALIA,-19.3594967,146.885081
5190,2020-05-02|Manley Beach New South Wales AUSTRALIA,0.584062717054774,-0.5138629816464426,0.09672290735620859,0.18923694184376844,0.36618993836986796,0.13409507096332768,0.11041042068874729,2020-05-02,Manley Beach New South Wales AUSTRALIA,Manley Beach,New South Wales,AUSTRALIA,-33.7931501,151.2876488
5191,2020-05-02|Manly Marineland Sydney New South Wales AUSTRALIA,0.5840637203673721,-0.5138629816464426,0.09672322528723175,0.18923768800568008,0.3661902641181049,0.13409530953488744,0.1104105189055362,2020-05-02,Manly Marineland Sydney New South Wales AUSTRALIA,Manly Marineland,New South Wales,AUSTRALIA,-33.8060158,151.29477749999998
5192,2020-05-02|Manly New South Wales AUSTRALIA,0.5840637203673721,-0.5138629816464426,0.09672322528723175,0.18923768800568008,0.3661902641181049,0.13409530953488744,0.1104105189055362,2020-05-02,Manly New South Wales AUSTRALIA,Manly,New South Wales,AUSTRALIA,-33.8060158,151.29477749999998
5193,2020-05-02|Manning River New South Wales AUSTRALIA,0.6186200689631266,-0.5144222303965984,0.10292168563256307,0.20307034874566324,0.37767343087088295,0.1426372203857836,0.11387282395317698,2020-05-02,Manning River New South Wales AUSTRALIA,Manning River,New South Wales,AUSTRALIA,-31.8518472,152.10067469999998
5194,2020-05-02|Maria River New South Wales AUSTRALIA,0.6260240401711352,-0.5049596092597521,0.10561065250948333,0.201567805678987,0.377124929589704,0.1422232125180392,0.11370744459438609,2020-05-02,Maria River New South Wales AUSTRALIA,Maria River,New South Wales,AUSTRALIA,-31.269947600000002,152.8567516
5195,2020-05-02|Marineland Aquarium Manley Sydney New South Wales AUSTRALIA,0.584082777415897,-0.5138582060128978,0.09673385428603766,0.18925188372416624,0.36619390535003293,0.13409797631550888,0.11041161677827074,2020-05-02,Marineland Aquarium Manley Sydney New South Wales AUSTRALIA,Marineland Aquarium,New South Wales,AUSTRALIA,-33.795355,151.285014
5196,2020-05-02|Marineland Sydney New South Wales AUSTRALIA,0.5823844317231436,-0.5132618475516562,0.09630146469373814,0.1878143581978203,0.3654835533493458,0.1335782277688641,0.11019743759142006,2020-05-02,Marineland Sydney New South Wales AUSTRALIA,Marineland,New South Wales,AUSTRALIA,-33.8695997,151.2021381
5197,2020-05-02|Marino South Australia AUSTRALIA,0.21400164394713908,-0.28073321112544464,0.00896489241541054,0.03640963038387481,0.18192246648983929,0.0330957838137467,0.05485168748025459,2020-05-02,Marino South Australia AUSTRALIA,Marino,South Australia,AUSTRALIA,-35.049724499999996,138.5162223
5198,2020-05-02|Marion Bay South Australia AUSTRALIA,0.23580434945704093,-0.24134448818913945,0.01911904154211164,0.03683693596764265,0.16820667486385624,0.028293485468755042,0.043430776697909394,2020-05-02,Marion Bay South Australia AUSTRALIA,Marion Bay,South Australia,AUSTRALIA,-35.2398829,136.97959939999998
5199,2020-05-02|Mark’s Point Swan Bay Lake Macquarie New South Wales AUSTRALIA,0.5962458236067094,-0.5148034679773812,0.09945871315743146,0.1946142077331536,0.37064958502043066,0.13738111487581744,0.11175505474670017,2020-05-02,Mark’s Point Swan Bay Lake Macquarie New South Wales AUSTRALIA,Mark’s Point,New South Wales,AUSTRALIA,-33.0589864,151.64430869999998
5200,2020-05-02|Maroochydore Beach Queensland AUSTRALIA,0.6796973309095858,-0.5069281393371992,0.09806806166319298,0.170692867048559,0.39644349917225813,0.15716744803594423,0.11953221248454107,2020-05-02,Maroochydore Beach Queensland AUSTRALIA,Maroochydore Beach,Queensland,AUSTRALIA,-26.65447,153.10362869999997
5201,2020-05-02|Maroochydore Queensland AUSTRALIA,0.6796973309095858,-0.5069281393371992,0.09806806166319298,0.170692867048559,0.39644349917225813,0.15716744803594423,0.11953221248454107,2020-05-02,Maroochydore Queensland AUSTRALIA,Maroochydore,Queensland,AUSTRALIA,-26.65,153.1
5202,2020-05-02|Maroubra Bay New South Wales AUSTRALIA,0.5806722209694917,-0.5135127236885324,0.09504739069850836,0.1855204947842185,0.36495775621909576,0.13319416382447694,0.11003890379170324,2020-05-02,Maroubra Bay New South Wales AUSTRALIA,Maroubra Bay,New South Wales,AUSTRALIA,-33.980540000000005,151.24301
5203,2020-05-02|Maroubra Beach New South Wales AUSTRALIA,0.5814635733437901,-0.5133537838222441,0.0956869084180003,0.1866412403238634,0.3651922537609522,0.13336538220700372,0.11010960746084855,2020-05-02,Maroubra Beach New South Wales AUSTRALIA,Maroubra Beach,New South Wales,AUSTRALIA,-33.9495,151.2437
5204,2020-05-02|Maroubra New South Wales AUSTRALIA,0.5814635733437901,-0.5133537838222441,0.0956869084180003,0.1866412403238634,0.3651922537609522,0.13336538220700372,0.11010960746084855,2020-05-02,Maroubra New South Wales AUSTRALIA,Maroubra,New South Wales,AUSTRALIA,-33.9495,151.2437
5205,2020-05-02|Martin Islet New South Wales AUSTRALIA,0.5764218026243061,-0.5140441576197629,0.09426407731007246,0.1838946606893721,0.3636664650520507,0.1322532978034544,0.1096495648556861,2020-05-02,Martin Islet New South Wales AUSTRALIA,Martin Islet,New South Wales,AUSTRALIA,-34.4943401,150.93782480000002
5206,2020-05-02|Mary River Queensland AUSTRALIA,0.6838172883166688,-0.5105910238358718,0.09729437955315526,0.17148180032019514,0.398920307191723,0.15913741148993865,0.12027899820075091,2020-05-02,Mary River Queensland AUSTRALIA,Mary River,Queensland,AUSTRALIA,-26.184755499999998,152.64317409999998
5207,2020-05-02|Maryborough Queensland AUSTRALIA,1.1058235412560837,-0.7717705440159297,0.3255913117242556,0.4106474958396209,0.6196579866003702,0.3839760203576246,0.19595306079712674,2020-05-02,Maryborough Queensland AUSTRALIA,Maryborough,Queensland,AUSTRALIA,-25.523262699999997,152.6970636
5208,2020-05-02|Mauds Point Western Australia AUSTRALIA,0.17591812523829067,-0.22216580648695783,0.033252496888293466,0.07640719932968097,0.12406842472973978,0.015392974014919106,0.03203432951789804,2020-05-02,Mauds Point Western Australia AUSTRALIA,Mauds Point,Western Australia,AUSTRALIA,-31.954288399999996,115.8624252
5209,2020-05-02|McKenzies Beach New South Wales AUSTRALIA,0.5578035134648914,-0.5148886174479004,0.08877215937412607,0.1721726489859017,0.3577770713813634,0.1280044328062252,0.1078738458512894,2020-05-02,McKenzies Beach New South Wales AUSTRALIA,McKenzies Beach,New South Wales,AUSTRALIA,-35.8043718,150.226363
5210,2020-05-02|McMasters Beach Central Coast New South Wales AUSTRALIA,0.5878521315090874,-0.5146596552971284,0.0979623068231808,0.1916454429866096,0.36779202626669005,0.13527097458535764,0.11089346836464987,2020-05-02,McMasters Beach Central Coast New South Wales AUSTRALIA,McMasters Beach,New South Wales,AUSTRALIA,-33.4967169,151.4114482
5211,2020-05-02|Melbourne Victoria AUSTRALIA,0.5104667692218202,-0.5274959637308436,0.023561437734018337,0.012254236089327047,0.3251812647978829,0.10574285497555082,0.09387174538324033,2020-05-02,Melbourne Victoria AUSTRALIA,Melbourne,Victoria,AUSTRALIA,-37.813627600000004,144.96305759999998
5212,2020-05-02|Mereweather Beach New South Wales AUSTRALIA,0.598396479085519,-0.5148844143107396,0.0993926234651335,0.1934949624569352,0.3714227330012802,0.1379548465901403,0.11198816763396369,2020-05-02,Mereweather Beach New South Wales AUSTRALIA,Mereweather Beach,New South Wales,AUSTRALIA,-32.9465493,151.7599466
5213,2020-05-02|Merewether Beach Newcastle New South Wales AUSTRALIA,0.5984177289933509,-0.5148816928872934,0.09939963190634371,0.19349280944345515,0.37142850058897137,0.1379591310497715,0.11198990662708343,2020-05-02,Merewether Beach Newcastle New South Wales AUSTRALIA,Merewether Beach,New South Wales,AUSTRALIA,-32.9465493,151.7599466
5214,2020-05-02|Merewether Beach near Newcastle New South Wales AUSTRALIA,0.5983954668070194,-0.5148844143107396,0.09939230959485501,0.19349424468467838,0.3714224065486912,0.13795460408642124,0.11198806920480464,2020-05-02,Merewether Beach near Newcastle New South Wales AUSTRALIA,Merewether Beach,New South Wales,AUSTRALIA,-32.9465493,151.7599466
5215,2020-05-02|Merimbula New South Wales AUSTRALIA,0.5530007984416134,-0.5143326261138303,0.08640496341607941,0.17290898770604637,0.3554596299503422,0.1263515485244342,0.10717511096944198,2020-05-02,Merimbula New South Wales AUSTRALIA,Merimbula,New South Wales,AUSTRALIA,-36.8875485,149.90587480000002
5216,2020-05-02|Merino Rocks Adelaide South Australia AUSTRALIA,0.21400164394713908,-0.28073321112544464,0.00896489241541054,0.03640963038387481,0.18192246648983929,0.0330957838137467,0.05485168748025459,2020-05-02,Merino Rocks Adelaide South Australia AUSTRALIA,Merino Rocks,South Australia,AUSTRALIA,-35.05,138.5166667
5217,2020-05-02|Mermaid Beach Queensland AUSTRALIA,0.6650936263420206,-0.5029741717747954,0.10535668327055463,0.20633008628468918,0.38925815246344725,0.15152190925925635,0.11736574893711009,2020-05-02,Mermaid Beach Queensland AUSTRALIA,Mermaid Beach,Queensland,AUSTRALIA,-28.044,153.437
5218,2020-05-02|Mermaid Waters Queensland AUSTRALIA,0.6650936263420206,-0.5029741717747954,0.10535668327055463,0.20633008628468918,0.38925815246344725,0.15152190925925635,0.11736574893711009,2020-05-02,Mermaid Waters Queensland AUSTRALIA,Mermaid Waters,Queensland,AUSTRALIA,-28.047778000000005,153.42166699999999
5219,2020-05-02|Metro coast Western Australia AUSTRALIA,0.17442265333947096,-0.22069128088019163,0.033308397020930317,0.07631360693270316,0.12343823146548334,0.01523699698732624,0.03187161431674089,2020-05-02,Metro coast Western Australia AUSTRALIA,Metro coast,Western Australia,AUSTRALIA,-31.7478596,115.7726817
5220,2020-05-02|Miall Island Queensland AUSTRALIA,1.57307642187481,-1.3570442973283414,0.1932266473659424,0.25052000913497785,0.967602107763154,0.9362538389476984,0.27932266869275313,2020-05-02,Miall Island Queensland AUSTRALIA,Miall Island,Queensland,AUSTRALIA,-23.1528552,150.9052831
5221,2020-05-02|Miami Lake Queensland AUSTRALIA,0.6650936263420206,-0.5029741717747954,0.10535668327055463,0.20633008628468918,0.38925815246344725,0.15152190925925635,0.11736574893711009,2020-05-02,Miami Lake Queensland AUSTRALIA,Miami Lake,Queensland,AUSTRALIA,-28.076944399999995,153.4366667
5222,2020-05-02|Middle Beach 40 km north of Adelaide South Australia AUSTRALIA,0.21702322773320673,-0.2776116749999199,0.012674687342481563,0.0330608165868707,0.17500918414219294,0.030628214534116,0.05276725442417002,2020-05-02,Middle Beach 40 km north of Adelaide South Australia AUSTRALIA,Middle Beach,South Australia,AUSTRALIA,-34.5795185,138.4821124
5223,2020-05-02|Middle Brighton Port Phillip Victoria AUSTRALIA,0.5104667692218202,-0.5274959637308436,0.023561437734018337,0.012254236089327047,0.3251812647978829,0.10574285497555082,0.09387174538324033,2020-05-02,Middle Brighton Port Phillip Victoria AUSTRALIA,Middle Brighton,Victoria,AUSTRALIA,-37.915053799999995,144.9962287
5224,2020-05-02|Middle Harbour Sugarloaf Bay Sydney Estuary New South Wales AUSTRALIA,0.5840637203673721,-0.5138629816464426,0.09672322528723175,0.18923768800568008,0.3661902641181049,0.13409530953488744,0.1104105189055362,2020-05-02,Middle Harbour Sugarloaf Bay Sydney Estuary New South Wales AUSTRALIA,Middle Harbour,New South Wales,AUSTRALIA,-33.7831723,151.2231308
5225,2020-05-02|Middle Harbour Sydney New South Wales AUSTRALIA,0.584062717054774,-0.5138629816464426,0.09672290735620859,0.18923694184376844,0.36618993836986796,0.13409507096332768,0.11041042068874729,2020-05-02,Middle Harbour Sydney New South Wales AUSTRALIA,Middle Harbour,New South Wales,AUSTRALIA,-33.7859956,151.2260866
5226,2020-05-02|Middleton Beach South Australia AUSTRALIA,0.30744721294180105,-0.28193079463612125,-0.00451875673584353,-0.00427334864516957,0.18626668268823354,0.034695277079679086,0.04978186494216478,2020-05-02,Middleton Beach South Australia AUSTRALIA,Middleton Beach,South Australia,AUSTRALIA,-35.51150689999999,138.7185508
5227,2020-05-02|Middleton Point Fleurieu Peninsula South Australia AUSTRALIA,0.30744721294180105,-0.28193079463612125,-0.00451875673584353,-0.00427334864516957,0.18626668268823354,0.034695277079679086,0.04978186494216478,2020-05-02,Middleton Point Fleurieu Peninsula South Australia AUSTRALIA,Middleton Point,South Australia,AUSTRALIA,-35.5142799,138.70844
5228,2020-05-02|Middleton Reef Queensland AUSTRALIA,1.5207431855066236,-1.249336216437858,0.12277790522272819,0.09449034852561558,1.0518699808878669,1.1064304566930416,0.3171507322584873,2020-05-02,Middleton Reef Queensland AUSTRALIA,Middleton Reef,Queensland,AUSTRALIA,-22.3581165,141.54921140000002
5229,2020-05-02|Millers Point New South Wales AUSTRALIA,0.5823844317231436,-0.5132618475516562,0.09630146469373814,0.1878143581978203,0.3654835533493458,0.1335782277688641,0.11019743759142006,2020-05-02,Millers Point New South Wales AUSTRALIA,Millers Point,New South Wales,AUSTRALIA,-33.86085,151.20281
5230,2020-05-02|Millicent South Australia AUSTRALIA,0.21546511097074564,-0.2549188654707016,0.015425118989469,0.045437020782003304,0.16534668077252923,0.02733952484249269,0.044190759249363346,2020-05-02,Millicent South Australia AUSTRALIA,Millicent,South Australia,AUSTRALIA,-37.6050244,140.3593062
5231,2020-05-02|Mindarie Western Australia AUSTRALIA,0.1741186396359146,-0.22043528737870272,0.03357539086226377,0.07673723371129378,0.1232931775639524,0.015201207633816296,0.031834161560412105,2020-05-02,Mindarie Western Australia AUSTRALIA,Mindarie,Western Australia,AUSTRALIA,-31.6900771,115.7060487
5232,2020-05-02|Moama Beach South Australia AUSTRALIA,0.5081394169513466,-0.5229307431779396,0.0251827980285852,0.01364678596013882,0.323044439525685,0.10435770990846395,0.09325489706018301,2020-05-02,Moama Beach South Australia AUSTRALIA,Moama Beach,South Australia,AUSTRALIA,-36.1214284,144.7528293
5233,2020-05-02|Moffat Beach Caloundra Queensland AUSTRALIA,0.6844188354606109,-0.512971321876339,0.09645808806975174,0.16629511828823176,0.40007582066531555,0.16006066228102575,0.12062739862185153,2020-05-02,Moffat Beach Caloundra Queensland AUSTRALIA,Moffat Beach,Queensland,AUSTRALIA,-26.791,153.139
5234,2020-05-02|Mollymook Beach Bannister Head New South Wales AUSTRALIA,0.5603148350549229,-0.5128744043995469,0.08998335933098706,0.17497569026918858,0.35793974082987157,0.12812085806535561,0.10792289253543082,2020-05-02,Mollymook Beach Bannister Head New South Wales AUSTRALIA,Mollymook Beach,New South Wales,AUSTRALIA,-35.32012279999999,150.47556730000002
5235,2020-05-02|Mona Vale Beach Sydney New South Wales AUSTRALIA,0.585492926563826,-0.5142430239106422,0.09738145854354584,0.19012145070678904,0.3668760165069015,0.13459801148797226,0.11061728103032967,2020-05-02,Mona Vale Beach Sydney New South Wales AUSTRALIA,Mona Vale Beach,New South Wales,AUSTRALIA,-33.6795811,151.31354850000002
5236,2020-05-02|Mona Vale New South Wales AUSTRALIA,0.5854738388457956,-0.5142477867149312,0.09737082213439835,0.19010728073493574,0.3668723702227999,0.13459533603289517,0.11061618163430749,2020-05-02,Mona Vale New South Wales AUSTRALIA,Mona Vale,New South Wales,AUSTRALIA,-33.675959999999996,151.30653
5237,2020-05-02|Mona Vale near Sydney New South Wales AUSTRALIA,0.5854738388457956,-0.5142477867149312,0.09737082213439835,0.19010728073493574,0.3668723702227999,0.13459533603289517,0.11061618163430749,2020-05-02,Mona Vale near Sydney New South Wales AUSTRALIA,Mona Vale,New South Wales,AUSTRALIA,-33.675959999999996,151.30653
5238,2020-05-02|Moodie Beach New South Wales AUSTRALIA,0.6340827911786306,-0.5047083646195618,0.10605666413744745,0.19498495539499167,0.37999050167494725,0.14439278136317807,0.11457144708679229,2020-05-02,Moodie Beach New South Wales AUSTRALIA,Moodie Beach,New South Wales,AUSTRALIA,-30.210286,153.15729
5239,2020-05-02|Mooloolaba Beach Queensland AUSTRALIA,0.6799038720913322,-0.5078237980722429,0.09755444156435239,0.16949229019451878,0.396794023098302,0.1574454967665358,0.11963789942478922,2020-05-02,Mooloolaba Beach Queensland AUSTRALIA,Mooloolaba Beach,Queensland,AUSTRALIA,-26.680943699999997,153.12166499999998
5240,2020-05-02|Mooloolaba Queensland AUSTRALIA,0.6799038720913322,-0.5078237980722429,0.09755444156435239,0.16949229019451878,0.396794023098302,0.1574454967665358,0.11963789942478922,2020-05-02,Mooloolaba Queensland AUSTRALIA,Mooloolaba,Queensland,AUSTRALIA,-26.682,153.118
5241,2020-05-02|Moonee Beach New South Wales AUSTRALIA,0.6340827911786306,-0.5047083646195618,0.10605666413744745,0.19498495539499167,0.37999050167494725,0.14439278136317807,0.11457144708679229,2020-05-02,Moonee Beach New South Wales AUSTRALIA,Moonee Beach,New South Wales,AUSTRALIA,-30.1895467,153.1501948
5242,2020-05-02|Moore Park north of Bundaberg Queensland AUSTRALIA,0.9747058451172962,-0.7212195478894654,0.19861409885461914,0.34644527309022566,0.5899663212212326,0.34806026017531466,0.17788153876701066,2020-05-02,Moore Park north of Bundaberg Queensland AUSTRALIA,Moore Park,Queensland,AUSTRALIA,-24.850489899999996,152.3506485
5243,2020-05-02|Mordialloc Victoria AUSTRALIA,0.5107414531758918,-0.5403628818205235,0.04147626528061938,0.09001990532214876,0.3349104821225931,0.11216503103558775,0.10097930977797012,2020-05-02,Mordialloc Victoria AUSTRALIA,Mordialloc,Victoria,AUSTRALIA,-37.999541799999996,145.0940302
5244,2020-05-02|Moreton Bay NE of Brisbane Queensland AUSTRALIA,0.8916097131689957,-0.7418043713237843,0.12069717710696033,0.18609146063261991,0.575533459954243,0.33123876352690224,0.16614219901610947,2020-05-02,Moreton Bay NE of Brisbane Queensland AUSTRALIA,Moreton Bay,Queensland,AUSTRALIA,-27.3123953,153.3446649
5245,2020-05-02|Moreton Bay Queensland AUSTRALIA,0.8916159298895899,-0.7418054724640333,0.12069130765049756,0.1860827320500937,0.5755318922355033,0.33123695898017896,0.16614174645469126,2020-05-02,Moreton Bay Queensland AUSTRALIA,Moreton Bay,Queensland,AUSTRALIA,-27.3123953,153.3446649
5246,2020-05-02|Moreton Island Queensland AUSTRALIA,0.7402796583221288,-0.551000543833138,0.10321398974900045,0.1511223783092863,0.43297255210789587,0.1874652308788246,0.1305461363513175,2020-05-02,Moreton Island Queensland AUSTRALIA,Moreton Island,Queensland,AUSTRALIA,-27.0873207,153.41542330000001
5247,2020-05-02|Mornington Island Gulf of Carpentaria Queensland AUSTRALIA,1.1103526870291744,-1.0370394887031562,0.07675130622501873,0.10464574396019563,0.8068046803045856,0.6509337921613847,0.24326076397026833,2020-05-02,Mornington Island Gulf of Carpentaria Queensland AUSTRALIA,Mornington Island,Queensland,AUSTRALIA,-16.5174872,139.4059435
5248,2020-05-02|Mornington Island Queensland AUSTRALIA,1.1103526870291744,-1.0370394887031562,0.07675130622501873,0.10464574396019563,0.8068046803045856,0.6509337921613847,0.24326076397026833,2020-05-02,Mornington Island Queensland AUSTRALIA,Mornington Island,Queensland,AUSTRALIA,-16.5174872,139.4059435
5249,2020-05-02|Mount Martha Beach Victoria AUSTRALIA,0.5008732041776972,-0.5448165969830006,0.07234623811046832,0.1021981006344693,0.34059004244538127,0.1160015770129466,0.09831987634457348,2020-05-02,Mount Martha Beach Victoria AUSTRALIA,Mount Martha Beach,Victoria,AUSTRALIA,-38.263749600000004,145.0158385
5250,2020-05-02|Mowarry Point New South Wales AUSTRALIA,0.555557529754712,-0.5172830451152839,0.08609501038414402,0.17811855282974406,0.35699834751104415,0.12744782012561626,0.10763905177009464,2020-05-02,Mowarry Point New South Wales AUSTRALIA,Mowarry Point,New South Wales,AUSTRALIA,-37.1406048,150.0047629
5251,2020-05-02|Mudjimba Island Queensland AUSTRALIA,0.6796973309095858,-0.5069281393371992,0.09806806166319298,0.170692867048559,0.39644349917225813,0.15716744803594423,0.11953221248454107,2020-05-02,Mudjimba Island Queensland AUSTRALIA,Mudjimba Island,Queensland,AUSTRALIA,-26.6146347,153.1144871
5252,2020-05-02|Mullaloo Beach Perth Western Australia AUSTRALIA,0.17442265333947096,-0.22069128088019163,0.033308397020930317,0.07631360693270316,0.12343823146548334,0.01523699698732624,0.03187161431674089,2020-05-02,Mullaloo Beach Perth Western Australia AUSTRALIA,Mullaloo Beach,Western Australia,AUSTRALIA,-31.7789355,115.7325558
5253,2020-05-02|Mullaway Headland New South Wales AUSTRALIA,0.6354737057188077,-0.5042587287366661,0.10634945538387988,0.19588858685427024,0.38030262666235143,0.14463008784628387,0.11466555631142084,2020-05-02,Mullaway Headland New South Wales AUSTRALIA,Mullaway Headland,New South Wales,AUSTRALIA,-30.080607300000004,153.19585039999998
5254,2020-05-02|Murwillumbah Tweed River New South Wales AUSTRALIA,0.6607031658316369,-0.5008091739810506,0.10588908956461764,0.20646203795816578,0.3871306962568731,0.14987017598433133,0.1167242967557356,2020-05-02,Murwillumbah Tweed River New South Wales AUSTRALIA,Murwillumbah,New South Wales,AUSTRALIA,-28.332256800000003,153.3827556
5255,2020-05-02|Mutton Bird Island Albany Western Australia AUSTRALIA,0.20717405849636447,-0.28274271459470035,0.018278930071280144,0.08122375541644974,0.156079845384121,0.02436091813513112,0.043288760430687676,2020-05-02,Mutton Bird Island Albany Western Australia AUSTRALIA,Mutton Bird Island,Western Australia,AUSTRALIA,-35.0508428,117.69298300000001
5256,2020-05-02|Nambucca New South Wales AUSTRALIA,0.6300561894460668,-0.5027066842705158,0.10647600280090189,0.1982838108701513,0.3778992767229713,0.14280786334774484,0.11394091903970745,2020-05-02,Nambucca New South Wales AUSTRALIA,Nambucca,New South Wales,AUSTRALIA,-30.666463,152.73238840000002
5257,2020-05-02|Nambucca River Entrance New South Wales AUSTRALIA,0.6304788132046263,-0.5026499825445574,0.10643537445196262,0.1980003289408098,0.37803775530922545,0.14291254443923782,0.11398267190444417,2020-05-02,Nambucca River Entrance New South Wales AUSTRALIA,Nambucca River Entrance,New South Wales,AUSTRALIA,-30.6419702,152.9978834
5258,2020-05-02|Native Dog Beach Western Australia AUSTRALIA,0.22456498408724623,-0.2903121681722689,0.023047118721192614,0.07290151186937588,0.1650117514523199,0.027228878117362194,0.04410124562329131,2020-05-02,Native Dog Beach Western Australia AUSTRALIA,Native Dog Beach,Western Australia,AUSTRALIA,-34.450121,119.35602220000001
5259,2020-05-02|Near Albany Western Australia AUSTRALIA,0.21743188672093103,-0.2886284803096767,0.029002415603277616,0.0799497747884151,0.16206560753176688,0.026265261144640693,0.04331385554023157,2020-05-02,Near Albany Western Australia AUSTRALIA,Near Albany,Western Australia,AUSTRALIA,-35.0269344,117.8837206
5260,2020-05-02|Near Asbestos Works Camellia Parramatta River New South Wales AUSTRALIA,0.5823834305585353,-0.5132618475516562,0.09630114707030345,0.18781361175839492,0.3654832285966225,0.13357799038541104,0.11019733967478981,2020-05-02,Near Asbestos Works Camellia Parramatta River New South Wales AUSTRALIA,Near Asbestos Works,New South Wales,AUSTRALIA,-33.858772200000004,151.1770866
5261,2020-05-02|Near Barrow Point Queensland AUSTRALIA,1.5063177154429,-1.219359595379304,0.18019994499089245,0.1960998278714208,1.0396384879712226,1.0808481856710899,0.31346279838299645,2020-05-02,Near Barrow Point Queensland AUSTRALIA,Near Barrow Point,Queensland,AUSTRALIA,-20.9175738,142.7027956
5262,2020-05-02|Near Bondi Beach New South Wales AUSTRALIA,0.5823844317231436,-0.5132618475516562,0.09630146469373814,0.1878143581978203,0.3654835533493458,0.1335782277688641,0.11019743759142006,2020-05-02,Near Bondi Beach New South Wales AUSTRALIA,Near Bondi Beach,New South Wales,AUSTRALIA,-33.8914755,151.2766845
5263,2020-05-02|Near Brisbane Queensland AUSTRALIA,0.9384575798227051,-0.6654929939132238,0.2648404079241413,0.3008474173024184,0.506024347931321,0.2560606406993186,0.15257208153385868,2020-05-02,Near Brisbane Queensland AUSTRALIA,Near Brisbane,Queensland,AUSTRALIA,-27.469770699999998,153.0251235
5264,2020-05-02|Near Broome in Roebuck Bay Western Australia AUSTRALIA,1.0089507731076968,-1.3080602813894853,0.18462759851391727,0.4102995480907752,0.7196409969312016,0.5178831644641338,0.19959250110472854,2020-05-02,Near Broome in Roebuck Bay Western Australia AUSTRALIA,Near Broome in Roebuck Bay,Western Australia,AUSTRALIA,-18.0858333,122.28305559999998
5265,2020-05-02|Near Cairns Queensland AUSTRALIA,0.961936905196172,-0.6490115476020926,0.10598020108286631,0.1236508412340379,0.5055586940988912,0.2555895931789763,0.14594222406457527,2020-05-02,Near Cairns Queensland AUSTRALIA,Near Cairns,Queensland,AUSTRALIA,-16.9185514,145.7780548
5266,2020-05-02|Near Forbes Island Barrier Reef Queensland AUSTRALIA,1.0150826578896979,-0.6505864926987502,0.12357475952798101,0.0964237448339305,0.5604626350954329,0.3141183653381164,0.16179162662153762,2020-05-02,Near Forbes Island Barrier Reef Queensland AUSTRALIA,Near Forbes Island,Queensland,AUSTRALIA,-12.2894676,143.4081551
5267,2020-05-02|Near Legendre Island Western Australia AUSTRALIA,0.5644131818936937,-0.7463425167081372,0.06287955039821756,0.1958784683917207,0.4144289297000032,0.1717513377722902,0.11494190431300175,2020-05-02,Near Legendre Island Western Australia AUSTRALIA,Near Legendre Island,Western Australia,AUSTRALIA,-20.3853568,116.87631040000001
5268,2020-05-02|Near Moreton Island in Moreton Bay Queensland AUSTRALIA,0.7402796583221288,-0.551000543833138,0.10321398974900045,0.1511223783092863,0.43297255210789587,0.1874652308788246,0.1305461363513175,2020-05-02,Near Moreton Island in Moreton Bay Queensland AUSTRALIA,Near Moreton Island in Moreton Bay,Queensland,AUSTRALIA,-27.0873207,153.41542330000001
5269,2020-05-02|Near Port Vincent South Australia AUSTRALIA,0.24795739363641833,-0.2937302392481951,0.012654090075017341,0.04609352612260075,0.18758604513003843,0.035188524327528815,0.05202700802137351,2020-05-02,Near Port Vincent South Australia AUSTRALIA,Near Port Vincent,South Australia,AUSTRALIA,-34.781414899999994,137.8547712
5270,2020-05-02|Near Restoration Rock off Portland Roads Queensland AUSTRALIA,0.9476942008882857,-0.705576162143233,0.10208566105695745,0.02336621008465706,0.5483172745683607,0.300651833590075,0.15207584989837625,2020-05-02,Near Restoration Rock off Portland Roads Queensland AUSTRALIA,Near Restoration Rock off Portland Roads,Queensland,AUSTRALIA,-12.622323800000002,143.46304740000002
5271,2020-05-02|Near Southport Queensland AUSTRALIA,0.6660804352919081,-0.5030221756114314,0.10480363869491055,0.20550444323551578,0.3895869499850467,0.1517779915986513,0.11746488511994138,2020-05-02,Near Southport Queensland AUSTRALIA,Near Southport,Queensland,AUSTRALIA,-27.973794,153.4183144
5272,2020-05-02|Near Sydney New South Wales AUSTRALIA,0.5823834305585353,-0.5132618475516562,0.09630114707030345,0.18781361175839492,0.3654832285966225,0.13357799038541104,0.11019733967478981,2020-05-02,Near Sydney New South Wales AUSTRALIA,Near Sydney,New South Wales,AUSTRALIA,-33.8688197,151.2092955
5273,2020-05-02|Near Thursday Island Queensland AUSTRALIA,1.0637486641116498,-1.3296443998619543,0.09668181698319779,0.31445732313730274,0.7525241299129107,0.5662925661011834,0.21723500448845398,2020-05-02,Near Thursday Island Queensland AUSTRALIA,Near Thursday Island,Queensland,AUSTRALIA,-10.5799169,142.2193906
5274,2020-05-02|Neds Beach Lord Howe Island New South Wales AUSTRALIA,0.6091718159836206,-0.4663233943930352,0.11679519290263593,0.15308154322874518,0.36631866700313437,0.13418936579495325,0.11044923383204909,2020-05-02,Neds Beach Lord Howe Island New South Wales AUSTRALIA,Ned's Beach,New South Wales,AUSTRALIA,-31.518050800000005,159.06489059999998
5275,2020-05-02|Nelsons Bay New South Wales AUSTRALIA,0.5999027051547181,-0.5143871466093761,0.09903819474010098,0.19331291602801004,0.37170108042790445,0.13816169319127147,0.11207209254082492,2020-05-02,Nelsons Bay New South Wales AUSTRALIA,Nelson's Bay,New South Wales,AUSTRALIA,-32.715,152.15111100000001
5276,2020-05-02|Nerang River Queensland AUSTRALIA,0.6660557129028466,-0.5030239166493504,0.10479645282257398,0.20550585317401052,0.3895802725763012,0.1517727887806251,0.11746287180545222,2020-05-02,Nerang River Queensland AUSTRALIA,Nerang River,Queensland,AUSTRALIA,-28.004231800000003,153.3708292
5277,2020-05-02|Nerang River Southpot Queensland AUSTRALIA,0.6660804352919081,-0.5030221756114314,0.10480363869491055,0.20550444323551578,0.3895869499850467,0.1517779915986513,0.11746488511994138,2020-05-02,Nerang River Southpot Queensland AUSTRALIA,Nerang River,Queensland,AUSTRALIA,-27.973794,153.4183144
5278,2020-05-02|Nerang River Surfers Paradise Queensland AUSTRALIA,0.6660557129028466,-0.5030239166493504,0.10479645282257398,0.20550585317401052,0.3895802725763012,0.1517727887806251,0.11746287180545222,2020-05-02,Nerang River Surfers Paradise Queensland AUSTRALIA,Nerang River,Queensland,AUSTRALIA,-27.9889011,153.4257263
5279,2020-05-02|Nerang River near Chevron Island Queensland AUSTRALIA,0.6660557129028466,-0.5030239166493504,0.10479645282257398,0.20550585317401052,0.3895802725763012,0.1517727887806251,0.11746287180545222,2020-05-02,Nerang River near Chevron Island Queensland AUSTRALIA,Nerang River near Chevron Island,Queensland,AUSTRALIA,-27.997344599999998,153.4198464
5280,2020-05-02|Nettley Bay Tasmania AUSTRALIA,0.26770298798113223,-0.16791765654168356,0.04883652144482005,0.042491276734717115,0.16912548086045617,0.028603428276280523,0.053482172989025537,2020-05-02,Nettley Bay Tasmania AUSTRALIA,Nettley Bay,Tasmania,AUSTRALIA,-40.93,144.62
5281,2020-05-02|Newcastle Beach New South Wales AUSTRALIA,0.598396479085519,-0.5148844143107396,0.0993926234651335,0.1934949624569352,0.3714227330012802,0.1379548465901403,0.11198816763396369,2020-05-02,Newcastle Beach New South Wales AUSTRALIA,Newcastle Beach,New South Wales,AUSTRALIA,-32.9310039,151.7857155
5282,2020-05-02|Newcastle Harbor New South Wales AUSTRALIA,0.5984177289933509,-0.5148816928872934,0.09939963190634371,0.19349280944345515,0.37142850058897137,0.1379591310497715,0.11198990662708343,2020-05-02,Newcastle Harbor New South Wales AUSTRALIA,Newcastle Harbor,New South Wales,AUSTRALIA,-32.9243415,151.7870367
5283,2020-05-02|Newcastle New South Wales AUSTRALIA,0.598396479085519,-0.5148844143107396,0.0993926234651335,0.1934949624569352,0.3714227330012802,0.1379548465901403,0.11198816763396369,2020-05-02,Newcastle New South Wales AUSTRALIA,Newcastle,New South Wales,AUSTRALIA,-32.9282712,151.78168019999998
5284,2020-05-02|Nobbys Beach Queensland AUSTRALIA,0.6650936263420206,-0.5029741717747954,0.10535668327055463,0.20633008628468918,0.38925815246344725,0.15152190925925635,0.11736574893711009,2020-05-02,Nobbys Beach Queensland AUSTRALIA,Nobby's Beach,Queensland,AUSTRALIA,-28.0534335,153.4410418
5285,2020-05-02|Noosa Heads Queensland AUSTRALIA,0.6816154590340189,-0.5082614101211195,0.09815506859096274,0.17223245601976234,0.3974614638444571,0.15797561524137865,0.11983914038158844,2020-05-02,Noosa Heads Queensland AUSTRALIA,Noosa Heads,Queensland,AUSTRALIA,-26.398000000000003,153.093
5286,2020-05-02|Noosa Queensland AUSTRALIA,0.6815940297698989,-0.5082633902249747,0.09814666312557808,0.1722266137454143,0.3974565479155161,0.15797170748091896,0.1198376581732436,2020-05-02,Noosa Queensland AUSTRALIA,Noosa,Queensland,AUSTRALIA,-26.3645433,152.9676695
5287,2020-05-02|Norah Head New South Wales AUSTRALIA,0.5929534419845668,-0.5149925214748093,0.09904335209228833,0.19437299655087542,0.36958655939152324,0.13659422488286393,0.11143454046000767,2020-05-02,Norah Head New South Wales AUSTRALIA,Norah Head,New South Wales,AUSTRALIA,-33.2815439,151.5791475
5288,2020-05-02|Noraville New South Wales AUSTRALIA,0.5929534419845668,-0.5149925214748093,0.09904335209228833,0.19437299655087542,0.36958655939152324,0.13659422488286393,0.11143454046000767,2020-05-02,Noraville New South Wales AUSTRALIA,Noraville,New South Wales,AUSTRALIA,-33.268863,151.5559438
5289,2020-05-02|Normanville South Australia AUSTRALIA,0.22017085499355948,-0.2742186655020793,0.03627062732115069,0.09266604432793969,0.18218774654010886,0.03319237498936294,0.05052978937781535,2020-05-02,Normanville South Australia AUSTRALIA,Normanville,South Australia,AUSTRALIA,-35.446382799999995,138.3215845
5290,2020-05-02|North Avoca Beach New South Wales AUSTRALIA,0.5904672934815575,-0.5150351424145153,0.09855507812629788,0.19337638594217083,0.36875983140993696,0.13598381326148512,0.11118527259467953,2020-05-02,North Avoca Beach New South Wales AUSTRALIA,North Avoca Beach,New South Wales,AUSTRALIA,-33.4608015,151.4379276
5291,2020-05-02|North Beach Belligen River New South Wales AUSTRALIA,0.6304831845347382,-0.5018549171510382,0.10630379004653236,0.19702372482349462,0.3778055267898545,0.1427370160729595,0.11391265237131933,2020-05-02,North Beach Belligen River New South Wales AUSTRALIA,North Beach,New South Wales,AUSTRALIA,-30.464843100000003,153.04732109999998
5292,2020-05-02|North Bondi New South Wales AUSTRALIA,0.5823844317231436,-0.5132618475516562,0.09630146469373814,0.1878143581978203,0.3654835533493458,0.1335782277688641,0.11019743759142006,2020-05-02,North Bondi New South Wales AUSTRALIA,North Bondi,New South Wales,AUSTRALIA,-33.8879,151.2808
5293,2020-05-02|North Brighton Botany Bay New South Wales AUSTRALIA,0.5791643310509181,-0.5131697497300372,0.09487325564440172,0.18468583314690196,0.36436724400720844,0.1327634885054086,0.1098608576607075,2020-05-02,North Brighton Botany Bay New South Wales AUSTRALIA,North Brighton,New South Wales,AUSTRALIA,-33.95908729999999,151.15205930000002
5294,2020-05-02|North Burleigh near Brisbane Queensland AUSTRALIA,0.6651182693917923,-0.5029724098511847,0.10536386245548514,0.2063286652152927,0.3892648059968572,0.15152708918777086,0.11736775505291472,2020-05-02,North Burleigh near Brisbane Queensland AUSTRALIA,North Burleigh,Queensland,AUSTRALIA,-28.0771255,153.4468079
5295,2020-05-02|North Cottesloe Western Australia AUSTRALIA,0.17721117615606516,-0.22352312793276102,0.033161409909543936,0.07631391701336704,0.12479679679460687,0.0155742404901944,0.03222239437636957,2020-05-02,North Cottesloe Western Australia AUSTRALIA,North Cottesloe,Western Australia,AUSTRALIA,-31.9819839,115.76097040000002
5296,2020-05-02|North Cronulla Beach New South Wales AUSTRALIA,0.5785981943443469,-0.5133144563576315,0.0945762064640483,0.1842457064501228,0.36419490223940537,0.13263792681717004,0.1098088946625703,2020-05-02,North Cronulla Beach New South Wales AUSTRALIA,North Cronulla Beach,New South Wales,AUSTRALIA,-34.0496066,151.1572211
5297,2020-05-02|North Haven South Australia AUSTRALIA,0.21094032785128977,-0.28303067651119135,-0.008192081223253258,-0.0016094241495255394,0.1791470110394647,0.03209365156437409,0.05665125908960372,2020-05-02,North Haven South Australia AUSTRALIA,North Haven,South Australia,AUSTRALIA,-34.7864711,138.49372130000003
5298,2020-05-02|North Head New South Wales AUSTRALIA,0.5840637203673721,-0.5138629816464426,0.09672322528723175,0.18923768800568008,0.3661902641181049,0.13409530953488744,0.1104105189055362,2020-05-02,North Head New South Wales AUSTRALIA,North Head,New South Wales,AUSTRALIA,-33.8332187,151.28042580000002
5299,2020-05-02|North Head Sydney Harbour New South Wales AUSTRALIA,0.5840637203673721,-0.5138629816464426,0.09672322528723175,0.18923768800568008,0.3661902641181049,0.13409530953488744,0.1104105189055362,2020-05-02,North Head Sydney Harbour New South Wales AUSTRALIA,North Head,New South Wales,AUSTRALIA,-33.8332187,151.28042580000002
5300,2020-05-02|North Narrabeen Beach New South Wales AUSTRALIA,0.5854738388457956,-0.5142477867149312,0.09737082213439835,0.19010728073493574,0.3668723702227999,0.13459533603289517,0.11061618163430749,2020-05-02,North Narrabeen Beach New South Wales AUSTRALIA,North Narrabeen Beach,New South Wales,AUSTRALIA,-33.7006895,151.30409939999998
5301,2020-05-02|North Point Beach Moreton Island Queensland AUSTRALIA,0.6839853228290165,-0.5024199582876989,0.10368658231996754,0.1820482506514931,0.39637861131302066,0.15711600350643873,0.1195126480588556,2020-05-02,North Point Beach Moreton Island Queensland AUSTRALIA,North Point Beach,Queensland,AUSTRALIA,-27.0269755,153.45147409999998
5302,2020-05-02|North Shelly Beach New South Wales AUSTRALIA,0.5904480547715134,-0.5150398720015742,0.09854440778976593,0.193362282845525,0.36875613047494116,0.13598108376285184,0.11118415672079275,2020-05-02,North Shelly Beach New South Wales AUSTRALIA,North Shelly Beach,New South Wales,AUSTRALIA,-33.3699595,151.4858695
5303,2020-05-02|North Solitary Island New South Wales AUSTRALIA,0.636528739674277,-0.503156426870487,0.10619074038626018,0.19641360048221207,0.38028222234762366,0.14461456863364747,0.11465940417905209,2020-05-02,North Solitary Island New South Wales AUSTRALIA,North Solitary Island,New South Wales,AUSTRALIA,-29.9294292,153.39146609999997
5304,2020-05-02|North Steyne New South Wales AUSTRALIA,0.5840637203673721,-0.5138629816464426,0.09672322528723175,0.18923768800568008,0.3661902641181049,0.13409530953488744,0.1104105189055362,2020-05-02,North Steyne New South Wales AUSTRALIA,North Steyne,New South Wales,AUSTRALIA,-33.7915584,151.2869868
5305,2020-05-02|North West Island Queensland AUSTRALIA,1.1026738520355475,-0.8904019425472577,0.2093154455386275,0.20943713126105987,0.6310704040419789,0.3982498548577065,0.19027488604592963,2020-05-02,North West Island Queensland AUSTRALIA,North West Island,Queensland,AUSTRALIA,-23.2950882,151.7078724
5306,2020-05-02|North of main swimming area in Watermans Bay Beach Perth Western Australia AUSTRALIA,0.17532778030190158,-0.22156080212508045,0.03331277172392088,0.07646788973847227,0.12377545196247021,0.015320362508513772,0.031958684274662884,2020-05-02,North of main swimming area in Watermans Bay Beach Perth Western Australia AUSTRALIA,North of main swimming area in Waterman's Bay Beach,Western Australia,AUSTRALIA,-31.8517249,115.75106559999999
5307,2020-05-02|Oak Beach Queensland AUSTRALIA,0.9687988047978023,-0.6627102337293823,0.09962026696476722,0.11443836604302858,0.5126465677957946,0.2628065034728083,0.1479883169580199,2020-05-02,Oak Beach Queensland AUSTRALIA,Oak Beach,Queensland,AUSTRALIA,-16.591276999999998,145.51918569999998
5308,2020-05-02|Oatley Bay near Como George’s River New South Wales AUSTRALIA,0.5786191377091424,-0.5133115734676117,0.09458318726612104,0.18424346036403894,0.36420056131826034,0.1326420488645359,0.10981060093904492,2020-05-02,Oatley Bay near Como George’s River New South Wales AUSTRALIA,Oatley Bay near Como,New South Wales,AUSTRALIA,-33.9904648,151.0843479
5309,2020-05-02|Ocean Reef Western Australia AUSTRALIA,0.17442265333947096,-0.22069128088019163,0.033308397020930317,0.07631360693270316,0.12343823146548334,0.01523699698732624,0.03187161431674089,2020-05-02,Ocean Reef Western Australia AUSTRALIA,Ocean Reef,Western Australia,AUSTRALIA,-31.760051699999998,115.73328070000001
5310,2020-05-02|Ocean baths Kissing Point Beach Queensland AUSTRALIA,1.5063177154429,-1.219359595379304,0.18019994499089245,0.1960998278714208,1.0396384879712226,1.0808481856710899,0.31346279838299645,2020-05-02,Ocean baths Kissing Point Beach Queensland AUSTRALIA,Ocean baths,Queensland,AUSTRALIA,-20.9175738,142.7027956
5311,2020-05-02|Oceanworld Manley New South Wales AUSTRALIA,0.5840637203673721,-0.5138629816464426,0.09672322528723175,0.18923768800568008,0.3661902641181049,0.13409530953488744,0.1104105189055362,2020-05-02,Oceanworld Manley New South Wales AUSTRALIA,Oceanworld,New South Wales,AUSTRALIA,-33.795355,151.285014
5312,2020-05-02|Off Airlie Beach Whitsundays Queensland AUSTRALIA,1.3088723720929007,-1.0325144584726655,0.14614276952526103,0.1802054194907488,0.7402846564509087,0.54802137257664,0.2137017728394409,2020-05-02,Off Airlie Beach Whitsundays Queensland AUSTRALIA,Off Airlie Beach,Queensland,AUSTRALIA,-20.2675,148.71694399999998
5313,2020-05-02|Off Ben Buckler near Sydney New South Wales AUSTRALIA,0.5823844317231436,-0.5132618475516562,0.09630146469373814,0.1878143581978203,0.3654835533493458,0.1335782277688641,0.11019743759142006,2020-05-02,Off Ben Buckler near Sydney New South Wales AUSTRALIA,Off Ben Buckler,New South Wales,AUSTRALIA,-33.8898004,151.2831104
5314,2020-05-02|Off Big Friar Island Tasmania AUSTRALIA,1.211640601206504,-1.3280711207554299,0.1632412234270629,0.30459771225683946,0.9058693897587295,0.820599351301853,0.2615019680139223,2020-05-02,Off Big Friar Island Tasmania AUSTRALIA,Off Big Friar Island,Tasmania,AUSTRALIA,-41.4545196,145.9706647
5315,2020-05-02|Off Blacksmith Beach New South Wales AUSTRALIA,0.5962458236067094,-0.5148034679773812,0.09945871315743146,0.1946142077331536,0.37064958502043066,0.13738111487581744,0.11175505474670017,2020-05-02,Off Blacksmith Beach New South Wales AUSTRALIA,Off Blacksmith Beach,New South Wales,AUSTRALIA,-33.0515891,151.6680509
5316,2020-05-02|Off Bloomfield River Queensland AUSTRALIA,0.9227647220531319,-0.6367745211946035,0.09260910371505036,0.10853914557158342,0.48915027593567245,0.2392679924479445,0.1412055217428201,2020-05-02,Off Bloomfield River Queensland AUSTRALIA,Off Bloomfield River,Queensland,AUSTRALIA,-15.931200899999999,145.349625
5317,2020-05-02|Off Bribie Heads Queensland AUSTRALIA,0.7166208750280098,-0.5614754330043208,0.07931014260210506,0.1219987971074274,0.4276757443294045,0.18290654228771014,0.12894908871605462,2020-05-02,Off Bribie Heads Queensland AUSTRALIA,Off Bribie Heads,Queensland,AUSTRALIA,-26.986100300000004,153.1325243
5318,2020-05-02|Off Brisbane Queensland AUSTRALIA,0.9384575798227051,-0.6654929939132238,0.2648404079241413,0.3008474173024184,0.506024347931321,0.2560606406993186,0.15257208153385868,2020-05-02,Off Brisbane Queensland AUSTRALIA,Off Brisbane,Queensland,AUSTRALIA,-27.469770699999998,153.0251235
5319,2020-05-02|Off Broughton Island near Port Stephens New South Wales AUSTRALIA,0.6016461396208327,-0.5148093591571284,0.0994383995239518,0.19469446262234885,0.3723804920277081,0.138667230842798,0.11227694284580346,2020-05-02,Off Broughton Island near Port Stephens New South Wales AUSTRALIA,Off Broughton Island near Port Stephens,New South Wales,AUSTRALIA,-32.6157855,152.31398269999997
5320,2020-05-02|Off Cairns Queensland AUSTRALIA,0.961936905196172,-0.6490115476020926,0.10598020108286631,0.1236508412340379,0.5055586940988912,0.2555895931789763,0.14594222406457527,2020-05-02,Off Cairns Queensland AUSTRALIA,Off Cairns,Queensland,AUSTRALIA,-16.9185514,145.7780548
5321,2020-05-02|Off City Beach Perth Western Australia AUSTRALIA,0.17591287249247986,-0.2221596809470047,0.033252693319321076,0.07640729194770356,0.12406442738804402,0.015391982143123246,0.032033297408710255,2020-05-02,Off City Beach Perth Western Australia AUSTRALIA,Off City Beach,Western Australia,AUSTRALIA,-31.9339651,115.76420859999999
5322,2020-05-02|Off Dawesville Cut Western Australia AUSTRALIA,0.17477484496774498,-0.2257949986831913,0.036070405022236865,0.0838857344342154,0.12246187933180386,0.01499691188947729,0.03161952127982257,2020-05-02,Off Dawesville Cut Western Australia AUSTRALIA,Off Dawesville Cut,Western Australia,AUSTRALIA,-32.607019199999996,115.63976670000001
5323,2020-05-02|Off De Grey river Western Australia AUSTRALIA,0.9307998006157504,-1.1714830880520193,0.12146982008163357,0.2797819227037062,0.6438449231797391,0.4145362851043241,0.17857045261320942,2020-05-02,Off De Grey river Western Australia AUSTRALIA,Off De Grey river,Western Australia,AUSTRALIA,-21.0940079,119.7494
5324,2020-05-02|Off Domain Sydney Harbor New South Wales AUSTRALIA,0.5823834305585353,-0.5132618475516562,0.09630114707030345,0.18781361175839492,0.3654832285966225,0.13357799038541104,0.11019733967478981,2020-05-02,Off Domain Sydney Harbor New South Wales AUSTRALIA,Off Domain,New South Wales,AUSTRALIA,-33.871516299999996,151.214894
5325,2020-05-02|Off Eva Island 20 miles from Cardwell Queensland AUSTRALIA,1.204302220193486,-0.7799612416289845,0.1146136588437789,0.09365920905803977,0.6360543707590945,0.40456516256174774,0.18361308108850063,2020-05-02,Off Eva Island 20 miles from Cardwell Queensland AUSTRALIA,Off Eva Island 20 miles from Cardwell,Queensland,AUSTRALIA,-18.2654956,146.02580690000002
5326,2020-05-02|Off Franklin Island between Streaky Bay & Ceduna South Australia AUSTRALIA,0.3587429976393897,-0.3430087068093436,0.03043509575289923,0.035043376239386574,0.225048201192093,0.050646692859796776,0.06241714068069442,2020-05-02,Off Franklin Island between Streaky Bay & Ceduna South Australia AUSTRALIA,Off Franklin Island between Streaky Bay & Ceduna,South Australia,AUSTRALIA,-32.797222,134.21111100000002
5327,2020-05-02|Off Garden Island Western Australia AUSTRALIA,0.1754667053208247,-0.22250948520524108,0.03360004940675199,0.07757943545884116,0.12332910023782727,0.015210066965472046,0.03184343675492334,2020-05-02,Off Garden Island Western Australia AUSTRALIA,Off Garden Island,Western Australia,AUSTRALIA,-32.204325399999995,115.67762739999999
5328,2020-05-02|Off Hinchinbrook Island Queensland AUSTRALIA,1.215175067572054,-0.7854116383999318,0.11363585261583924,0.08965998465808579,0.6415417993536441,0.41157588031791137,0.18519716527661165,2020-05-02,Off Hinchinbrook Island Queensland AUSTRALIA,Off Hinchinbrook Island,Queensland,AUSTRALIA,-18.3362903,146.2258805
5329,2020-05-02|Off Kisma New South Wales AUSTRALIA,0.5737431277315118,-0.514302840617808,0.0939156904438243,0.18320948962061767,0.3629010075812009,0.13169714130345084,0.10941877074443308,2020-05-02,Off Kisma New South Wales AUSTRALIA,Off Kisma,New South Wales,AUSTRALIA,-34.6738221,150.8443706
5330,2020-05-02|Off Legendre Island Western Australia AUSTRALIA,0.5644131818936937,-0.7463425167081372,0.06287955039821756,0.1958784683917207,0.4144289297000032,0.1717513377722902,0.11494190431300175,2020-05-02,Off Legendre Island Western Australia AUSTRALIA,Off Legendre Island,Western Australia,AUSTRALIA,-20.3853568,116.87631040000001
5331,2020-05-02|Off Lodestone Reef Great Barrier Reef north of Townsville Queensland AUSTRALIA,1.0692455937979235,-0.7636450366258895,0.12974822321648902,0.16973531299290595,0.5796067886525467,0.33594402945211793,0.1673180677263412,2020-05-02,Off Lodestone Reef Great Barrier Reef north of Townsville Queensland AUSTRALIA,Off Lodestone Reef,Queensland,AUSTRALIA,-18.689469600000002,147.1049521
5332,2020-05-02|Off Melbourne Victoria AUSTRALIA,0.5104667692218202,-0.5274959637308436,0.023561437734018337,0.012254236089327047,0.3251812647978829,0.10574285497555082,0.09387174538324033,2020-05-02,Off Melbourne Victoria AUSTRALIA,Off Melbourne,Victoria,AUSTRALIA,-37.813627600000004,144.96305759999998
5333,2020-05-02|Off Mooloolabah New South Wales AUSTRALIA,0.6799038720913322,-0.5078237980722429,0.09755444156435239,0.16949229019451878,0.396794023098302,0.1574454967665358,0.11963789942478922,2020-05-02,Off Mooloolabah New South Wales AUSTRALIA,Off Mooloolabah,New South Wales,AUSTRALIA,-26.682,153.118
5334,2020-05-02|Off North Bondi New South Wales AUSTRALIA,0.5823844317231436,-0.5132618475516562,0.09630146469373814,0.1878143581978203,0.3654835533493458,0.1335782277688641,0.11019743759142006,2020-05-02,Off North Bondi New South Wales AUSTRALIA,Off North Bondi,New South Wales,AUSTRALIA,-33.8879,151.2808
5335,2020-05-02|Off North Keppel Island off Yeppoon Queensland AUSTRALIA,1.5414508707862595,-1.2456641721865649,0.273543198834693,0.3733370475907384,0.9133490089854439,0.8342064122146925,0.263661148100912,2020-05-02,Off North Keppel Island off Yeppoon Queensland AUSTRALIA,Off North Keppel Island,Queensland,AUSTRALIA,-23.0737512,150.8987392
5336,2020-05-02|Off Perforated Island near Coffin Bay South Australia AUSTRALIA,0.24962896185155395,-0.23089478791340892,0.019373513230255136,0.023839419605899276,0.1494346064751376,0.022330701612379236,0.03858384948168446,2020-05-02,Off Perforated Island near Coffin Bay South Australia AUSTRALIA,Off Perforated Island near Coffin Bay,South Australia,AUSTRALIA,-34.726845000000004,135.15822240000003
5337,2020-05-02|Off Poison Creek Cape Arid Western Australia AUSTRALIA,0.2606785397629001,-0.29827923105984927,0.022338616877213276,0.0591024045297725,0.1713426648177293,0.029358308786840735,0.044240485822257675,2020-05-02,Off Poison Creek Cape Arid Western Australia AUSTRALIA,Off Poison Creek,Western Australia,AUSTRALIA,-33.9036415,123.35127050000001
5338,2020-05-02|Off Port Broughton South Australia AUSTRALIA,0.33687554070602693,-0.48082561002431823,0.002868173914275363,0.07048534849519064,0.30904684055518705,0.09550994965714323,0.0977291919833287,2020-05-02,Off Port Broughton South Australia AUSTRALIA,Off Port Broughton,South Australia,AUSTRALIA,-33.583333,137.93555600000002
5339,2020-05-02|Off Rottnest Island Western Australia AUSTRALIA,0.16987408457524406,-0.21791792346056527,0.0332851046523129,0.07695307955078864,0.12178189859763647,0.014830830826045012,0.031443951009211095,2020-05-02,Off Rottnest Island Western Australia AUSTRALIA,Off Rottnest Island,Western Australia,AUSTRALIA,-32.0063677,115.5073002
5340,2020-05-02|Off Scotts New South Wales AUSTRALIA,0.6293524549897184,-0.5026406706292414,0.10652930180514707,0.19853345923187174,0.37763706587505347,0.14260975352271948,0.11386185949438887,2020-05-02,Off Scotts New South Wales AUSTRALIA,Off Scotts,New South Wales,AUSTRALIA,-30.7492859,152.9941554
5341,2020-05-02|Off Stradbroke Island Queensland AUSTRALIA,0.6712604000251191,-0.4996887026752887,0.10048140077902401,0.19851220028366423,0.39016336706087174,0.15222745299627652,0.11763868140751096,2020-05-02,Off Stradbroke Island Queensland AUSTRALIA,Off Stradbroke Island,Queensland,AUSTRALIA,-27.5323174,153.46260769999998
5342,2020-05-02|Off Tasman Island Tasmania AUSTRALIA,0.3792150047541225,-0.43604101822520736,0.029841861354184755,0.0630212883206437,0.2694859082094284,0.07262265472346047,0.08521892672608619,2020-05-02,Off Tasman Island Tasmania AUSTRALIA,Off Tasman Island,Tasmania,AUSTRALIA,-43.238162700000004,148.00239390000002
5343,2020-05-02|Off Tower Hill Victoria AUSTRALIA,0.17843507624337704,-0.27812943434361387,0.024490941630624,0.08645156244980434,0.15936891344235599,0.025398450571797154,0.04420098377933821,2020-05-02,Off Tower Hill Victoria AUSTRALIA,Off Tower Hill,Victoria,AUSTRALIA,-38.3332266,142.3537074
5344,2020-05-02|Off Wedge Island Western Australia AUSTRALIA,0.16864756059870387,-0.23915899616240818,0.018180808944007858,0.06797251602851062,0.13573156391848326,0.01842305744375731,0.033932890979620815,2020-05-02,Off Wedge Island Western Australia AUSTRALIA,Off Wedge Island,Western Australia,AUSTRALIA,-30.8277891,115.1879896
5345,2020-05-02|Off Wynnum in Moreton Bay near Brisbane Queensland AUSTRALIA,0.9384542576217468,-0.6654910311653487,0.2648455922374391,0.3008528792965748,0.506026213665358,0.2560625289164986,0.1525726440738368,2020-05-02,Off Wynnum in Moreton Bay near Brisbane Queensland AUSTRALIA,Off Wynnum in Moreton Bay,Queensland,AUSTRALIA,-27.443694,153.173618
5346,2020-05-02|On board the Japanese longline trawler Fukuya No38 100 nm northeast of Brisbane Queensland AUSTRALIA,0.9384575798227051,-0.6654929939132238,0.2648404079241413,0.3008474173024184,0.506024347931321,0.2560606406993186,0.15257208153385868,2020-05-02,On board the Japanese longline trawler Fukuya No38 100 nm northeast of Brisbane Queensland AUSTRALIA,On board the Japanese longline trawler Fukuya No.38,Queensland,AUSTRALIA,-27.469770699999998,153.0251235
5347,2020-05-02|Onslow Western Australia AUSTRALIA,0.3901103468775748,-0.48215749873611813,0.0008228003333680599,0.05448207550191296,0.25692755403797823,0.06601176802393824,0.06866677717371159,2020-05-02,Onslow Western Australia AUSTRALIA,Onslow,Western Australia,AUSTRALIA,-21.662723,115.1069826
5348,2020-05-02|Opal Reef Queensland AUSTRALIA,0.9098536977102301,-0.6192950197286063,0.0996895017560016,0.11987162944917444,0.479057193817543,0.229495794948339,0.1382918999038926,2020-05-02,Opal Reef Queensland AUSTRALIA,Opal Reef,Queensland,AUSTRALIA,-16.2104561,145.881327
5349,2020-05-02|Orpheus Island Queensland AUSTRALIA,1.137742007971468,-0.8511565232573098,0.11704478201984818,0.15276095113027618,0.6366540251259141,0.40532834770902804,0.18378618639355263,2020-05-02,Orpheus Island Queensland AUSTRALIA,Orpheus Island,Queensland,AUSTRALIA,-18.6160685,146.49719950000002
5350,2020-05-02|Otford New South Wales AUSTRALIA,0.5780175737768849,-0.513648298104207,0.09440703724486431,0.1840433982499827,0.36406901744373615,0.13254624946244747,0.10977093896856617,2020-05-02,Otford New South Wales AUSTRALIA,Otford,New South Wales,AUSTRALIA,-34.216667,151.0
5351,2020-05-02|Outer Barrier Reef near Port Douglas Queensland AUSTRALIA,0.9683780713632149,-0.6649802725167534,0.0972611216214427,0.11107363157242081,0.5132971843808808,0.26347399949333994,0.14817613378828925,2020-05-02,Outer Barrier Reef near Port Douglas Queensland AUSTRALIA,Outer Barrier Reef near Port Douglas,Queensland,AUSTRALIA,-16.4844197,145.46060580000002
5352,2020-05-02|Outer Harbor South Australia AUSTRALIA,0.21221951406186543,-0.28165306415992175,-0.006711973031716648,-0.0007038414868566212,0.1783452449867616,0.03180702640938802,0.056397718401889285,2020-05-02,Outer Harbor South Australia AUSTRALIA,Outer Harbor,South Australia,AUSTRALIA,-34.781,138.501
5353,2020-05-02|Palm Beach New South Wales AUSTRALIA,0.5862985534494662,-0.5145037913336981,0.09787379565282213,0.19111751324685933,0.36724864747533564,0.13487156907246337,0.11072963349465356,2020-05-02,Palm Beach New South Wales AUSTRALIA,Palm Beach,New South Wales,AUSTRALIA,-33.601110999999996,151.321667
5354,2020-05-02|Palm Beach North 5 miles north of Burleigh Heads Brisbane Queensland AUSTRALIA,0.4395268539248137,-0.3659482041839893,0.031621839855228616,0.06756757464687554,0.2742342256368917,0.07520441051066563,0.0760588893862288,2020-05-02,Palm Beach North 5 miles north of Burleigh Heads Brisbane Queensland AUSTRALIA,Palm Beach North,Queensland,AUSTRALIA,26.7056206,-80.0364297
5355,2020-05-02|Palm Beach Queensland AUSTRALIA,0.6641682226061488,-0.5030545066664271,0.10596315620640669,0.2074188979173446,0.38897639436235015,0.15130263537113453,0.11728079567320263,2020-05-02,Palm Beach Queensland AUSTRALIA,Palm Beach,Queensland,AUSTRALIA,-28.122260600000004,153.4694515
5356,2020-05-02|Palm Cove Beach Queensland AUSTRALIA,0.9621704928942935,-0.6518574079725384,0.10302316106143321,0.11938638668817636,0.5066678380388995,0.25671229810301244,0.14626240634074217,2020-05-02,Palm Cove Beach Queensland AUSTRALIA,Palm Cove Beach,Queensland,AUSTRALIA,-16.744428,145.67113590000002
5357,2020-05-02|Palm Cove Queensland AUSTRALIA,0.9621605430264842,-0.6518529602098362,0.10302274328441964,0.11938799448587613,0.5066679150764625,0.2567123761679294,0.14626242857957103,2020-05-02,Palm Cove Queensland AUSTRALIA,Palm Cove,Queensland,AUSTRALIA,-16.74405,145.67095
5358,2020-05-02|Palm Island Queensland AUSTRALIA,1.139802391616955,-0.8575946595272261,0.11963662658528951,0.15938263583204565,0.6393374954696198,0.4087524331133661,0.1845608375562031,2020-05-02,Palm Island Queensland AUSTRALIA,Palm Island,Queensland,AUSTRALIA,-18.6894285,146.5392256
5359,2020-05-02|Pancake Creek Queensland AUSTRALIA,1.5063177154429,-1.219359595379304,0.18019994499089245,0.1960998278714208,1.0396384879712226,1.0808481856710899,0.31346279838299645,2020-05-02,Pancake Creek Queensland AUSTRALIA,Pancake Creek,Queensland,AUSTRALIA,-20.9175738,142.7027956
5360,2020-05-02|Paradise Beach Victoria AUSTRALIA,0.42011765806561935,-0.5817191562658409,0.020316930818161598,0.10695532486578349,0.33315102371428934,0.110989604601879,0.09617241661112218,2020-05-02,Paradise Beach Victoria AUSTRALIA,Paradise Beach,Victoria,AUSTRALIA,-38.1992076,147.4033451
5361,2020-05-02|Paramatta River New South Wales AUSTRALIA,0.584062717054774,-0.5138629816464426,0.09672290735620859,0.18923694184376844,0.36618993836986796,0.13409507096332768,0.11041042068874729,2020-05-02,Paramatta River New South Wales AUSTRALIA,Paramatta River,New South Wales,AUSTRALIA,-33.834442700000004,151.0923358
5362,2020-05-02|Paramatta River near Sydney New South Wales AUSTRALIA,0.584082777415897,-0.5138582060128978,0.09673385428603766,0.18925188372416624,0.36619390535003293,0.13409797631550888,0.11041161677827074,2020-05-02,Paramatta River near Sydney New South Wales AUSTRALIA,Paramatta River (near Sydney),New South Wales,AUSTRALIA,-33.834442700000004,151.0923358
5363,2020-05-02|Park Beach Coffs Harbour New South Wales AUSTRALIA,0.6306814502285812,-0.5016902631279148,0.10605756329348517,0.19702660764969243,0.37777004938031056,0.14271021020880229,0.1139019555298656,2020-05-02,Park Beach Coffs Harbour New South Wales AUSTRALIA,Park Beach,New South Wales,AUSTRALIA,-30.289625899999997,153.11855480000003
5364,2020-05-02|Parkers Point Rottnest Island Western Australia AUSTRALIA,0.16987408457524406,-0.21791792346056527,0.0332851046523129,0.07695307955078864,0.12178189859763647,0.014830830826045012,0.031443951009211095,2020-05-02,Parkers Point Rottnest Island Western Australia AUSTRALIA,Parker's Point,Western Australia,AUSTRALIA,-32.014821000000005,115.53120159999999
5365,2020-05-02|Parramata River New South Wales AUSTRALIA,0.5840637203673721,-0.5138629816464426,0.09672322528723175,0.18923768800568008,0.3661902641181049,0.13409530953488744,0.1104105189055362,2020-05-02,Parramata River New South Wales AUSTRALIA,Parramata River,New South Wales,AUSTRALIA,-33.834442700000004,151.0923358
5366,2020-05-02|Parramatta River New South Wales AUSTRALIA,0.5840637203673721,-0.5138629816464426,0.09672322528723175,0.18923768800568008,0.3661902641181049,0.13409530953488744,0.1104105189055362,2020-05-02,Parramatta River New South Wales AUSTRALIA,Parramatta River,New South Wales,AUSTRALIA,-33.834442700000004,151.0923358
5367,2020-05-02|Parsons Beach Fleurieu Peninsula South Australia AUSTRALIA,0.29313333503841227,-0.2736378078380994,-0.005786629001130932,-0.003675812347634873,0.1866034769461909,0.0348208576084076,0.049871876993815435,2020-05-02,Parsons Beach Fleurieu Peninsula South Australia AUSTRALIA,Parsons Beach,South Australia,AUSTRALIA,-35.630574200000005,138.4671696
5368,2020-05-02|Peacock Point Balmain Sydney New South Wales AUSTRALIA,0.5823834305585353,-0.5132618475516562,0.09630114707030345,0.18781361175839492,0.3654832285966225,0.13357799038541104,0.11019733967478981,2020-05-02,Peacock Point Balmain Sydney New South Wales AUSTRALIA,Peacock Point,New South Wales,AUSTRALIA,-33.859680299999994,151.1964189
5369,2020-05-02|Peel Island Queensland AUSTRALIA,0.9750694245001214,-0.7092540214837385,0.2645887269295965,0.30921209232980984,0.5325342625687395,0.28359274080963115,0.16056512154082847,2020-05-02,Peel Island Queensland AUSTRALIA,Peel Island,Queensland,AUSTRALIA,-27.500573499999998,153.34761269999998
5370,2020-05-02|Pelican Banks near Gladstone Queensland AUSTRALIA,1.1700625682442987,-0.8634896590584406,0.2962273552717891,0.34506539528980945,0.6450019692527904,0.41602754033997763,0.1944754110047142,2020-05-02,Pelican Banks near Gladstone Queensland AUSTRALIA,Pelican Banks near Gladstone,Queensland,AUSTRALIA,-23.783333300000002,151.3
5371,2020-05-02|Pelican Island Macleay River New South Wales AUSTRALIA,0.6282524262207914,-0.5025348539207641,0.10673013413035731,0.1998408669240791,0.3771902250729424,0.14227246589057696,0.11372713192333216,2020-05-02,Pelican Island Macleay River New South Wales AUSTRALIA,Pelican Island,New South Wales,AUSTRALIA,-30.9314059,153.0331545
5372,2020-05-02|Pelican Waters Caloundra Queensland AUSTRALIA,0.6844399970338347,-0.5129693305878413,0.09646638383557855,0.1663008313295822,0.4000806638374433,0.1600645375766093,0.12062885889319178,2020-05-02,Pelican Waters Caloundra Queensland AUSTRALIA,Pelican Waters,Queensland,AUSTRALIA,-26.799,153.13299999999998
5373,2020-05-02|Pennington Bay Kangaroo Island South Australia AUSTRALIA,0.2742746784786232,-0.26132583603600973,0.017789775355362084,0.056575413220532424,0.17372831078568546,0.030181525968447715,0.04485645696251374,2020-05-02,Pennington Bay Kangaroo Island South Australia AUSTRALIA,Pennington Bay,South Australia,AUSTRALIA,-35.8479736,137.75086090000002
5374,2020-05-02|Peregian Queensland AUSTRALIA,0.6799132035499212,-0.5069117622451262,0.09816188395166524,0.17159971721851844,0.396478988763059,0.15719558853057783,0.11954291299878195,2020-05-02,Peregian Queensland AUSTRALIA,Peregian,Queensland,AUSTRALIA,-26.480556,153.09555600000002
5375,2020-05-02|Perth Western Australia AUSTRALIA,0.17591812523829067,-0.22216580648695783,0.033252496888293466,0.07640719932968097,0.12406842472973978,0.015392974014919106,0.03203432951789804,2020-05-02,Perth Western Australia AUSTRALIA,Perth,Western Australia,AUSTRALIA,-31.950526899999996,115.8604572
5376,2020-05-02|Perth? Margaret River District Western Australia AUSTRALIA,0.18407949928994122,-0.27675423637017577,0.03775905762541047,0.10558710135349447,0.1472426247197977,0.021680390534375187,0.03681065617994943,2020-05-02,Perth? Margaret River District Western Australia AUSTRALIA,Perth? (Margaret River District),Western Australia,AUSTRALIA,-33.9610465,115.0767388
5377,2020-05-02|Petersons Beach Sarina Queensland AUSTRALIA,2.0092995219270193,-1.9206511923906848,0.14555779642603342,0.1722695022661225,1.351554908692638,1.8267006712111646,0.3612182434100278,2020-05-02,Petersons Beach Sarina Queensland AUSTRALIA,Peterson's Beach,Queensland,AUSTRALIA,-21.4137717,149.2243901
5378,2020-05-02|Petrie Bight Brisbane River Queensland AUSTRALIA,0.9384575798227051,-0.6654929939132238,0.2648404079241413,0.3008474173024184,0.506024347931321,0.2560606406993186,0.15257208153385868,2020-05-02,Petrie Bight Brisbane River Queensland AUSTRALIA,Petrie Bight,Queensland,AUSTRALIA,-27.466237800000002,153.0336145
5379,2020-05-02|Phillip Island Victoria AUSTRALIA,0.6869989077307522,-0.8251560530113882,0.03498067776899291,0.04179920245786956,0.47631233490859676,0.22687344038607926,0.13210527281914783,2020-05-02,Phillip Island Victoria AUSTRALIA,Phillip Island,Victoria,AUSTRALIA,-38.4898703,145.20382780000003
5380,2020-05-02|Pialba Beach near Maryborough Queensland AUSTRALIA,1.1122147516692549,-0.7779349552260698,0.32674144999555566,0.4123586775670962,0.6237639531999322,0.38908146931160714,0.197251481442246,2020-05-02,Pialba Beach near Maryborough Queensland AUSTRALIA,Pialba Beach near Maryborough,Queensland,AUSTRALIA,-25.2782552,152.8379759
5381,2020-05-02|Pialba Hervey Bay Queensland AUSTRALIA,1.1122147516692549,-0.7779349552260698,0.32674144999555566,0.4123586775670962,0.6237639531999322,0.38908146931160714,0.197251481442246,2020-05-02,Pialba Hervey Bay Queensland AUSTRALIA,Pialba,Queensland,AUSTRALIA,-25.281299800000003,152.8294091
5382,2020-05-02|Piccaninny Point 10 miles from Bicheno Tasmania AUSTRALIA,0.4415175405747718,-0.47629330631264327,0.07602308607550934,0.19419351751725217,0.3072987766933368,0.09443253815722126,0.0926540673479099,2020-05-02,Piccaninny Point 10 miles from Bicheno Tasmania AUSTRALIA,Piccaninny Point,Tasmania,AUSTRALIA,-41.8522419,148.25966830000002
5383,2020-05-02|Pimpana River Queensland AUSTRALIA,0.6710109537523411,-0.5039931197869185,0.102818713403916,0.20393228075287634,0.39142713152822606,0.1532151992964152,0.11801972073129258,2020-05-02,Pimpana River Queensland AUSTRALIA,Pimpana River,Queensland,AUSTRALIA,-27.8203377,153.38490019999998
5384,2020-05-02|Pincushion north of Maroochydore Beach Queensland AUSTRALIA,0.6796973309095858,-0.5069281393371992,0.09806806166319298,0.170692867048559,0.39644349917225813,0.15716744803594423,0.11953221248454107,2020-05-02,Pincushion north of Maroochydore Beach Queensland AUSTRALIA,Pincushion,Queensland,AUSTRALIA,-26.6476538,153.1031686
5385,2020-05-02|Pioneer River near Mackay Queensland AUSTRALIA,1.8753676096566718,-1.6806046631326472,0.1323365469555093,0.08062984387604631,1.208803503273729,1.4612059095268404,0.33526177023184095,2020-05-02,Pioneer River near Mackay Queensland AUSTRALIA,Pioneer River near Mackay,Queensland,AUSTRALIA,-21.1455879,148.9558418
5386,2020-05-02|Point Casuarina Bunbury Western Australia AUSTRALIA,0.19007305208213104,-0.2584884853709438,0.019740934593898102,0.09391433611198893,0.15732942336982514,0.024752547457881684,0.04062228243864992,2020-05-02,Point Casuarina Bunbury Western Australia AUSTRALIA,Point Casuarina,Western Australia,AUSTRALIA,-33.3153009,115.63711090000001
5387,2020-05-02|Point Cook Port Phillip Bay Victoria AUSTRALIA,0.5081358962210012,-0.5229392571985417,0.02517719573596378,0.013658120314131654,0.3230468136085583,0.10435924378264262,0.093255582398876,2020-05-02,Point Cook Port Phillip Bay Victoria AUSTRALIA,Point Cook,Victoria,AUSTRALIA,-37.9178086,144.7477259
5388,2020-05-02|Point Henry Victoria AUSTRALIA,0.522915231376898,-0.5261886952093218,0.0226241447117257,-0.006298388461904704,0.33348847188356845,0.11121456087923763,0.0962698295068076,2020-05-02,Point Henry Victoria AUSTRALIA,Point Henry,Victoria,AUSTRALIA,-38.1468463,144.4301958
5389,2020-05-02|Point Lonsdale Victoria AUSTRALIA,0.8523942795554144,-0.9509812389162474,0.06557423693020302,0.10238032647330121,0.5414520732665273,0.29317034764462085,0.15017178564374994,2020-05-02,Point Lonsdale Victoria AUSTRALIA,Point Lonsdale,Victoria,AUSTRALIA,-38.283333,144.6
5390,2020-05-02|Point Lookout Stradbroke Island Queensland AUSTRALIA,0.6678757176450649,-0.4938350052182126,0.09932482787097102,0.1920814443958709,0.3872687214238341,0.14997706259325122,0.1167659129094116,2020-05-02,Point Lookout Stradbroke Island Queensland AUSTRALIA,Point Lookout,Queensland,AUSTRALIA,-27.434650800000004,153.5304523
5391,2020-05-02|Point Lowly north of Whyalla South Australia AUSTRALIA,0.39969107933447545,-0.5453062680071042,-0.02045784393941556,0.03934634934830578,0.3574678691667808,0.1277832774866387,0.11915595638892694,2020-05-02,Point Lowly north of Whyalla South Australia AUSTRALIA,Point Lowly,South Australia,AUSTRALIA,-32.999444,137.785278
5392,2020-05-02|Point Plomer New South Wales AUSTRALIA,0.6257022535666303,-0.5059352331515841,0.10539193531625698,0.20211384591721826,0.37731803113316326,0.14236889661820676,0.11376566690039452,2020-05-02,Point Plomer New South Wales AUSTRALIA,Point Plomer,New South Wales,AUSTRALIA,-31.315232,152.97704109999998
5393,2020-05-02|Point Sinclair Cactus Beach near Penong South Australia AUSTRALIA,0.3672870606312971,-0.3238552522533395,0.04956319205438012,0.05004823318876477,0.21993734311882435,0.04837243489816747,0.06099964369263371,2020-05-02,Point Sinclair Cactus Beach near Penong South Australia AUSTRALIA,Point Sinclair,South Australia,AUSTRALIA,-32.0102589,132.98821940000002
5394,2020-05-02|Point Sinclair Penong South Australia AUSTRALIA,0.36621359749941845,-0.3243092748985331,0.04872612226818406,0.049344291740142536,0.2199197607668533,0.04836470117574999,0.06099476722558949,2020-05-02,Point Sinclair Penong South Australia AUSTRALIA,(Point Sinclair) Penong,South Australia,AUSTRALIA,-32.106519899999995,132.97958
5395,2020-05-02|Point Vernon Hervey Bay Queensland AUSTRALIA,1.1122147516692549,-0.7779349552260698,0.32674144999555566,0.4123586775670962,0.6237639531999322,0.38908146931160714,0.197251481442246,2020-05-02,Point Vernon Hervey Bay Queensland AUSTRALIA,Point Vernon,Queensland,AUSTRALIA,-25.257124100000002,152.8176466
5396,2020-05-02|Porpoise Pool Tweed Heads New South Wales AUSTRALIA,0.6607263501133811,-0.5008061866866896,0.10589901736130113,0.2064716438266513,0.38713599435785867,0.14987427812744797,0.11672589419328748,2020-05-02,Porpoise Pool Tweed Heads New South Wales AUSTRALIA,Porpoise Pool,New South Wales,AUSTRALIA,-28.170037,153.543026
5397,2020-05-02|Port Augusta South Australia AUSTRALIA,0.4483180127920749,-0.5690343995666687,-0.07495338266963528,-0.028796027038128218,0.3885441963568457,0.15096659252258704,0.12286846321273293,2020-05-02,Port Augusta South Australia AUSTRALIA,Port Augusta,South Australia,AUSTRALIA,-32.495233899999995,137.78943940000002
5398,2020-05-02|Port Campbell Victoria AUSTRALIA,0.1844867712313384,-0.3487359217603405,0.005713318289787567,0.10496123990026418,0.18794178419509117,0.035322114246434215,0.05425411984850722,2020-05-02,Port Campbell Victoria AUSTRALIA,Port Campbell,Victoria,AUSTRALIA,-38.6191008,142.9961352
5399,2020-05-02|Port Douglas Queensland AUSTRALIA,0.9683780713632149,-0.6649802725167534,0.0972611216214427,0.11107363157242081,0.5132971843808808,0.26347399949333994,0.14817613378828925,2020-05-02,Port Douglas Queensland AUSTRALIA,Port Douglas,Queensland,AUSTRALIA,-16.483611,145.465278
5400,2020-05-02|Port Germein South Australia AUSTRALIA,0.4033905652718018,-0.5492089271660977,-0.02708823523619795,0.028702861083285437,0.3614787121819525,0.13066685936072284,0.12049290406065083,2020-05-02,Port Germein South Australia AUSTRALIA,Port Germein,South Australia,AUSTRALIA,-33.0219965,138.0016436
5401,2020-05-02|Port Hedland Western Australia AUSTRALIA,0.760171484745254,-1.0183237341439813,0.07343699121278288,0.2249437876884283,0.5736069142537493,0.32902489207970814,0.15908993394635146,2020-05-02,Port Hedland Western Australia AUSTRALIA,Port Hedland,Western Australia,AUSTRALIA,-20.3839142,118.64837959999998
5402,2020-05-02|Port Hughes South Australia AUSTRALIA,0.2896733963287053,-0.4263712280691997,0.008943827573021744,0.09051063517993607,0.25170865694920497,0.06335724798317256,0.06727196825635291,2020-05-02,Port Hughes South Australia AUSTRALIA,Port Hughes,South Australia,AUSTRALIA,-34.076111,137.546111
5403,2020-05-02|Port Jackson New South Wales AUSTRALIA,0.5823844317231436,-0.5132618475516562,0.09630146469373814,0.1878143581978203,0.3654835533493458,0.1335782277688641,0.11019743759142006,2020-05-02,Port Jackson New South Wales AUSTRALIA,Port Jackson,New South Wales,AUSTRALIA,-33.8462182,151.2488616
5404,2020-05-02|Port Jervis New South Wales AUSTRALIA,0.5692773194889119,-0.5149564335781928,0.0924380534428288,0.18267884835887344,0.3614846582698977,0.1306711581645047,0.10899172535919024,2020-05-02,Port Jervis New South Wales AUSTRALIA,Port Jervis,New South Wales,AUSTRALIA,-35.0480805,150.7446771
5405,2020-05-02|Port Kennedy Beach Western Australia AUSTRALIA,0.17861393448534116,-0.22587970552199216,0.034516490342668835,0.07966975532295917,0.12373519316549392,0.015310398027702093,0.03194828949798105,2020-05-02,Port Kennedy Beach Western Australia AUSTRALIA,Port Kennedy Beach,Western Australia,AUSTRALIA,-32.3522464,115.7422946
5406,2020-05-02|Port MacDonnel Victoria AUSTRALIA,0.2093916744046152,-0.2601272860937362,0.01147886298663463,0.04528532136903759,0.1663637927558701,0.027676911540118095,0.044462593861195034,2020-05-02,Port MacDonnel Victoria AUSTRALIA,Port MacDonnel,Victoria,AUSTRALIA,-38.05249570000001,140.70019240000002
5407,2020-05-02|Port Melbourne Victoria AUSTRALIA,0.5104689356027868,-0.5274908793272458,0.02356273270588079,0.0122419669258398,0.3251807575205348,0.10574252506162886,0.0938715989448836,2020-05-02,Port Melbourne Victoria AUSTRALIA,Port Melbourne,Victoria,AUSTRALIA,-37.83322329999999,144.9124697
5408,2020-05-02|Port Newby South Australia AUSTRALIA,0.4483180127920749,-0.5690343995666687,-0.07495338266963528,-0.028796027038128218,0.3885441963568457,0.15096659252258704,0.12286846321273293,2020-05-02,Port Newby South Australia AUSTRALIA,Port Newby,South Australia,AUSTRALIA,-30.0002315,136.20915469999997
5409,2020-05-02|Port Phillip Bay Port Melbourne Victoria AUSTRALIA,0.8523931085497456,-0.9509756921614617,0.06558015825995658,0.10238244213433964,0.5414500132217672,0.2931681168178519,0.1501712142901336,2020-05-02,Port Phillip Bay Port Melbourne Victoria AUSTRALIA,Port Phillip Bay,Victoria,AUSTRALIA,-38.3,144.6333333
5410,2020-05-02|Port Phillip Bay South Australia AUSTRALIA,0.4885612960682581,-0.5297499659006958,0.07835234934743612,0.11313644476610504,0.33294159660347433,0.11085010674887062,0.09611196021171986,2020-05-02,Port Phillip Bay South Australia AUSTRALIA,Port Phillip Bay,South Australia,AUSTRALIA,-38.173206,144.8731219
5411,2020-05-02|Port Phillip Bay Victoria AUSTRALIA,0.4885612960682581,-0.5297499659006958,0.07835234934743612,0.11313644476610504,0.33294159660347433,0.11085010674887062,0.09611196021171986,2020-05-02,Port Phillip Bay Victoria AUSTRALIA,Port Phillip Bay,Victoria,AUSTRALIA,-38.173206,144.8731219
5412,2020-05-02|Port Phillip South Australia AUSTRALIA,0.5104667692218202,-0.5274959637308436,0.02356141774497142,0.01225481955139289,0.3251813599146895,0.10574291683596683,0.09387177284109728,2020-05-02,Port Phillip South Australia AUSTRALIA,Port Phillip,South Australia,AUSTRALIA,-37.84649829999999,144.9666905
5413,2020-05-02|Port Phillip Victoria AUSTRALIA,0.5104667692218202,-0.5274959637308436,0.02356141774497142,0.01225481955139289,0.3251813599146895,0.10574291683596683,0.09387177284109728,2020-05-02,Port Phillip Victoria AUSTRALIA,Port Phillip,Victoria,AUSTRALIA,-37.84649829999999,144.9666905
5414,2020-05-02|Port Pirie Spencer Gulf 230 km north of Adelaide South Australia AUSTRALIA,0.39789549839216654,-0.5452165599498838,-0.02938665713463838,0.021878835369897206,0.35704736630475087,0.12748282178515893,0.1190157887682503,2020-05-02,Port Pirie Spencer Gulf 230 km north of Adelaide South Australia AUSTRALIA,Port Pirie,South Australia,AUSTRALIA,-33.1708294,138.00885669999997
5415,2020-05-02|Port River Adelaide South Australia AUSTRALIA,0.21221951406186543,-0.28165306415992175,-0.006711973031716648,-0.0007038414868566212,0.1783452449867616,0.03180702640938802,0.056397718401889285,2020-05-02,Port River Adelaide South Australia AUSTRALIA,Port River,South Australia,AUSTRALIA,-34.7617799,138.51011
5416,2020-05-02|Port Wakefield South Australia AUSTRALIA,0.2333175223168146,-0.3174595878665773,-0.00838835652852319,-0.006837738859022937,0.18543203348312237,0.034385039041685814,0.0535296172239302,2020-05-02,Port Wakefield South Australia AUSTRALIA,Port Wakefield,South Australia,AUSTRALIA,-34.183333000000005,138.15
5417,2020-05-02|Portarlington Victoria AUSTRALIA,0.5127763919203849,-0.5246278738831667,0.025368490755875838,0.00839849765898739,0.3274457206904465,0.10722069999848588,0.09452543749281014,2020-05-02,Portarlington Victoria AUSTRALIA,Portarlington,Victoria,AUSTRALIA,-38.116667,144.65
5418,2020-05-02|Portland Victoria AUSTRALIA,0.19929793401995075,-0.2557166167937039,0.02898799219518283,0.07422293907201036,0.1574436328261162,0.02478849751748489,0.04366700701152979,2020-05-02,Portland Victoria AUSTRALIA,Portland,Victoria,AUSTRALIA,-38.360895,141.6041155
5419,2020-05-02|Portsea Beach near Melbourne Victoria AUSTRALIA,0.7297004056068472,-0.8327357961302526,0.10390254475455367,0.21285984185071524,0.48076925223889416,0.23113907389834545,0.12413408715265532,2020-05-02,Portsea Beach near Melbourne Victoria AUSTRALIA,Portsea Beach,Victoria,AUSTRALIA,-38.3339592,144.7019091
5420,2020-05-02|Portsea Beach near entrance to Port Phillip Bay Victoria AUSTRALIA,0.7297013530168909,-0.8327403406835651,0.10389847197406785,0.21284735376195124,0.4807713437370399,0.23114108495871896,0.12413462717515446,2020-05-02,Portsea Beach near entrance to Port Phillip Bay Victoria AUSTRALIA,Portsea Beach,Victoria,AUSTRALIA,-38.3339592,144.7019091
5421,2020-05-02|Princess Royal Harbor near King George’s Sound Western Australia AUSTRALIA,0.21631704890531492,-0.2878881818959359,0.02906614119861923,0.08006439305289662,0.1617496466726207,0.026162948198717634,0.043229411448620456,2020-05-02,Princess Royal Harbor near King George’s Sound Western Australia AUSTRALIA,Princess Royal Harbor,Western Australia,AUSTRALIA,-35.0458333,117.9733333
5422,2020-05-02|Pyramids Beach Mandurah Western Australia AUSTRALIA,0.1747697338459515,-0.22578901373958082,0.036070520449105525,0.08388439252869981,0.12245798954126691,0.014995959202489037,0.031618516940224585,2020-05-02,Pyramids Beach Mandurah Western Australia AUSTRALIA,Pyramids Beach,Western Australia,AUSTRALIA,-32.603604100000005,115.6304031
5423,2020-05-02|Pyramids Beach Port Bouvard Western Australia AUSTRALIA,0.17477484496774498,-0.2257949986831913,0.036070405022236865,0.0838857344342154,0.12246187933180386,0.01499691188947729,0.03161952127982257,2020-05-02,Pyramids Beach Port Bouvard Western Australia AUSTRALIA,Pyramids Beach,Western Australia,AUSTRALIA,-32.603604100000005,115.6304031
5424,2020-05-02|Pyramids Beach Western Australia AUSTRALIA,0.17477484496774498,-0.2257949986831913,0.036070405022236865,0.0838857344342154,0.12246187933180386,0.01499691188947729,0.03161952127982257,2020-05-02,Pyramids Beach Western Australia AUSTRALIA,Pyramids Beach,Western Australia,AUSTRALIA,-32.603604100000005,115.6304031
5425,2020-05-02|Queenscliff New South Wales AUSTRALIA,0.584062717054774,-0.5138629816464426,0.09672290735620859,0.18923694184376844,0.36618993836986796,0.13409507096332768,0.11041042068874729,2020-05-02,Queenscliff New South Wales AUSTRALIA,Queenscliff,New South Wales,AUSTRALIA,-33.7825,151.284722
5426,2020-05-02|Queenscliff Sydney New South Wales AUSTRALIA,0.584082777415897,-0.5138582060128978,0.09673385428603766,0.18925188372416624,0.36619390535003293,0.13409797631550888,0.11041161677827074,2020-05-02,Queenscliff Sydney New South Wales AUSTRALIA,Queenscliff,New South Wales,AUSTRALIA,-33.7825,151.284722
5427,2020-05-02|Queenscliff Victoria AUSTRALIA,0.8523942795554144,-0.9509812389162474,0.06557423693020302,0.10238032647330121,0.5414520732665273,0.29317034764462085,0.15017178564374994,2020-05-02,Queenscliff Victoria AUSTRALIA,Queenscliff,Victoria,AUSTRALIA,-38.2677746,144.6286897
5428,2020-05-02|Quinn’s Rocks south of Yanchep Western Australia AUSTRALIA,0.1741186396359146,-0.22043528737870272,0.03357539086226377,0.07673723371129378,0.1232931775639524,0.015201207633816296,0.031834161560412105,2020-05-02,Quinn’s Rocks south of Yanchep Western Australia AUSTRALIA,Quinn’s Rocks,Western Australia,AUSTRALIA,-31.660517499999997,115.6959328
5429,2020-05-02|Ralph Bay Tasmania AUSTRALIA,0.39828316916658696,-0.4631053147412998,0.03506147273359984,0.014030239827917455,0.2734000083095792,0.074747564543678,0.08243320411299299,2020-05-02,Ralph Bay Tasmania AUSTRALIA,Ralph Bay,Tasmania,AUSTRALIA,-42.97,147.43
5430,2020-05-02|Red Bluff near Quobba Station Western Australia AUSTRALIA,0.26959290077309783,-0.3257280232140672,0.009862455449230216,0.03183319254039211,0.18585049927761152,0.03454040808173748,0.047986392572434866,2020-05-02,Red Bluff near Quobba Station Western Australia AUSTRALIA,Red Bluff near Quobba Station,Western Australia,AUSTRALIA,-24.05,113.4
5431,2020-05-02|Red Bluffs Western Australia AUSTRALIA,1.7440553787580149,-1.4825259489813574,0.31851583904789144,0.38772557589452483,1.2306745517650575,1.5145598523621249,0.43510916049339343,2020-05-02,Red Bluffs Western Australia AUSTRALIA,Red Bluffs,Western Australia,AUSTRALIA,-18.8,126.46666670000002
5432,2020-05-02|Redgate Beach Western Australia AUSTRALIA,0.18662123204888723,-0.2815638180602176,0.036900667625840905,0.10619253081172725,0.1494210982121927,0.022326664590937736,0.03735527455304818,2020-05-02,Redgate Beach Western Australia AUSTRALIA,Redgate Beach,Western Australia,AUSTRALIA,-34.039174700000004,114.99853700000001
5433,2020-05-02|Redhead Beach New South Wales AUSTRALIA,0.5980587643980563,-0.5148101904667274,0.0995054894781743,0.1940242109314799,0.3712613336357227,0.1378349778529754,0.11193950389424046,2020-05-02,Redhead Beach New South Wales AUSTRALIA,Redhead Beach,New South Wales,AUSTRALIA,-33.0204805,151.70915119999998
5434,2020-05-02|Redhead Beach Newcastle New South Wales AUSTRALIA,0.5980395172051378,-0.5148147517007843,0.09949492859205429,0.1940105154802063,0.3712575953109418,0.13783220207606303,0.1119383767469093,2020-05-02,Redhead Beach Newcastle New South Wales AUSTRALIA,Redhead Beach,New South Wales,AUSTRALIA,-33.0204805,151.70915119999998
5435,2020-05-02|Rib Reef off Townsville Queensland AUSTRALIA,1.0703977045782511,-0.7624544727234196,0.1257359760061651,0.16124466833112094,0.5804807609269069,0.3369579138062809,0.16757036179027426,2020-05-02,Rib Reef off Townsville Queensland AUSTRALIA,Rib Reef off Townsville,Queensland,AUSTRALIA,-18.481090899999998,146.8713315
5436,2020-05-02|Riecks Point Campbell’s Beach New South Wales AUSTRALIA,0.6340766437300223,-0.5055982939752249,0.10534972563542794,0.1939226478759909,0.3802555908188945,0.1445943143490265,0.11465137447101678,2020-05-02,Riecks Point Campbell’s Beach New South Wales AUSTRALIA,Riecks Point,New South Wales,AUSTRALIA,-30.2379185,153.15217619999999
5437,2020-05-02|Roe Reef off Rottnest Island Western Australia AUSTRALIA,0.17124692697376154,-0.21872266279867095,0.03318290802743807,0.07672783481776939,0.12202954377985342,0.014891209555119163,0.031507892720310744,2020-05-02,Roe Reef off Rottnest Island Western Australia AUSTRALIA,Roe Reef off Rottnest Island,Western Australia,AUSTRALIA,-31.9791667,115.53333329999998
5438,2020-05-02|Rosebud Victoria AUSTRALIA,0.4946076245099363,-0.5409872642064785,0.0693569718320165,0.10067609813640772,0.3340859424095162,0.11161341691565459,0.09644230439130201,2020-05-02,Rosebud Victoria AUSTRALIA,Rosebud,Victoria,AUSTRALIA,-38.356,144.918
5439,2020-05-02|Ross Creek Queensland AUSTRALIA,0.6842466244237849,-0.5111652885736954,0.0968834972391882,0.1714282645321608,0.3991964285016916,0.15935778852850618,0.12036225190818613,2020-05-02,Ross Creek Queensland AUSTRALIA,Ross Creek,Queensland,AUSTRALIA,-26.0970062,152.7500251
5440,2020-05-02|Ross River Townsville Queensland AUSTRALIA,1.1516097495480804,-0.8782459264280105,0.20300639224994177,0.2132013400880724,0.6799353856186653,0.4623121286164031,0.18858014591157524,2020-05-02,Ross River Townsville Queensland AUSTRALIA,Ross River,Queensland,AUSTRALIA,-19.4006854,146.7329811
5441,2020-05-02|Rothesay Bay Queensland AUSTRALIA,0.6710109537523411,-0.5039931197869185,0.102818713403916,0.20393228075287634,0.39142713152822606,0.1532151992964152,0.11801972073129258,2020-05-02,Rothesay Bay Queensland AUSTRALIA,Rothesay Bay,Queensland,AUSTRALIA,-27.6733333,153.37444440000002
5442,2020-05-02|Rottnest Island Western Australia AUSTRALIA,0.16987408457524406,-0.21791792346056527,0.0332851046523129,0.07695307955078864,0.12178189859763647,0.014830830826045012,0.031443951009211095,2020-05-02,Rottnest Island Western Australia AUSTRALIA,Rottnest Island,Western Australia,AUSTRALIA,-32.0063677,115.5073002
5443,2020-05-02|Rubbish Dump Creek Mackay Queensland AUSTRALIA,1.9432873303135874,-1.8127292317337538,0.09936817947146079,0.07890206259531767,1.2901483338893445,1.6644827234374517,0.3578227669840359,2020-05-02,Rubbish Dump Creek Mackay Queensland AUSTRALIA,Rubbish Dump Creek,Queensland,AUSTRALIA,-21.1424956,149.1821469
5444,2020-05-02|Rudder Reef Queensland AUSTRALIA,0.9373980484934965,-0.643161998495338,0.0986861310649766,0.11660556152067247,0.49590851720239454,0.24592525743387766,0.14315645795011533,2020-05-02,Rudder Reef Queensland AUSTRALIA,Rudder Reef,Queensland,AUSTRALIA,-16.1906218,145.6990989
5445,2020-05-02|Russel Island Frankland Group Queensland AUSTRALIA,0.9889657987623609,-0.6584079174266526,0.11234768093281385,0.12831926563413512,0.5174649947274933,0.2677700207683247,0.14937927700106327,2020-05-02,Russel Island Frankland Group Queensland AUSTRALIA,Russel Island,Queensland,AUSTRALIA,-17.2291545,146.09400219999998
5446,2020-05-02|Ryde Sydney Estuary New South Wales AUSTRALIA,0.5840637203673721,-0.5138629816464426,0.09672322528723175,0.18923768800568008,0.3661902641181049,0.13409530953488744,0.1104105189055362,2020-05-02,Ryde Sydney Estuary New South Wales AUSTRALIA,Ryde,New South Wales,AUSTRALIA,-33.815746600000004,151.1030164
5447,2020-05-02|Safety Cove Tasmania AUSTRALIA,0.3825131016499004,-0.44384727770977306,0.0316641338600151,0.058260440382741106,0.2746040813251428,0.07540740148042563,0.08683743517655598,2020-05-02,Safety Cove Tasmania AUSTRALIA,Safety Cove,Tasmania,AUSTRALIA,-43.1625907,147.8547571
5448,2020-05-02|Sailor Bay Middle Harbour Sydney New South Wales AUSTRALIA,0.5840637203673721,-0.5138629816464426,0.09672322528723175,0.18923768800568008,0.3661902641181049,0.13409530953488744,0.1104105189055362,2020-05-02,Sailor Bay Middle Harbour Sydney New South Wales AUSTRALIA,Sailor Bay,New South Wales,AUSTRALIA,-33.8035561,151.2270015
5449,2020-05-02|Saltwater Beach New South Wales AUSTRALIA,0.6186211353757041,-0.5144222303965984,0.10292200310491063,0.20307103194211665,0.37767377296089716,0.1426374787825193,0.11387292709719712,2020-05-02,Saltwater Beach New South Wales AUSTRALIA,Saltwater Beach,New South Wales,AUSTRALIA,-32.010831800000005,152.5628989
5450,2020-05-02|Sams Creek area Westerm Australia AUSTRALIA,0.6466577247632006,-0.7092282547728144,0.1410881904906875,0.2594993721875349,0.41812771581778474,0.17483078673499816,0.12070307464152069,2020-05-02,Sams Creek area Westerm Australia AUSTRALIA,Sam's Creek area,Western Australia,AUSTRALIA,-20.6223242,117.1836798
5451,2020-05-02|Samurai Beach New South Wales AUSTRALIA,0.5992635973363261,-0.5142623046281019,0.09874058620369533,0.19270378001539784,0.37145223988752324,0.1379767665174581,0.11199706429490913,2020-05-02,Samurai Beach New South Wales AUSTRALIA,Samurai Beach,New South Wales,AUSTRALIA,-32.7673021,152.1244595
5452,2020-05-02|Sandbar Beach New South Wales AUSTRALIA,0.6095081689524579,-0.5153192185364741,0.10136900772600517,0.20187843254774904,0.37498131672156715,0.14061098789024024,0.11306112099625995,2020-05-02,Sandbar Beach New South Wales AUSTRALIA,Sandbar Beach,New South Wales,AUSTRALIA,-32.387195,152.5226878
5453,2020-05-02|Sandgate Jetty Brisbane Queensland AUSTRALIA,0.8733444137875883,-0.6113944707928421,0.19587070679864568,0.30584042420088897,0.5056210538228533,0.2556526500689327,0.1459602257662833,2020-05-02,Sandgate Jetty Brisbane Queensland AUSTRALIA,Sandgate Jetty,Queensland,AUSTRALIA,-27.322671000000003,153.0844173
5454,2020-05-02|Sandon New South Wales AUSTRALIA,0.6418006277666678,-0.5063757196098011,0.10759813803951629,0.20035938156026814,0.3830150539235283,0.1467005315320433,0.11548338390200766,2020-05-02,Sandon New South Wales AUSTRALIA,Sandon,New South Wales,AUSTRALIA,-29.689362699999997,153.3130678
5455,2020-05-02|Sandringham Victoria AUSTRALIA,0.5097029829565639,-0.5338265623933826,0.04324654347363274,0.0890635150920107,0.3331593941406453,0.11099518190416187,0.10045133688605908,2020-05-02,Sandringham Victoria AUSTRALIA,Sandringham,Victoria,AUSTRALIA,-37.9525,145.012311
5456,2020-05-02|Scarborough Beach Perth Western Australia AUSTRALIA,0.17532778030190158,-0.22156080212508045,0.03331277172392088,0.07646788973847227,0.12377545196247021,0.015320362508513772,0.031958684274662884,2020-05-02,Scarborough Beach Perth Western Australia AUSTRALIA,Scarborough Beach,Western Australia,AUSTRALIA,-31.893518100000005,115.7548947
5457,2020-05-02|Scarborough Western Australia AUSTRALIA,0.17532778030190158,-0.22156080212508045,0.03331277172392088,0.07646788973847227,0.12377545196247021,0.015320362508513772,0.031958684274662884,2020-05-02,Scarborough Western Australia AUSTRALIA,Scarborough,Western Australia,AUSTRALIA,-31.8980316,115.7715973
5458,2020-05-02|Schnapper Rock Kirton Point South Australia AUSTRALIA,0.26926202204083904,-0.3172906851982097,0.01759554048839111,0.06970018224900952,0.18802278368642691,0.03535256718519288,0.048547273995006066,2020-05-02,Schnapper Rock Kirton Point South Australia AUSTRALIA,Schnapper Rock,South Australia,AUSTRALIA,-34.7207199,135.87936000000002
5459,2020-05-02|Scotts Head New South Wales AUSTRALIA,0.6293300036441477,-0.5026428667231198,0.10652236932808067,0.19853520551126655,0.3776309799880004,0.14260515704669754,0.11386002453040055,2020-05-02,Scotts Head New South Wales AUSTRALIA,Scotts Head,New South Wales,AUSTRALIA,-30.7492859,152.9941554
5460,2020-05-02|Scotts Point Beach Queensland AUSTRALIA,0.8733408050883771,-0.6113948663520873,0.1958754464000302,0.30584638269294334,0.5056234633949627,0.2556550867355172,0.1459609213498363,2020-05-02,Scotts Point Beach Queensland AUSTRALIA,Scotts Point Beach,Queensland,AUSTRALIA,-27.2521951,153.10984
5461,2020-05-02|Scott’s Point Redcliffe Peninsula Queensland AUSTRALIA,0.8733444137875883,-0.6113944707928421,0.19587070679864568,0.30584042420088897,0.5056210538228533,0.2556526500689327,0.1459602257662833,2020-05-02,Scott’s Point Redcliffe Peninsula Queensland AUSTRALIA,Scott’s Point,Queensland,AUSTRALIA,-27.2521951,153.10984
5462,2020-05-02|SeaWorld Theme Park Queensland AUSTRALIA,0.6669836940565901,-0.503079512198539,0.10425330253574638,0.2047917731011568,0.38988948858849465,0.15201381331179792,0.11755610394105365,2020-05-02,SeaWorld Theme Park Queensland AUSTRALIA,SeaWorld Theme Park,Queensland,AUSTRALIA,-27.9572417,153.42551609999998
5463,2020-05-02|Seaforth River near MacKay Queensland AUSTRALIA,1.9432951244433037,-1.8127322000477661,0.09936500379542607,0.0788950759633105,1.2901515785471154,1.6644910956276135,0.357823666890187,2020-05-02,Seaforth River near MacKay Queensland AUSTRALIA,Seaforth River,Queensland,AUSTRALIA,-21.1389425,149.182769
5464,2020-05-02|Seaholme Victoria AUSTRALIA,0.5081358962210012,-0.5229392571985417,0.02517719573596378,0.013658120314131654,0.3230468136085583,0.10435924378264262,0.093255582398876,2020-05-02,Seaholme Victoria AUSTRALIA,Seaholme,Victoria,AUSTRALIA,-37.868,144.841
5465,2020-05-02|Seal Rocks New South Wales AUSTRALIA,0.6067403072478917,-0.5149679741425751,0.10099659435298726,0.2007960515682742,0.37396608606490395,0.13985063352670313,0.11275501743591286,2020-05-02,Seal Rocks New South Wales AUSTRALIA,Seal Rocks,New South Wales,AUSTRALIA,-32.4353409,152.525707
5466,2020-05-02|Seal Rocks Phillip Island Victoria AUSTRALIA,0.8796185461628782,-1.0447634469768543,0.03191145437361896,0.05926259205383121,0.6037161748277314,0.364473219748628,0.16744074032064368,2020-05-02,Seal Rocks Phillip Island Victoria AUSTRALIA,Seal Rocks,Victoria,AUSTRALIA,-38.5258967,145.09982109999999
5467,2020-05-02|Seal Rocks north of Newcastle New South Wales AUSTRALIA,0.6067203877658754,-0.5149724223872363,0.1009859592729634,0.2007825259055658,0.37396209555969606,0.13984764891539925,0.1127538142533221,2020-05-02,Seal Rocks north of Newcastle New South Wales AUSTRALIA,Seal Rocks,New South Wales,AUSTRALIA,-32.4353409,152.525707
5468,2020-05-02|Seaspray near Sale New South Wales AUSTRALIA,0.42869017008383675,-0.5874067064106779,0.04767255897473832,0.10358410009951297,0.3216975299924725,0.10348930080325773,0.09699545481537582,2020-05-02,Seaspray near Sale New South Wales AUSTRALIA,Seaspray,New South Wales,AUSTRALIA,-38.293634499999996,147.14676930000002
5469,2020-05-02|Second Valley South Australia AUSTRALIA,0.2297756875088534,-0.26108683783596875,0.04104677982325396,0.09750125598109069,0.18153389836862238,0.03295455625690932,0.05034844452330282,2020-05-02,Second Valley South Australia AUSTRALIA,Second Valley,South Australia,AUSTRALIA,-35.5367772,138.2322002
5470,2020-05-02|Semaphore South Australia AUSTRALIA,0.21094032785128977,-0.28303067651119135,-0.008192081223253258,-0.0016094241495255394,0.1791470110394647,0.03209365156437409,0.05665125908960372,2020-05-02,Semaphore South Australia AUSTRALIA,Semaphore,South Australia,AUSTRALIA,-34.838889,138.48388899999998
5471,2020-05-02|Seven Mile Beach Byron Bay New South Wales AUSTRALIA,0.6540113141374103,-0.4995184291470598,0.10528438055184823,0.20161854243075233,0.3845868109308365,0.14790701514195098,0.11595728647063068,2020-05-02,Seven Mile Beach Byron Bay New South Wales AUSTRALIA,Seven Mile Beach,New South Wales,AUSTRALIA,-28.7186968,153.6118865
5472,2020-05-02|Seven Mile Beach Gerroa New South Wales AUSTRALIA,0.5734287216241101,-0.515001001914887,0.09350331010381763,0.1829841126145175,0.36298624480192065,0.13175901391539988,0.10944447073346036,2020-05-02,Seven Mile Beach Gerroa New South Wales AUSTRALIA,Seven Mile Beach,New South Wales,AUSTRALIA,-34.7699,150.813133
5473,2020-05-02|Seven Shillings Beach Middle Harbor Sydney Estuary New South Wales AUSTRALIA,0.5823834305585353,-0.5132618475516562,0.09630114707030345,0.18781361175839492,0.3654832285966225,0.13357799038541104,0.11019733967478981,2020-05-02,Seven Shillings Beach Middle Harbor Sydney Estuary New South Wales AUSTRALIA,Seven Shillings Beach,New South Wales,AUSTRALIA,-33.871820299999996,151.24781399999998
5474,2020-05-02|Shark Bay Western Australia AUSTRALIA,0.2888047420312132,-0.38167491328975295,0.004795467875953348,0.05024063010692767,0.21006420391876643,0.04412696976802509,0.05423834422744674,2020-05-02,Shark Bay Western Australia AUSTRALIA,Shark Bay,Western Australia,AUSTRALIA,-25.7834193,113.2987712
5475,2020-05-02|Sharks Bay Western Australia AUSTRALIA,0.2888047420312132,-0.38167491328975295,0.004795467875953348,0.05024063010692767,0.21006420391876643,0.04412696976802509,0.05423834422744674,2020-05-02,Sharks Bay Western Australia AUSTRALIA,Sharks Bay,Western Australia,AUSTRALIA,-25.7834193,113.2987712
5476,2020-05-02|Sharpes Beach Ballina New South Wales AUSTRALIA,0.6534180095309272,-0.5024992158751307,0.10441942442848012,0.20191742432905208,0.38525603834256245,0.14842221507940595,0.11615906612736845,2020-05-02,Sharpes Beach Ballina New South Wales AUSTRALIA,Sharpes Beach,New South Wales,AUSTRALIA,-28.8338657,153.60514990000001
5477,2020-05-02|Shellharbour New South Wales AUSTRALIA,0.5740380588476379,-0.513562766066335,0.09421530686285468,0.1835111655242321,0.3627665060090387,0.1315995378820059,0.10937821699456263,2020-05-02,Shellharbour New South Wales AUSTRALIA,Shellharbour,New South Wales,AUSTRALIA,-34.583333,150.866667
5478,2020-05-02|Shelly Beach Ballina New South Wales AUSTRALIA,0.6529824714263989,-0.5031431434657102,0.10449859022452469,0.201798946852984,0.38533076649262016,0.14847979960579016,0.11618159751237017,2020-05-02,Shelly Beach Ballina New South Wales AUSTRALIA,Shelly Beach,New South Wales,AUSTRALIA,-28.863228499999998,153.59435119999998
5479,2020-05-02|Shelly Beach Crescent Head New South Wales AUSTRALIA,0.5904480547715134,-0.5150398720015742,0.09854440778976593,0.193362282845525,0.36875613047494116,0.13598108376285184,0.11118415672079275,2020-05-02,Shelly Beach Crescent Head New South Wales AUSTRALIA,Shelly Beach,New South Wales,AUSTRALIA,-33.3699595,151.4858695
5480,2020-05-02|Shelly Beach New South Wales AUSTRALIA,0.5904480547715134,-0.5150398720015742,0.09854440778976593,0.193362282845525,0.36875613047494116,0.13598108376285184,0.11118415672079275,2020-05-02,Shelly Beach New South Wales AUSTRALIA,Shelly Beach,New South Wales,AUSTRALIA,-33.3699595,151.4858695
5481,2020-05-02|Shelly Beach near Port Macquarie New South Wales AUSTRALIA,0.6254460020896512,-0.5089357140297992,0.1045514735811392,0.2039755385557704,0.3781116775116103,0.142968440670644,0.11400496028707936,2020-05-02,Shelly Beach near Port Macquarie New South Wales AUSTRALIA,Shelly Beach,New South Wales,AUSTRALIA,-31.454032399999996,152.93144080000002
5482,2020-05-02|Shelly Point Tasmania AUSTRALIA,0.4617929428685279,-0.48694191620597416,0.07811064653713516,0.18620063768908826,0.3170129244079876,0.10049719424170449,0.09558299308678128,2020-05-02,Shelly Point Tasmania AUSTRALIA,Shelly Point,Tasmania,AUSTRALIA,-41.43509279999999,148.2769946
5483,2020-05-02|Ships Graveyard off Point Lonsdale Victoria AUSTRALIA,0.8523942795554144,-0.9509812389162474,0.06557423693020302,0.10238032647330121,0.5414520732665273,0.29317034764462085,0.15017178564374994,2020-05-02,Ships Graveyard off Point Lonsdale Victoria AUSTRALIA,Ship's Graveyard off Point Lonsdale,Victoria,AUSTRALIA,-38.283333,144.6
5484,2020-05-02|Shipwreck Cove Melbourne Aquarium Victoria AUSTRALIA,0.5104667692218202,-0.5274959637308436,0.023561437734018337,0.012254236089327047,0.3251812647978829,0.10574285497555082,0.09387174538324033,2020-05-02,Shipwreck Cove Melbourne Aquarium Victoria AUSTRALIA,Shipwreck Cove,Victoria,AUSTRALIA,-37.820629499999995,144.95821750000002
5485,2020-05-02|Shoalhaven New South Wales AUSTRALIA,0.5613386453702855,-0.5141253803887107,0.09003879033125034,0.1760511390028356,0.35865690715991366,0.12863477705351495,0.1081391263198877,2020-05-02,Shoalhaven New South Wales AUSTRALIA,Shoalhaven,New South Wales,AUSTRALIA,-35.081067700000006,150.48922919999998
5486,2020-05-02|Sirius Cove Sydney Harbor New South Wales AUSTRALIA,0.584062717054774,-0.5138629816464426,0.09672290735620859,0.18923694184376844,0.36618993836986796,0.13409507096332768,0.11041042068874729,2020-05-02,Sirius Cove Sydney Harbor New South Wales AUSTRALIA,Sirius Cove,New South Wales,AUSTRALIA,-33.8375951,151.2402351
5487,2020-05-02|Smelting Works Bay near Hobart Tasmania AUSTRALIA,0.3978356760364109,-0.46248952209150773,0.03555370442993469,0.015143754223257665,0.27311117856095335,0.07458971585495294,0.08234611866713074,2020-05-02,Smelting Works Bay near Hobart Tasmania AUSTRALIA,Smelting Works Bay near Hobart,Tasmania,AUSTRALIA,-42.8821377,147.3271949
5488,2020-05-02|Smiths New South Wales AUSTRALIA,0.5862985534494662,-0.5145037913336981,0.09787379565282213,0.19111751324685933,0.36724864747533564,0.13487156907246337,0.11072963349465356,2020-05-02,Smiths New South Wales AUSTRALIA,Smiths,New South Wales,AUSTRALIA,-31.2532183,146.921099
5489,2020-05-02|Smokey Cape New South Wales AUSTRALIA,0.6277299298863196,-0.5034711668140879,0.10560196092641548,0.19825926089384638,0.3773033119805409,0.1423577892314854,0.11376122890889633,2020-05-02,Smokey Cape New South Wales AUSTRALIA,Smokey Cape,New South Wales,AUSTRALIA,-30.9237156,153.0888272
5490,2020-05-02|Smoky Bay near Ceduna on the Eyre Peninsula South Australia AUSTRALIA,0.36558840677820237,-0.34307484417690826,0.03827956517933653,0.045733970226481714,0.22654366751626903,0.05132203329172185,0.06283190841242875,2020-05-02,Smoky Bay near Ceduna on the Eyre Peninsula South Australia AUSTRALIA,Smoky Bay,South Australia,AUSTRALIA,-32.37340089999999,133.93568009999998
5491,2020-05-02|Snapper Point Aldinga Beach Adelaide South Australia AUSTRALIA,0.21835466502302006,-0.2770775331287827,0.006633251350503363,0.03892012870321272,0.18223301623252244,0.033208872205202786,0.05494532175072927,2020-05-02,Snapper Point Aldinga Beach Adelaide South Australia AUSTRALIA,Snapper Point,South Australia,AUSTRALIA,-35.2711799,138.44391000000002
5492,2020-05-02|Sorrento Back Beach Victoria AUSTRALIA,0.8292731915398222,-0.9512438262491435,0.055785841913068415,0.1016470448155972,0.5381494867674598,0.2896048701080804,0.14925581295420814,2020-05-02,Sorrento Back Beach Victoria AUSTRALIA,Sorrento Back Beach,Victoria,AUSTRALIA,-38.346817,144.72833219999998
5493,2020-05-02|South Broulee New South Wales AUSTRALIA,0.5557005121495459,-0.5141234056072099,0.08859101506719859,0.17209295053782162,0.3568312693581156,0.12732855479172406,0.10758867581155558,2020-05-02,South Broulee New South Wales AUSTRALIA,South Broulee,New South Wales,AUSTRALIA,-35.845428399999996,150.1694166
5494,2020-05-02|South Bruny Island Western Australia AUSTRALIA,0.3392779184501557,-0.4911964289729272,0.005064567900912404,0.05940624109007275,0.2806278467699731,0.0787519883827515,0.08101028143737452,2020-05-02,South Bruny Island Western Australia AUSTRALIA,South Bruny Island,Western Australia,AUSTRALIA,-43.3937074,147.2679116
5495,2020-05-02|South Cape Bay Tasmania AUSTRALIA,0.25396658565877,-0.4107364702352452,0.0014283943233328624,0.09512811355852566,0.22318530730992783,0.049811681399026926,0.06442804862727809,2020-05-02,South Cape Bay Tasmania AUSTRALIA,South Cape Bay,Tasmania,AUSTRALIA,-43.63,146.79
5496,2020-05-02|South Coast New South Wales AUSTRALIA,0.5519206121103641,-0.512952381679246,0.08717335386106119,0.1721654462170076,0.3548016101054807,0.12588418253344158,0.10697671052125894,2020-05-02,South Coast New South Wales AUSTRALIA,South Coast,New South Wales,AUSTRALIA,-36.6806101,149.65644939999999
5497,2020-05-02|South Cronulla New South Wales AUSTRALIA,0.5785981943443469,-0.5133144563576315,0.0945762064640483,0.1842457064501228,0.36419490223940537,0.13263792681717004,0.1098088946625703,2020-05-02,South Cronulla New South Wales AUSTRALIA,South Cronulla,New South Wales,AUSTRALIA,-34.05744,151.15219
5498,2020-05-02|South Golden Beach New South Wales AUSTRALIA,0.6533362884568991,-0.49658980711971445,0.10620161515048254,0.20282372451905142,0.3834185746979616,0.14700980342341635,0.1156050499932721,2020-05-02,South Golden Beach New South Wales AUSTRALIA,South Golden Beach,New South Wales,AUSTRALIA,-28.4981216,153.54709450000001
5499,2020-05-02|South Head Sydney New South Wales AUSTRALIA,0.5840637203673721,-0.5138629816464426,0.09672322528723175,0.18923768800568008,0.3661902641181049,0.13409530953488744,0.1104105189055362,2020-05-02,South Head Sydney New South Wales AUSTRALIA,South Head,New South Wales,AUSTRALIA,-33.8332187,151.28042580000002
5500,2020-05-02|South Narrabeen Beach New South Wales AUSTRALIA,0.5854738388457956,-0.5142477867149312,0.09737082213439835,0.19010728073493574,0.3668723702227999,0.13459533603289517,0.11061618163430749,2020-05-02,South Narrabeen Beach New South Wales AUSTRALIA,South Narrabeen Beach,New South Wales,AUSTRALIA,-33.709542299999995,151.3033826
5501,2020-05-02|South Neptune Island South Australia AUSTRALIA,0.2523891142829756,-0.25036377817535066,0.014531937801777283,0.026810334665704143,0.16486971825644456,0.027182023997959413,0.04256917820674125,2020-05-02,South Neptune Island South Australia AUSTRALIA,South Neptune Island,South Australia,AUSTRALIA,-35.3295695,136.11835280000003
5502,2020-05-02|South Passage south of Coral Bay Western Australia AUSTRALIA,0.2779132393506529,-0.3207218680148851,0.013687499515766869,0.018872218480659838,0.19021088994160634,0.03618018265237788,0.050835998671061186,2020-05-02,South Passage south of Coral Bay Western Australia AUSTRALIA,South Passage,Western Australia,AUSTRALIA,-23.143670800000002,113.77153590000002
5503,2020-05-02|South Perth Western Australia AUSTRALIA,0.17721117615606516,-0.22352312793276102,0.033161409909543936,0.07631391701336704,0.12479679679460687,0.0155742404901944,0.03222239437636957,2020-05-02,South Perth Western Australia AUSTRALIA,South Perth,Western Australia,AUSTRALIA,-31.9809515,115.86391680000001
5504,2020-05-02|South Point Gracetown Western Australia AUSTRALIA,0.1808946862520035,-0.2697455471872658,0.038199730444626545,0.10337896512770722,0.1442279437275216,0.02080169975186914,0.0360569859318804,2020-05-02,South Point Gracetown Western Australia AUSTRALIA,South Point,Western Australia,AUSTRALIA,-33.8638221,114.97694579999998
5505,2020-05-02|South Steyne Manly New South Wales AUSTRALIA,0.5840637203673721,-0.5138629816464426,0.09672322528723175,0.18923768800568008,0.3661902641181049,0.13409530953488744,0.1104105189055362,2020-05-02,South Steyne Manly New South Wales AUSTRALIA,South Steyne,New South Wales,AUSTRALIA,-33.7985672,151.2889614
5506,2020-05-02|South Stradbroke Island Queensland AUSTRALIA,0.6689107590466729,-0.5027863924645735,0.10312046348565537,0.20305638933407866,0.39041603351054516,0.15242467922210712,0.1177148632084817,2020-05-02,South Stradbroke Island Queensland AUSTRALIA,South Stradbroke Island,Queensland,AUSTRALIA,-27.833508600000002,153.42132080000002
5507,2020-05-02|South Werribee Beach Victoria AUSTRALIA,0.5075432994434239,-0.5216799563199146,0.02554971169348094,0.012693355422897082,0.32316404789283326,0.10443500185048143,0.0932894250216682,2020-05-02,South Werribee Beach Victoria AUSTRALIA,South Werribee Beach,Victoria,AUSTRALIA,-37.9736195,144.69639109999997
5508,2020-05-02|South West Rocks New South Wales AUSTRALIA,0.6282524262207914,-0.5025348539207641,0.10673013413035731,0.1998408669240791,0.3771902250729424,0.14227246589057696,0.11372713192333216,2020-05-02,South West Rocks New South Wales AUSTRALIA,South West Rocks,New South Wales,AUSTRALIA,-30.884166999999998,153.040278
5509,2020-05-02|South coast New South Wales AUSTRALIA,0.5519006791060642,-0.5129577129460343,0.08716232991205866,0.17214961279720903,0.3547977131816655,0.12588141727893937,0.10697553555451969,2020-05-02,South coast New South Wales AUSTRALIA,South coast,New South Wales,AUSTRALIA,-36.6806101,149.65644939999999
5510,2020-05-02|Southgates near Geraldton Western Australia AUSTRALIA,0.1938570740678646,-0.25330219769451723,0.003144823457718369,0.04481991682654335,0.1447689467929687,0.0209580479555454,0.04015168159668975,2020-05-02,Southgates near Geraldton Western Australia AUSTRALIA,Southgates,Western Australia,AUSTRALIA,-28.85,114.6338889
5511,2020-05-02|Southport Aquarium Queensland AUSTRALIA,0.6669836940565901,-0.503079512198539,0.10425330253574638,0.2047917731011568,0.38988948858849465,0.15201381331179792,0.11755610394105365,2020-05-02,Southport Aquarium Queensland AUSTRALIA,Southport Aquarium,Queensland,AUSTRALIA,-27.9600602,153.42459219999998
5512,2020-05-02|Southport Bar Queensland AUSTRALIA,0.6669836940565901,-0.503079512198539,0.10425330253574638,0.2047917731011568,0.38988948858849465,0.15201381331179792,0.11755610394105365,2020-05-02,Southport Bar Queensland AUSTRALIA,Southport Bar,Queensland,AUSTRALIA,-27.9674697,153.41637690000002
5513,2020-05-02|Southport Queensland AUSTRALIA,0.6660557129028466,-0.5030239166493504,0.10479645282257398,0.20550585317401052,0.3895802725763012,0.1517727887806251,0.11746287180545222,2020-05-02,Southport Queensland AUSTRALIA,Southport,Queensland,AUSTRALIA,-27.973794,153.4183144
5514,2020-05-02|Southport South Australia AUSTRALIA,0.2177038932795527,-0.27802722979677963,0.006982722838020564,0.03868876965260165,0.1821214427605109,0.033168219913170045,0.054911681083163855,2020-05-02,Southport South Australia AUSTRALIA,Southport,South Australia,AUSTRALIA,-35.1577032,138.46888719999998
5515,2020-05-02|St Crispin Reef Queensland AUSTRALIA,0.9202242799179378,-0.6318838572020582,0.0974714769144155,0.1163798009823051,0.48649948023333034,0.2366817442673006,0.14044030293666315,2020-05-02,St Crispin Reef Queensland AUSTRALIA,St. Crispin Reef,Queensland,AUSTRALIA,-16.1014387,145.83812460000001
5516,2020-05-02|St George’s River at Moorebank near Milperra Bridge New South Wales AUSTRALIA,0.5780165729213664,-0.513648298104207,0.09440671854603666,0.18404264676779034,0.3640686930613688,0.13254601326741317,0.10977084116360243,2020-05-02,St George’s River at Moorebank near Milperra Bridge New South Wales AUSTRALIA,St. George’s River at Moorebank,New South Wales,AUSTRALIA,-34.0494645,150.8953368
5517,2020-05-02|St Helena Island Moreton Bay Queensland AUSTRALIA,0.9145784474845438,-0.6514600625504251,0.18114118983264482,0.3172468433327085,0.5492499298789489,0.3016754854720303,0.16560508486704428,2020-05-02,St Helena Island Moreton Bay Queensland AUSTRALIA,St. Helena Island,Queensland,AUSTRALIA,-27.3877599,153.23402119999997
5518,2020-05-02|Stevens Reef Queensland AUSTRALIA,1.4581188687312974,-1.3056610488739082,0.1491732127509423,0.21313535249620733,0.901176070330729,0.8121183097367349,0.26014712339634777,2020-05-02,Stevens Reef Queensland AUSTRALIA,Stevens Reef,Queensland,AUSTRALIA,-20.5833333,150.08333330000002
5519,2020-05-02|Stockton Beach New South Wales AUSTRALIA,0.5985154125404186,-0.5147094906107202,0.09905636729512564,0.19270695613187677,0.37140531828059054,0.13794191044710674,0.1119829168981131,2020-05-02,Stockton Beach New South Wales AUSTRALIA,Stockton Beach,New South Wales,AUSTRALIA,-32.8054122,151.9608991
5520,2020-05-02|Stockton Beach Newcastle New South Wales AUSTRALIA,0.5984962153622125,-0.5147139967599267,0.09904585546351843,0.1926933573567046,0.37140158247447286,0.13793913546454267,0.11198179051018749,2020-05-02,Stockton Beach Newcastle New South Wales AUSTRALIA,Stockton Beach,New South Wales,AUSTRALIA,-32.8054122,151.9608991
5521,2020-05-02|Stockton Bight New South Wales AUSTRALIA,0.5984962153622125,-0.5147139967599267,0.09904585546351843,0.1926933573567046,0.37140158247447286,0.13793913546454267,0.11198179051018749,2020-05-02,Stockton Bight New South Wales AUSTRALIA,Stockton Bight,New South Wales,AUSTRALIA,-32.8054122,151.9608991
5522,2020-05-02|Stradbroke Island Queensland AUSTRALIA,0.6712604000251191,-0.4996887026752887,0.10048140077902401,0.19851220028366423,0.39016336706087174,0.15222745299627652,0.11763868140751096,2020-05-02,Stradbroke Island Queensland AUSTRALIA,Stradbroke Island,Queensland,AUSTRALIA,-27.5323174,153.46260769999998
5523,2020-05-02|Strand Beach Kissing Point Townsville Queensland AUSTRALIA,1.1516196695019232,-0.8782487704159685,0.2030070989968927,0.21319644394047987,0.6799373023400253,0.46231473511343096,0.18858067751443247,2020-05-02,Strand Beach Kissing Point Townsville Queensland AUSTRALIA,Strand Beach,Queensland,AUSTRALIA,-19.239290899999997,146.80543889999998
5524,2020-05-02|Stratham Beach Western Australia AUSTRALIA,0.19087430508006267,-0.2615045251709779,0.019309425096479555,0.09489333627968134,0.1591390338266542,0.025325232087280995,0.04108952184947803,2020-05-02,Stratham Beach Western Australia AUSTRALIA,Stratham Beach,Western Australia,AUSTRALIA,-33.4665674,115.5602443
5525,2020-05-02|Streaky Bay South Australia AUSTRALIA,0.3587429976393897,-0.3430087068093436,0.03043509575289923,0.035043376239386574,0.225048201192093,0.050646692859796776,0.06241714068069442,2020-05-02,Streaky Bay South Australia AUSTRALIA,Streaky Bay,South Australia,AUSTRALIA,-32.797222,134.21111100000002
5526,2020-05-02|Sugarloaf Bay Middle Harbor Sydney New South Wales AUSTRALIA,0.5840637203673721,-0.5138629816464426,0.09672322528723175,0.18923768800568008,0.3661902641181049,0.13409530953488744,0.1104105189055362,2020-05-02,Sugarloaf Bay Middle Harbor Sydney New South Wales AUSTRALIA,Sugarloaf Bay,New South Wales,AUSTRALIA,-33.7859956,151.2260866
5527,2020-05-02|Sugarloaf Bay Middle Harbour Sydney New South Wales AUSTRALIA,0.5840637203673721,-0.5138629816464426,0.09672322528723175,0.18923768800568008,0.3661902641181049,0.13409530953488744,0.1104105189055362,2020-05-02,Sugarloaf Bay Middle Harbour Sydney New South Wales AUSTRALIA,Sugarloaf Bay,New South Wales,AUSTRALIA,-33.7831723,151.2231308
5528,2020-05-02|Suicide Point Point Leo Victoria AUSTRALIA,0.8051826489652535,-0.9652064503008447,0.025883961499825123,0.04943279214467894,0.5572709450241289,0.3105509061680857,0.15455915127775158,2020-05-02,Suicide Point Point Leo Victoria AUSTRALIA,Suicide Point,Victoria,AUSTRALIA,-38.421,145.075
5529,2020-05-02|Sunshine Beach Queensland AUSTRALIA,0.6805519410684544,-0.5074023139046522,0.09816495767141792,0.1719901845109196,0.3968341091196637,0.15747731016079716,0.11964998581498877,2020-05-02,Sunshine Beach Queensland AUSTRALIA,Sunshine Beach,Queensland,AUSTRALIA,-26.406999999999996,153.105
5530,2020-05-02|Surf Beach Batemans Bay New South Wales AUSTRALIA,0.5569042154356558,-0.5131647325781797,0.08948230461394434,0.17358561964968558,0.35693469138133227,0.12740237391148693,0.1076198587248346,2020-05-02,Surf Beach Batemans Bay New South Wales AUSTRALIA,Surf Beach,New South Wales,AUSTRALIA,-35.7600051,150.2052861
5531,2020-05-02|Surf Beach Kiama New South Wales AUSTRALIA,0.5737431277315118,-0.514302840617808,0.0939156904438243,0.18320948962061767,0.3629010075812009,0.13169714130345084,0.10941877074443308,2020-05-02,Surf Beach Kiama New South Wales AUSTRALIA,Surf Beach,New South Wales,AUSTRALIA,-34.6816667,150.8511111
5532,2020-05-02|Surfers Paradise Beach near Victor Harbour South Australia AUSTRALIA,0.6660557129028466,-0.5030239166493504,0.10479645282257398,0.20550585317401052,0.3895802725763012,0.1517727887806251,0.11746287180545222,2020-05-02,Surfers Paradise Beach near Victor Harbour South Australia AUSTRALIA,Surfers Paradise Beach near Victor Harbour,South Australia,AUSTRALIA,-28.0,153.416667
5533,2020-05-02|Surfers Paradise Northcliffe Queensland AUSTRALIA,0.6660557129028466,-0.5030239166493504,0.10479645282257398,0.20550585317401052,0.3895802725763012,0.1517727887806251,0.11746287180545222,2020-05-02,Surfers Paradise Northcliffe Queensland AUSTRALIA,Surfer's Paradise,Queensland,AUSTRALIA,-28.006491999999998,153.43112019999998
5534,2020-05-02|Surfers Paradise Queensland AUSTRALIA,0.6660780817603988,-0.5030210143068528,0.10480609618316389,0.20551480554870324,0.3895853508904956,0.1517767456284706,0.11746440297479317,2020-05-02,Surfers Paradise Queensland AUSTRALIA,Surfer's Paradise,Queensland,AUSTRALIA,-28.0,153.416667
5535,2020-05-02|Surfers Paradise near Southport Queensland AUSTRALIA,0.6660557129028466,-0.5030239166493504,0.10479645282257398,0.20550585317401052,0.3895802725763012,0.1517727887806251,0.11746287180545222,2020-05-02,Surfers Paradise near Southport Queensland AUSTRALIA,Surfers Paradise,Queensland,AUSTRALIA,-28.0,153.416667
5536,2020-05-02|Surfers Point Phillip Island Victoria AUSTRALIA,0.9060729944232299,-1.0823434589225545,0.02209797784985338,0.0395985791618165,0.6245914449380685,0.3901144730898242,0.173230498533873,2020-05-02,Surfers Point Phillip Island Victoria AUSTRALIA,Surfers Point,Victoria,AUSTRALIA,-38.5092311,145.2817885
5537,2020-05-02|Surfers Point Prevelly Western Australia AUSTRALIA,0.18407351820756312,-0.27674716234233676,0.03775911696419152,0.10558701420930475,0.14723806492824754,0.021679047763814838,0.036809516232061884,2020-05-02,Surfers Point Prevelly Western Australia AUSTRALIA,Surfers Point,Western Australia,AUSTRALIA,-33.976738299999994,114.98598359999998
5538,2020-05-02|Swain Reef Queensland AUSTRALIA,0.793558883480594,-0.5025290021871154,0.21014464872470331,0.1847079712556814,0.4290182658636427,0.1840566724446472,0.12935387418896738,2020-05-02,Swain Reef Queensland AUSTRALIA,Swain Reef,Queensland,AUSTRALIA,-21.9813586,152.473207
5539,2020-05-02|Swan River 13 miles upstream Western Australia AUSTRALIA,0.17532778030190158,-0.22156080212508045,0.03331277172392088,0.07646788973847227,0.12377545196247021,0.015320362508513772,0.031958684274662884,2020-05-02,Swan River 13 miles upstream Western Australia AUSTRALIA,Swan River,Western Australia,AUSTRALIA,-31.8962877,115.95750179999999
5540,2020-05-02|Swan River Western Australia AUSTRALIA,0.17532778030190158,-0.22156080212508045,0.03331277172392088,0.07646788973847227,0.12377545196247021,0.015320362508513772,0.031958684274662884,2020-05-02,Swan River Western Australia AUSTRALIA,Swan River,Western Australia,AUSTRALIA,-31.8962877,115.95750179999999
5541,2020-05-02|Sweet Water Point Pitt Water Tasmania AUSTRALIA,1.211640601206504,-1.3280711207554299,0.1632412234270629,0.30459771225683946,0.9058693897587295,0.820599351301853,0.2615019680139223,2020-05-02,Sweet Water Point Pitt Water Tasmania AUSTRALIA,Sweet Water Point,Tasmania,AUSTRALIA,-41.4545196,145.9706647
5542,2020-05-02|Sydney Harbor New South Wales AUSTRALIA,0.5840637203673721,-0.5138629816464426,0.09672322528723175,0.18923768800568008,0.3661902641181049,0.13409530953488744,0.1104105189055362,2020-05-02,Sydney Harbor New South Wales AUSTRALIA,Sydney Harbor,New South Wales,AUSTRALIA,-33.8436313,151.23731
5543,2020-05-02|Sydney Harbour New South Wales AUSTRALIA,0.5823844317231436,-0.5132618475516562,0.09630146469373814,0.1878143581978203,0.3654835533493458,0.1335782277688641,0.11019743759142006,2020-05-02,Sydney Harbour New South Wales AUSTRALIA,Sydney Harbour,New South Wales,AUSTRALIA,-33.8462182,151.2488616
5544,2020-05-02|Sydney New South Wales AUSTRALIA,0.5823844317231436,-0.5132618475516562,0.09630146469373814,0.1878143581978203,0.3654835533493458,0.1335782277688641,0.11019743759142006,2020-05-02,Sydney New South Wales AUSTRALIA,Sydney,New South Wales,AUSTRALIA,-33.8688197,151.2092955
5545,2020-05-02|Sykes Reef Great Barrier Reef Queensland AUSTRALIA,0.9331447532748081,-0.6519466013301184,0.1756193357107018,0.276510930363013,0.5381165817720075,0.2895694555779897,0.1553408766707349,2020-05-02,Sykes Reef Great Barrier Reef Queensland AUSTRALIA,Sykes Reef,Queensland,AUSTRALIA,-23.439513899999998,152.0395475
5546,2020-05-02|Tabourie Beach New South Wales AUSTRALIA,0.5604623781735526,-0.5136373319168941,0.08956068706674038,0.17432004630746079,0.35823096076475835,0.12832942125044183,0.10801069864956638,2020-05-02,Tabourie Beach New South Wales AUSTRALIA,Tabourie Beach,New South Wales,AUSTRALIA,-35.417259200000004,150.4200146
5547,2020-05-02|Tallebudgera Queensland AUSTRALIA,0.6641904704733577,-0.5030515266839917,0.10597284299123366,0.20742801598506727,0.38898140675837595,0.1513065348037251,0.11728230696746793,2020-05-02,Tallebudgera Queensland AUSTRALIA,Tallebudgera,Queensland,AUSTRALIA,-28.148889,153.418056
5548,2020-05-02|Tallow Beach Byron Bay New South Wales AUSTRALIA,0.6531466600633705,-0.4974105066653399,0.10571698203373328,0.20178633465749232,0.3836575977102898,0.14719315228083055,0.1156771181431042,2020-05-02,Tallow Beach Byron Bay New South Wales AUSTRALIA,Tallow Beach,New South Wales,AUSTRALIA,-28.6524251,153.62793369999997
5549,2020-05-02|Taree Old Bar Beach New South Wales AUSTRALIA,0.6186265947106113,-0.5157378190448383,0.10271442166302235,0.20270144502882154,0.37814438328159283,0.14299317460741617,0.11401482144776226,2020-05-02,Taree Old Bar Beach New South Wales AUSTRALIA,Taree,New South Wales,AUSTRALIA,-31.966666999999998,152.583333
5550,2020-05-02|Target Beach New South Wales AUSTRALIA,0.5657468526262641,-0.5149901307104453,0.09099602713782025,0.17966983313545692,0.3603530237686587,0.1298543017392155,0.1086505247191511,2020-05-02,Target Beach New South Wales AUSTRALIA,Target Beach,New South Wales,AUSTRALIA,-35.0712278,150.78299619999999
5551,2020-05-02|Taronga Wharf Athol Bay Sydney Harbor New South Wales AUSTRALIA,0.5823844317231436,-0.5132618475516562,0.09630146469373814,0.1878143581978203,0.3654835533493458,0.1335782277688641,0.11019743759142006,2020-05-02,Taronga Wharf Athol Bay Sydney Harbor New South Wales AUSTRALIA,Taronga Wharf,New South Wales,AUSTRALIA,-33.845791,151.239746
5552,2020-05-02|Taroona Tasmania AUSTRALIA,0.3978356760364109,-0.46248952209150773,0.03555370442993469,0.015143754223257665,0.27311117856095335,0.07458971585495294,0.08234611866713074,2020-05-02,Taroona Tasmania AUSTRALIA,Taroona,Tasmania,AUSTRALIA,-42.948056,147.34888899999999
5553,2020-05-02|Tasman Island Tasmania AUSTRALIA,0.37919214404958973,-0.43604739699548534,0.02982801440876805,0.06301419067494039,0.2694801401535516,0.0726195459371778,0.085217102706662,2020-05-02,Tasman Island Tasmania AUSTRALIA,Tasman Island,Tasmania,AUSTRALIA,-43.238162700000004,148.00239390000002
5554,2020-05-02|Tathra New South Wales AUSTRALIA,0.5519006791060642,-0.5129577129460343,0.08716232991205866,0.17214961279720903,0.3547977131816655,0.12588141727893937,0.10697553555451969,2020-05-02,Tathra New South Wales AUSTRALIA,Tathra,New South Wales,AUSTRALIA,-36.7360215,149.9674229
5555,2020-05-02|Tea Gardens north of Newcastle New South Wales AUSTRALIA,0.5999027051547181,-0.5143871466093761,0.09903819474010098,0.19331291602801004,0.37170108042790445,0.13816169319127147,0.11207209254082492,2020-05-02,Tea Gardens north of Newcastle New South Wales AUSTRALIA,Tea Gardens,New South Wales,AUSTRALIA,-32.659597,152.15239259999998
5556,2020-05-02|Tenth Island King Island Tasmania AUSTRALIA,1.2421569129767591,-1.270275878377138,0.1719714720380798,0.340339972180779,0.860863445870021,0.7410858724352065,0.25956009506211686,2020-05-02,Tenth Island King Island Tasmania AUSTRALIA,Tenth Island (King Island),Tasmania,AUSTRALIA,-40.94228579999999,146.98485580000002
5557,2020-05-02|Terrigal Beach New South Wales AUSTRALIA,0.5904480547715134,-0.5150398720015742,0.09854440778976593,0.193362282845525,0.36875613047494116,0.13598108376285184,0.11118415672079275,2020-05-02,Terrigal Beach New South Wales AUSTRALIA,Terrigal Beach,New South Wales,AUSTRALIA,-33.4461804,151.4447377
5558,2020-05-02|Tewantin Queensland AUSTRALIA,0.6816177136550242,-0.5082622025135788,0.09815321316405563,0.1722256950478388,0.39746276853665374,0.1579766523728216,0.11983953376108691,2020-05-02,Tewantin Queensland AUSTRALIA,Tewantin,Queensland,AUSTRALIA,-26.392,153.039
5559,2020-05-02|The Australian Shark and Ray Centre New South Wales AUSTRALIA,0.5989585471387109,-0.5146433884230835,0.09881167985759932,0.19266690000918607,0.3714910262519891,0.13800558258575607,0.11200875882381052,2020-05-02,The Australian Shark and Ray Centre New South Wales AUSTRALIA,The Australian Shark and Ray Centre,New South Wales,AUSTRALIA,-32.7706261,151.9986267
5560,2020-05-02|The Domain Sydney New South Wales AUSTRALIA,0.5823844317231436,-0.5132618475516562,0.09630146469373814,0.1878143581978203,0.3654835533493458,0.1335782277688641,0.11019743759142006,2020-05-02,The Domain Sydney New South Wales AUSTRALIA,The Domain,New South Wales,AUSTRALIA,-33.871516299999996,151.214894
5561,2020-05-02|The Entrance near Gosford New South Wales AUSTRALIA,0.5918107186024519,-0.5150095313863136,0.09855868351524082,0.19351727826416326,0.3692049404195992,0.13631228803023981,0.11131947801066647,2020-05-02,The Entrance near Gosford New South Wales AUSTRALIA,The Entrance,New South Wales,AUSTRALIA,-33.347221999999995,151.496111
5562,2020-05-02|The Farm New South Wales AUSTRALIA,0.5780808246351873,-0.5139941971726633,0.0944398691336917,0.18418316630037132,0.36418222534155037,0.1326286932547238,0.10980507243405295,2020-05-02,The Farm New South Wales AUSTRALIA,The Farm,New South Wales,AUSTRALIA,-34.071999999999996,150.718
5563,2020-05-02|The Narrows Queensland AUSTRALIA,1.7015415130934393,-1.4028638202715566,0.31095907217213187,0.35055455795833856,1.0945776305626613,1.19810018932817,0.3035812132284273,2020-05-02,The Narrows Queensland AUSTRALIA,The Narrows,Queensland,AUSTRALIA,-23.6139232,150.9541241
5564,2020-05-02|The Natural Jetty Rottnest Island Western Australia AUSTRALIA,0.16987408457524406,-0.21791792346056527,0.0332851046523129,0.07695307955078864,0.12178189859763647,0.014830830826045012,0.031443951009211095,2020-05-02,The Natural Jetty Rottnest Island Western Australia AUSTRALIA,The Natural Jetty,Western Australia,AUSTRALIA,-32.0063677,115.5073002
5565,2020-05-02|Thirroul New South Wales AUSTRALIA,0.5776675396573386,-0.5136938369751445,0.09455544586060202,0.18391954905484167,0.36395286114279085,0.1324616851340236,0.10973591652608697,2020-05-02,Thirroul New South Wales AUSTRALIA,Thirroul,New South Wales,AUSTRALIA,-34.314731200000004,150.9103729
5566,2020-05-02|Thirteenth Beach Victoria AUSTRALIA,0.8104075490059168,-0.9120026098985459,0.07413261088064896,0.1395880425536953,0.5174106189476518,0.2677137485997922,0.14350388592963986,2020-05-02,Thirteenth Beach Victoria AUSTRALIA,Thirteenth Beach,Victoria,AUSTRALIA,-38.2852436,144.4587149
5567,2020-05-02|Thistle Island South Australia AUSTRALIA,0.26756315328161145,-0.27422686409187186,0.023023412231469753,0.047653641881997305,0.17576221879906712,0.03089235755717114,0.04538160975341674,2020-05-02,Thistle Island South Australia AUSTRALIA,Thistle Island,South Australia,AUSTRALIA,-35.038095299999995,136.1804618
5568,2020-05-02|Three Mile Creek Townsville Queensland AUSTRALIA,1.1743856726809825,-0.9053660376939701,0.20059780181277562,0.21969819561150808,0.696613824963453,0.48527082113021236,0.19320591270021742,2020-05-02,Three Mile Creek Townsville Queensland AUSTRALIA,Three Mile Creek,Queensland,AUSTRALIA,-19.208941,146.76842230000003
5569,2020-05-02|Three Stripes near Cheynes Beach Western Australia AUSTRALIA,0.21950513834555677,-0.2893791322663454,0.026390338602905763,0.07729207889772079,0.16307244601884946,0.026592622650570573,0.043582944444694495,2020-05-02,Three Stripes near Cheynes Beach Western Australia AUSTRALIA,Three Stripes near Cheynes Beach,Western Australia,AUSTRALIA,-34.88414,118.404629
5570,2020-05-02|Throsby Creek Newcastle New South Wales AUSTRALIA,0.598396479085519,-0.5148844143107396,0.0993926234651335,0.1934949624569352,0.3714227330012802,0.1379548465901403,0.11198816763396369,2020-05-02,Throsby Creek Newcastle New South Wales AUSTRALIA,Throsby Creek,New South Wales,AUSTRALIA,-32.9119099,151.7504482
5571,2020-05-02|Tingalpa Creek Queensland AUSTRALIA,0.9682847378377386,-0.7100914149192868,0.25700809537385977,0.29964160076882007,0.5308231624999123,0.2817732298464084,0.1600492054583693,2020-05-02,Tingalpa Creek Queensland AUSTRALIA,Tingalpa Creek,Queensland,AUSTRALIA,-27.502492999999998,153.188227
5572,2020-05-02|Tomaree New South Wales AUSTRALIA,0.6186211353757041,-0.5144222303965984,0.10292200310491063,0.20307103194211665,0.37767377296089716,0.1426374787825193,0.11387292709719712,2020-05-02,Tomaree New South Wales AUSTRALIA,Tomaree,New South Wales,AUSTRALIA,-31.8894897,152.4444453
5573,2020-05-02|Torres Strait Queensland AUSTRALIA,0.9607399679386346,-1.558033247429574,0.08405315688761612,0.39197026391503087,0.8614148862598886,0.7420356062701369,0.25972636059552034,2020-05-02,Torres Strait Queensland AUSTRALIA,Torres Strait,Queensland,AUSTRALIA,-10.2199025,141.93685449999998
5574,2020-05-02|Townsville Queensland AUSTRALIA,1.1516031356384187,-0.8782440298838333,0.20300438988645655,0.21320460505097835,0.6799358375949042,0.46231274324588395,0.18858027126722943,2020-05-02,Townsville Queensland AUSTRALIA,Townsville,Queensland,AUSTRALIA,-19.2589635,146.8169483
5575,2020-05-02|Triabunna Tasmania AUSTRALIA,0.3879686089416412,-0.4427573849034144,0.07105515669774608,0.1842272413757782,0.27970082320854994,0.0782325505035405,0.08433297128511724,2020-05-02,Triabunna Tasmania AUSTRALIA,Triabunna,Tasmania,AUSTRALIA,-42.5102424,147.92009960000001
5576,2020-05-02|Trial Bay New South Wales AUSTRALIA,0.6282524262207914,-0.5025348539207641,0.10673013413035731,0.1998408669240791,0.3771902250729424,0.14227246589057696,0.11372713192333216,2020-05-02,Trial Bay New South Wales AUSTRALIA,Trial Bay,New South Wales,AUSTRALIA,-30.879986,153.05760880000003
5577,2020-05-02|Trial Bay north of Kempsey New South Wales AUSTRALIA,0.6282727840222891,-0.5025311472110076,0.10674003678361878,0.1998520567555402,0.37719450528756,0.1422756948191271,0.11372842245659659,2020-05-02,Trial Bay north of Kempsey New South Wales AUSTRALIA,Trial Bay,New South Wales,AUSTRALIA,-30.879986,153.05760880000003
5578,2020-05-02|Trigg Beach Perth Western Australia AUSTRALIA,0.17532252463580278,-0.22155466699797785,0.0333129639789322,0.07646796880441328,0.12377145162522385,0.015319372237415127,0.03195765139202726,2020-05-02,Trigg Beach Perth Western Australia AUSTRALIA,Trigg Beach,Western Australia,AUSTRALIA,-31.8779189,115.7517755
5579,2020-05-02|Trigg Beach Western Australia AUSTRALIA,0.17532778030190158,-0.22156080212508045,0.03331277172392088,0.07646788973847227,0.12377545196247021,0.015320362508513772,0.031958684274662884,2020-05-02,Trigg Beach Western Australia AUSTRALIA,Trigg Beach,Western Australia,AUSTRALIA,-31.8779189,115.7517755
5580,2020-05-02|Trinity Beach 17 km northwast of Cairns Queensland AUSTRALIA,0.9621645229990573,-0.6518547393908988,0.10302364650914701,0.11938596658826661,0.5066670901371244,0.2567115402280209,0.14626219044009658,2020-05-02,Trinity Beach 17 km northwast of Cairns Queensland AUSTRALIA,Trinity Beach,Queensland,AUSTRALIA,-16.783333,145.7
5581,2020-05-02|Trinity Beach Cairns Queensland AUSTRALIA,0.9621645229990573,-0.6518547393908988,0.10302364650914701,0.11938596658826661,0.5066670901371244,0.2567115402280209,0.14626219044009658,2020-05-02,Trinity Beach Cairns Queensland AUSTRALIA,Trinity Beach,Queensland,AUSTRALIA,-16.783333,145.7
5582,2020-05-02|Tully North Queensland Queensland AUSTRALIA,1.1636865530425404,-0.7683649040386488,0.1091919210759319,0.09513006067445752,0.6170275729877464,0.3807230258271487,0.17812051768094841,2020-05-02,Tully North Queensland Queensland AUSTRALIA,Tully,Queensland,AUSTRALIA,-17.9397555,145.9276864
5583,2020-05-02|Turners Beach New South Wales AUSTRALIA,0.649276343313934,-0.5116735202330938,0.10719889212660304,0.20339552837234304,0.38708326100032014,0.14983345094664197,0.11670999448775193,2020-05-02,Turners Beach New South Wales AUSTRALIA,Turners' Beach,New South Wales,AUSTRALIA,-29.4304387,153.3629052
5584,2020-05-02|Turquoise Bay Western Australia AUSTRALIA,0.28583360331078705,-0.33211479985785586,0.01237208043448885,0.024198425951188367,0.19226239630064482,0.0369648290312662,0.05138428680836904,2020-05-02,Turquoise Bay Western Australia AUSTRALIA,Turquoise Bay,Western Australia,AUSTRALIA,-22.0963889,113.88944440000002
5585,2020-05-02|Tweed Heads New South Wales AUSTRALIA,0.6607263501133811,-0.5008061866866896,0.10589901736130113,0.2064716438266513,0.38713599435785867,0.14987427812744797,0.11672589419328748,2020-05-02,Tweed Heads New South Wales AUSTRALIA,Tweed Heads,New South Wales,AUSTRALIA,-28.178665600000002,153.5370011
5586,2020-05-02|Two Rocks near Three Mile Reef Western Australia AUSTRALIA,0.17442265333947096,-0.22069128088019163,0.033308397020930317,0.07631360693270316,0.12343823146548334,0.01523699698732624,0.03187161431674089,2020-05-02,Two Rocks near Three Mile Reef Western Australia AUSTRALIA,Two Rocks near Three Mile Reef,Western Australia,AUSTRALIA,-31.775555600000004,115.675
5587,2020-05-02|Tyrendarra Beach Victoria AUSTRALIA,0.19641585080503507,-0.2603597504205722,0.02809294634015475,0.0762253622632866,0.15821440969678482,0.02503179943570208,0.04388078205223267,2020-05-02,Tyrendarra Beach Victoria AUSTRALIA,Tyrendarra Beach,Victoria,AUSTRALIA,-38.216667,141.783333
5588,2020-05-02|Tyrendarra Beach near Portland Victoria AUSTRALIA,0.19641585080503507,-0.2603597504205722,0.02809294634015475,0.0762253622632866,0.15821440969678482,0.02503179943570208,0.04388078205223267,2020-05-02,Tyrendarra Beach near Portland Victoria AUSTRALIA,Tyrendarra Beach near Portland,Victoria,AUSTRALIA,-38.2507144,141.806322
5589,2020-05-02|Umina Beach New South Wales AUSTRALIA,0.5862985534494662,-0.5145037913336981,0.09787379565282213,0.19111751324685933,0.36724864747533564,0.13487156907246337,0.11072963349465356,2020-05-02,Umina Beach New South Wales AUSTRALIA,Umina Beach,New South Wales,AUSTRALIA,-33.528746000000005,151.307503
5590,2020-05-02|Urunga Belliger Heads New South Wales AUSTRALIA,0.6304831845347382,-0.5018549171510382,0.10630379004653236,0.19702372482349462,0.3778055267898545,0.1427370160729595,0.11391265237131933,2020-05-02,Urunga Belliger Heads New South Wales AUSTRALIA,Urunga,New South Wales,AUSTRALIA,-30.502025699999997,153.02505980000004
5591,2020-05-02|Urunga area New South Wales AUSTRALIA,0.6304831845347382,-0.5018549171510382,0.10630379004653236,0.19702372482349462,0.3778055267898545,0.1427370160729595,0.11391265237131933,2020-05-02,Urunga area New South Wales AUSTRALIA,Urunga area,New South Wales,AUSTRALIA,-30.5,153.01666699999998
5592,2020-05-02|Waitpinga Beach near Victor Harbor Encounter Bay South Australia AUSTRALIA,0.301435754677457,-0.27716474376085604,-0.00476164402293734,-0.0033599625347650805,0.18626389918243388,0.034694240138643896,0.04978112101894789,2020-05-02,Waitpinga Beach near Victor Harbor Encounter Bay South Australia AUSTRALIA,Waitpinga Beach,South Australia,AUSTRALIA,-35.604007700000004,138.5809998
5593,2020-05-02|Waitpinga South Australia AUSTRALIA,0.3014425936803959,-0.27717177151041067,-0.004763411432565899,-0.003363483654015731,0.1862685837631629,0.034695985297134434,0.049782373025811365,2020-05-02,Waitpinga South Australia AUSTRALIA,Waitpinga,South Australia,AUSTRALIA,-35.599651200000004,138.4955961
5594,2020-05-02|Wallabi Point New South Wales AUSTRALIA,0.6186265947106113,-0.5157378190448383,0.10271442166302235,0.20270144502882154,0.37814438328159283,0.14299317460741617,0.11401482144776226,2020-05-02,Wallabi Point New South Wales AUSTRALIA,Wallabi Point,New South Wales,AUSTRALIA,-31.992048600000004,152.5590443
5595,2020-05-02|Wallamba River near entrance to Wallis Lake New South Wales AUSTRALIA,0.6173871820331772,-0.5144538602486689,0.10291271926354145,0.2032217226697749,0.3772879192874091,0.14234617404022254,0.11375658783729348,2020-05-02,Wallamba River near entrance to Wallis Lake New South Wales AUSTRALIA,Wallamba River,New South Wales,AUSTRALIA,-32.098844,152.46986
5596,2020-05-02|Wamberal New South Wales AUSTRALIA,0.5904693179186945,-0.5150370346333477,0.09855146233514715,0.1933600593040649,0.3687618888490922,0.13598533066755025,0.11118589293592561,2020-05-02,Wamberal New South Wales AUSTRALIA,Wamberal,New South Wales,AUSTRALIA,-33.418,151.44299999999998
5597,2020-05-02|Wanda Beach New South Wales AUSTRALIA,0.5785981943443469,-0.5133144563576315,0.0945762064640483,0.1842457064501228,0.36419490223940537,0.13263792681717004,0.1098088946625703,2020-05-02,Wanda Beach New South Wales AUSTRALIA,Wanda Beach,New South Wales,AUSTRALIA,-34.0423701,151.16316919999997
5598,2020-05-02|Warra Beach Coral Bay Western Australia AUSTRALIA,0.27791671739238305,-0.3207098173744374,0.013691656557605026,0.018865174127919066,0.19020704798406265,0.03617872110281151,0.05083497186471668,2020-05-02,Warra Beach Coral Bay Western Australia AUSTRALIA,Warra Beach,Western Australia,AUSTRALIA,-23.1438889,113.7688889
5599,2020-05-02|Warrnambool Victoria AUSTRALIA,0.17311169237458227,-0.2836697586031244,0.034076439710440644,0.10479336014965074,0.15916622309394254,0.025333886573990685,0.04253896245459709,2020-05-02,Warrnambool Victoria AUSTRALIA,Warrnambool,Victoria,AUSTRALIA,-38.3686779,142.4982086
5600,2020-05-02|Wategos Beach Byon Bay New South Wales AUSTRALIA,0.6531466600633705,-0.4974105066653399,0.10571698203373328,0.20178633465749232,0.3836575977102898,0.14719315228083055,0.1156771181431042,2020-05-02,Wategos Beach Byon Bay New South Wales AUSTRALIA,Wategos Beach,New South Wales,AUSTRALIA,-28.6364053,153.633824
5601,2020-05-02|Watermans Bay Western Australia AUSTRALIA,0.17532778030190158,-0.22156080212508045,0.03331277172392088,0.07646788973847227,0.12377545196247021,0.015320362508513772,0.031958684274662884,2020-05-02,Watermans Bay Western Australia AUSTRALIA,Waterman's Bay,Western Australia,AUSTRALIA,-31.849601300000003,115.75490520000001
5602,2020-05-02|Watson Taylors Lake 25 miles south of Port Macquarie New South Wales AUSTRALIA,0.6220787349948919,-0.5116539167507895,0.10318969123331566,0.2013877024962239,0.37792395707300924,0.14282651732972174,0.11394836044523204,2020-05-02,Watson Taylors Lake 25 miles south of Port Macquarie New South Wales AUSTRALIA,Watson Taylor's Lake,New South Wales,AUSTRALIA,-31.7016938,152.75884399999998
5603,2020-05-02|Wattamolla National Park New South Wales AUSTRALIA,0.5780102042219093,-0.5133103565844641,0.09443479383049448,0.1839924207336621,0.36398298116463945,0.13248361057749827,0.10974499805437325,2020-05-02,Wattamolla National Park New South Wales AUSTRALIA,Wattamolla National Park,New South Wales,AUSTRALIA,-34.0750773,151.0566579
5604,2020-05-02|Waverly Sydney New South Wales AUSTRALIA,0.5823834305585353,-0.5132618475516562,0.09630114707030345,0.18781361175839492,0.3654832285966225,0.13357799038541104,0.11019733967478981,2020-05-02,Waverly Sydney New South Wales AUSTRALIA,Waverly,New South Wales,AUSTRALIA,-33.899693,151.25542019999997
5605,2020-05-02|Wedge Island Western Australia AUSTRALIA,0.16864756059870387,-0.23915899616240818,0.018180808944007858,0.06797251602851062,0.13573156391848326,0.01842305744375731,0.033932890979620815,2020-05-02,Wedge Island Western Australia AUSTRALIA,Wedge Island,Western Australia,AUSTRALIA,-30.8277891,115.1879896
5606,2020-05-02|Weipa Queensland AUSTRALIA,0.6077079745802569,-0.6319412100948703,0.15103256017326086,0.2641988617588177,0.3789925212794074,0.14363533118572208,0.10129001191265535,2020-05-02,Weipa Queensland AUSTRALIA,Weipa,Queensland,AUSTRALIA,-12.6492936,141.84699009999997
5607,2020-05-02|Wellington Point Brisbane Queensland AUSTRALIA,0.9682847378377386,-0.7100914149192868,0.2570082819053827,0.29964160076882007,0.530823260904194,0.281773334316962,0.16004923512837654,2020-05-02,Wellington Point Brisbane Queensland AUSTRALIA,Wellington Point,Queensland,AUSTRALIA,-27.487,153.239
5608,2020-05-02|Wellington Point Queensland AUSTRALIA,0.9682847378377386,-0.7100914149192868,0.2570082819053827,0.29964160076882007,0.530823260904194,0.281773334316962,0.16004923512837654,2020-05-02,Wellington Point Queensland AUSTRALIA,Wellington Point,Queensland,AUSTRALIA,-27.487,153.239
5609,2020-05-02|West Balmain Sydney New South Wales AUSTRALIA,0.5823834305585353,-0.5132618475516562,0.09630114707030345,0.18781361175839492,0.3654832285966225,0.13357799038541104,0.11019733967478981,2020-05-02,West Balmain Sydney New South Wales AUSTRALIA,West Balmain,New South Wales,AUSTRALIA,-33.85507570000001,151.16879409999999
5610,2020-05-02|West Beach Adelaide South Australia AUSTRALIA,0.21400164394713908,-0.28073321112544464,0.00896489241541054,0.03640963038387481,0.18192246648983929,0.0330957838137467,0.05485168748025459,2020-05-02,West Beach Adelaide South Australia AUSTRALIA,West Beach,South Australia,AUSTRALIA,-34.945278,138.50375
5611,2020-05-02|West Beach Brighton South Australia AUSTRALIA,0.21400164394713908,-0.28073321112544464,0.00896489241541054,0.03640963038387481,0.18192246648983929,0.0330957838137467,0.05485168748025459,2020-05-02,West Beach Brighton South Australia AUSTRALIA,West Beach,South Australia,AUSTRALIA,-35.019,138.52
5612,2020-05-02|West Beach near Adelaide South Australia AUSTRALIA,0.21399775952584896,-0.280726497934463,0.008966286219359833,0.03641070577040004,0.18191831784138263,0.03309427436623831,0.05485043661568024,2020-05-02,West Beach near Adelaide South Australia AUSTRALIA,West Beach,South Australia,AUSTRALIA,-34.945278,138.50375
5613,2020-05-02|Western Port Bay Victoria AUSTRALIA,0.48232768110023094,-0.6260725710075327,0.03675266137626956,0.0773328852932754,0.36175622318181955,0.13086756501077443,0.10443002641752293,2020-05-02,Western Port Bay Victoria AUSTRALIA,Western Port Bay,Victoria,AUSTRALIA,-38.3563059,145.2480193
5614,2020-05-02|Westernport Bay Victoria AUSTRALIA,0.48232768110023094,-0.6260725710075327,0.03675266137626956,0.0773328852932754,0.36175622318181955,0.13086756501077443,0.10443002641752293,2020-05-02,Westernport Bay Victoria AUSTRALIA,Westernport Bay,Victoria,AUSTRALIA,-38.3563059,145.2480193
5615,2020-05-02|Whale Bay King Island Bass Strait Tasmania AUSTRALIA,0.23336448615250738,-0.1992371810359604,0.019900150698595333,0.01678465334619366,0.15698817854805477,0.024645288203835925,0.05232939284935159,2020-05-02,Whale Bay King Island Bass Strait Tasmania AUSTRALIA,Whale Bay,Tasmania,AUSTRALIA,-39.8753477,143.9370759
5616,2020-05-02|Whale Beach New South Wales AUSTRALIA,0.5862985534494662,-0.5145037913336981,0.09787379565282213,0.19111751324685933,0.36724864747533564,0.13487156907246337,0.11072963349465356,2020-05-02,Whale Beach New South Wales AUSTRALIA,Whale Beach,New South Wales,AUSTRALIA,-33.6131448,151.3304989
5617,2020-05-02|Wharton Beach Western Australia AUSTRALIA,0.2581874276062811,-0.30049346864409804,0.02462165746155902,0.06067028961212936,0.16996930314173145,0.028889564010485796,0.04388588536229372,2020-05-02,Wharton Beach Western Australia AUSTRALIA,Wharton Beach,Western Australia,AUSTRALIA,-33.9385415,122.54341470000001
5618,2020-05-02|White Bay near Bald Rock Jetty Sydney Harbor New South Wales AUSTRALIA,0.5823844317231436,-0.5132618475516562,0.09630146469373814,0.1878143581978203,0.3654835533493458,0.1335782277688641,0.11019743759142006,2020-05-02,White Bay near Bald Rock Jetty Sydney Harbor New South Wales AUSTRALIA,White Bay,New South Wales,AUSTRALIA,-33.863594899999995,151.1851115
5619,2020-05-02|White Cliffs Queensland AUSTRALIA,0.4033905652718018,-0.5492089271660977,-0.02708823523619795,0.028702861083285437,0.3614787121819525,0.13066685936072284,0.12049290406065083,2020-05-02,White Cliffs Queensland AUSTRALIA,White Cliffs,Queensland,AUSTRALIA,-31.020400199999997,143.0403618
5620,2020-05-02|Whitehaven Beach Whitsundays Island Queensland AUSTRALIA,1.4240054294948836,-1.220955563663578,0.18240066236225025,0.1366101657046377,0.8858929195103443,0.7848062648385614,0.24570248814346457,2020-05-02,Whitehaven Beach Whitsundays Island Queensland AUSTRALIA,Whitehaven Beach,Queensland,AUSTRALIA,-20.282432399999998,149.03885400000001
5621,2020-05-02|Whitsunday Passage Queensland AUSTRALIA,1.5849981614372581,-1.3558844937377441,0.17078013158407396,0.12291465069212872,0.9897660200830203,0.9796367745109816,0.27451170277855774,2020-05-02,Whitsunday Passage Queensland AUSTRALIA,Whitsunday Passage,Queensland,AUSTRALIA,-20.3518817,148.9572514
5622,2020-05-02|Wilsons Promontory Waratah Bay Victoria AUSTRALIA,0.6296687917854386,-0.7610203226384856,0.15187776538046835,0.2934139982855415,0.4394928305244141,0.1931539480823614,0.12687065200509054,2020-05-02,Wilsons Promontory Waratah Bay Victoria AUSTRALIA,Wilson's Promontory,Victoria,AUSTRALIA,-38.9333333,146.3666667
5623,2020-05-02|Windang Beach New South Wales AUSTRALIA,0.5757503896011598,-0.5143176421084311,0.0939688626473863,0.18340535504337438,0.36353264901369003,0.13215598689891075,0.10960921780203389,2020-05-02,Windang Beach New South Wales AUSTRALIA,Windang Beach,New South Wales,AUSTRALIA,-34.53432479999999,150.8745658
5624,2020-05-02|Windang Lake Illawara New South Wales AUSTRALIA,0.5764218026243061,-0.5140441576197629,0.09426407731007246,0.1838946606893721,0.3636664650520507,0.1322532978034544,0.1096495648556861,2020-05-02,Windang Lake Illawara New South Wales AUSTRALIA,Windang,New South Wales,AUSTRALIA,-34.527370899999994,150.8740205
5625,2020-05-02|Windang near the entrance to Lake Illawarra New South Wales AUSTRALIA,0.575771591582514,-0.5143146850200063,0.09397592490343235,0.18340306707837592,0.36353836631669656,0.13216014378421265,0.10961094163375075,2020-05-02,Windang near the entrance to Lake Illawarra New South Wales AUSTRALIA,Windang,New South Wales,AUSTRALIA,-34.541667,150.85833300000002
5626,2020-05-02|Winki Pop Bells Beach Victoria AUSTRALIA,0.7902891445104584,-0.8855836821172176,0.07700243047044895,0.14564074231547028,0.5016828925693383,0.2516857246967383,0.13914179947552624,2020-05-02,Winki Pop Bells Beach Victoria AUSTRALIA,Winki Pop,Victoria,AUSTRALIA,-38.3680831,144.28495519999998
5627,2020-05-02|Winkipop Beach Victoria AUSTRALIA,0.790291462240813,-0.8855927708111426,0.07699459247237377,0.14563746148791454,0.501688652225617,0.2516915037719561,0.13914339691676025,2020-05-02,Winkipop Beach Victoria AUSTRALIA,Winkipop Beach,Victoria,AUSTRALIA,-38.3680831,144.28495519999998
5628,2020-05-02|Winkipop Victoria AUSTRALIA,0.790291462240813,-0.8855927708111426,0.07699459247237377,0.14563746148791454,0.501688652225617,0.2516915037719561,0.13914339691676025,2020-05-02,Winkipop Victoria AUSTRALIA,Winkipop,Victoria,AUSTRALIA,-38.3680831,144.28495519999998
5629,2020-05-02|Wiseman’s Beach Peake Bay Port Lincoln South Australia AUSTRALIA,0.2761127853986742,-0.329601846191004,0.018486183416827208,0.07556913642759715,0.1954838215461087,0.03821392448627087,0.05047370568673744,2020-05-02,Wiseman’s Beach Peake Bay Port Lincoln South Australia AUSTRALIA,Wiseman’s Beach,South Australia,AUSTRALIA,-34.5047222,136.05333330000002
5630,2020-05-02|Wollongong New South Wales AUSTRALIA,0.5770890769420928,-0.5137740350329365,0.09440452441665736,0.18399310746340408,0.36378687313885655,0.1323408890681465,0.10968586925983696,2020-05-02,Wollongong New South Wales AUSTRALIA,Wollongong,New South Wales,AUSTRALIA,-34.427812100000004,150.89306069999998
5631,2020-05-02|Wombarra Beach near Austinmeer New South Wales AUSTRALIA,0.5780999114318038,-0.5139893323474427,0.09445051490613493,0.18419752025399144,0.3641858604220864,0.1326313409313754,0.10980616845207301,2020-05-02,Wombarra Beach near Austinmeer New South Wales AUSTRALIA,Wombarra Beach near Austinmeer,New South Wales,AUSTRALIA,-34.2794078,150.9559166
5632,2020-05-02|Woodman Point Western Australia AUSTRALIA,0.17796931731566024,-0.22495475373850823,0.03343222396971242,0.0773308815660202,0.12499197193015801,0.015622993046989409,0.03227278837967513,2020-05-02,Woodman Point Western Australia AUSTRALIA,Woodman Point,Western Australia,AUSTRALIA,-32.129142,115.76663
5633,2020-05-02|Woodman’s Point Western Australia AUSTRALIA,0.17796931731566024,-0.22495475373850823,0.03343222396971242,0.0773308815660202,0.12499197193015801,0.015622993046989409,0.03227278837967513,2020-05-02,Woodman’s Point Western Australia AUSTRALIA,Woodman’s Point,Western Australia,AUSTRALIA,-32.1348873,115.7561545
5634,2020-05-02|Woolgoolga Coffs Harbour New South Wales AUSTRALIA,0.6349534991021604,-0.5048297347709543,0.10598535576875308,0.19484436146721412,0.38033851739005375,0.14465738781046422,0.11467637777298824,2020-05-02,Woolgoolga Coffs Harbour New South Wales AUSTRALIA,Woolgoolga,New South Wales,AUSTRALIA,-30.1130375,153.18379240000002
5635,2020-05-02|Woolloomooloo Sydney Harbor Estuary New South Wales AUSTRALIA,0.5823844317231436,-0.5132618475516562,0.09630146469373814,0.1878143581978203,0.3654835533493458,0.1335782277688641,0.11019743759142006,2020-05-02,Woolloomooloo Sydney Harbor Estuary New South Wales AUSTRALIA,Woolloomooloo,New South Wales,AUSTRALIA,-33.852306299999995,151.2107871
5636,2020-05-02|Woorim Beach Bribie Island Queensland AUSTRALIA,0.7533557117313012,-0.5977448282604965,0.07179171533775049,0.0899466804090694,0.45385568228064627,0.2059849803384309,0.13684263700869595,2020-05-02,Woorim Beach Bribie Island Queensland AUSTRALIA,Woorim Beach,Queensland,AUSTRALIA,-27.060907899999997,153.2006374
5637,2020-05-02|Woy Woy New South Wales AUSTRALIA,0.5878521315090874,-0.5146596552971284,0.0979623068231808,0.1916454429866096,0.36779202626669005,0.13527097458535764,0.11089346836464987,2020-05-02,Woy Woy New South Wales AUSTRALIA,Woy Woy,New South Wales,AUSTRALIA,-33.49,151.32
5638,2020-05-02|Woy Woy on the Brisbane Waters New South Wales AUSTRALIA,0.5878521315090874,-0.5146596552971284,0.0979623068231808,0.1916454429866096,0.36779202626669005,0.13527097458535764,0.11089346836464987,2020-05-02,Woy Woy on the Brisbane Waters New South Wales AUSTRALIA,Woy Woy on the Brisbane Waters,New South Wales,AUSTRALIA,-33.49,151.32
5639,2020-05-02|Wreck Point Abrolhos Islands Western Australia AUSTRALIA,0.17565079134566094,-0.22731970392465212,0.019256032700604712,0.04729522629604472,0.1294302526890418,0.01675219031114921,0.033418747544005104,2020-05-02,Wreck Point Abrolhos Islands Western Australia AUSTRALIA,Wreck Point,Western Australia,AUSTRALIA,-28.3001002,113.59516979999998
5640,2020-05-02|Wreck of paddle steamer Koputai 6 km off Bondi Beach New South Wales AUSTRALIA,0.5824034480029137,-0.5132570744595748,0.09631207574315415,0.1878285591626247,0.3654871823873735,0.1335808804894612,0.11019853178755531,2020-05-02,Wreck of paddle steamer Koputai 6 km off Bondi Beach New South Wales AUSTRALIA,Wreck of paddle steamer,New South Wales,AUSTRALIA,-33.8914755,151.2766845
5641,2020-05-02|Wrights Bay South Australia AUSTRALIA,0.2229697623361561,-0.22980598471547975,0.02351007002240635,0.05814289652058674,0.1512132971811809,0.022865461244404132,0.039043105447188434,2020-05-02,Wrights Bay South Australia AUSTRALIA,Wrights Bay,South Australia,AUSTRALIA,-37.033055600000004,139.7411111
5642,2020-05-02|Wurtulla Queensland AUSTRALIA,0.6816228812097572,-0.5096418528322858,0.09702530939998849,0.16843830501341173,0.39799664800561485,0.15840133182370528,0.12000050447761584,2020-05-02,Wurtulla Queensland AUSTRALIA,Wurtulla,Queensland,AUSTRALIA,-26.756999999999998,153.126
5643,2020-05-02|Wyargine Point Edwards Beach Balmoral Beach Sydney New South Wales AUSTRALIA,0.5840847827671932,-0.5138601166467909,0.0967302344491813,0.18923544981637558,0.3661959631857549,0.13409948345354278,0.11041223723908619,2020-05-02,Wyargine Point Edwards Beach Balmoral Beach Sydney New South Wales AUSTRALIA,Wyargine Point,New South Wales,AUSTRALIA,-33.8200713,151.2505994
5644,2020-05-02|Wynnum-Manley Queensland AUSTRALIA,0.9384575798227051,-0.6654929939132238,0.2648402297640444,0.3008474173024184,0.5060242356999083,0.25606052711567634,0.15257204769481453,2020-05-02,Wynnum-Manley Queensland AUSTRALIA,Wynnum-Manley,Queensland,AUSTRALIA,-27.45,153.183333
5645,2020-05-02|Wynyard Tasmania AUSTRALIA,1.1924007139354176,-1.3163257558407329,0.21359804495101098,0.3509366747667131,0.9078780284621507,0.8242425145643217,0.25180006026826457,2020-05-02,Wynyard Tasmania AUSTRALIA,Wynyard,Tasmania,AUSTRALIA,-41.0,145.7166671
5646,2020-05-02|Yallingup Western Australia AUSTRALIA,0.17849282989271129,-0.2604355320422551,0.03472176581592828,0.10414098011991399,0.14007773931901263,0.019621773052725253,0.036167916770461314,2020-05-02,Yallingup Western Australia AUSTRALIA,Yallingup,Western Australia,AUSTRALIA,-33.6726029,115.0308297
5647,2020-05-02|Yandaran Beach Queensland AUSTRALIA,0.9632496335933108,-0.806215274578337,0.11709042625047965,0.19334042202358118,0.6230666440467704,0.3882120429237048,0.17986384733173982,2020-05-02,Yandaran Beach Queensland AUSTRALIA,Yandaran Beach,Queensland,AUSTRALIA,-24.608613199999997,152.13039619999998
5648,2020-05-02|Yeppoon Queensland AUSTRALIA,1.5806460992480098,-1.4030150460446758,0.15883155509493083,0.1999391340784019,0.9879535097396164,0.9760521374068262,0.2851976123975016,2020-05-02,Yeppoon Queensland AUSTRALIA,Yeppoon,Queensland,AUSTRALIA,-23.133333,150.73333300000002
5649,2020-05-02|Yeppoon near Ross Creek Queensland AUSTRALIA,1.5806460992480098,-1.4030150460446758,0.15883121221681418,0.1999385938083168,0.9879536328495093,0.976052380660543,0.28519764793626645,2020-05-02,Yeppoon near Ross Creek Queensland AUSTRALIA,Yeppoon,Queensland,AUSTRALIA,-23.153185999999998,150.74771280000002
5650,2020-05-02|Yorkey’s Knob Beach near Cairns Queensland AUSTRALIA,0.9625998970167464,-0.6516667131066839,0.10440869070197384,0.12154238276991336,0.506783917635953,0.2568299391744444,0.14629591563404531,2020-05-02,Yorkey’s Knob Beach near Cairns Queensland AUSTRALIA,Yorkey’s Knob Beach near Cairns,Queensland,AUSTRALIA,-16.8182895,145.7326612
5651,2020-05-02|near Schouten Island Tasmania AUSTRALIA,0.39816909141191775,-0.4561419150549002,0.06993113565285697,0.1844767039356112,0.28737789842544637,0.08258605650342618,0.08664769655618831,2020-05-02,near Schouten Island Tasmania AUSTRALIA,near Schouten Island,Tasmania,AUSTRALIA,-42.317857000000004,148.281927
5652,2020-05-03|1 km off Blacks Beach Queensland AUSTRALIA,2.1928677960417424,-2.0474676216791354,0.21872648401624734,0.4808694810832266,1.5119834658953826,2.286094001141014,0.4193487626107354,2020-05-03,1 km off Blacks Beach Queensland AUSTRALIA,1 km off Black's Beach,Queensland,AUSTRALIA,-21.062778,149.1875
5653,2020-05-03|10 miles off Nambucca Heads onboard trawler New South Wales AUSTRALIA,0.6801109092718157,-0.5608023624319171,0.15905578428382572,0.18470259185549145,0.39428237138240035,0.15545858838292906,0.11888060793881668,2020-05-03,10 miles off Nambucca Heads onboard trawler New South Wales AUSTRALIA,10 miles off Nambucca Heads onboard trawler,New South Wales,AUSTRALIA,-30.6419702,152.9978834
5654,2020-05-03|15 km north of Lancelin north of Perth Western Australia AUSTRALIA,0.14089358257079118,-0.20088805028154205,0.008994121913364978,0.04146098599413496,0.10403850433200588,0.010824010383640809,0.028855089383971508,2020-05-03,15 km north of Lancelin north of Perth Western Australia AUSTRALIA,15 km north of Lancelin,Western Australia,AUSTRALIA,-31.045409799999998,115.35327749999999
5655,2020-05-03|15 miles off shore New South Wales AUSTRALIA,0.626663801783578,-0.5584179479709455,0.14442540092083958,0.17386776107865232,0.380043130268497,0.14443278086427777,0.11458731520479672,2020-05-03,15 miles off shore New South Wales AUSTRALIA,1.5 miles off shore,New South Wales,AUSTRALIA,-31.2532183,146.921099
5656,2020-05-03|15 miles up the Cataract River New South Wales AUSTRALIA,0.615508729670091,-0.5541794965746913,0.139916251493891,0.1695791517387883,0.3754596106297719,0.14096991921425991,0.11320533203562612,2020-05-03,15 miles up the Cataract River New South Wales AUSTRALIA,15 miles up the Cataract River,New South Wales,AUSTRALIA,-34.229766399999995,150.7616844
5657,2020-05-03|150 yards from the pier at Lorne Victoria AUSTRALIA,0.6146485461572556,-0.6328975045182438,0.09927959229687079,0.17119448085715952,0.36317254150823175,0.1318942949055483,0.10072594001911567,2020-05-03,150 yards from the pier at Lorne Victoria AUSTRALIA,150 yards from the pier at Lorne,Victoria,AUSTRALIA,-38.5366556,143.97154840000002
5658,2020-05-03|18 km west of Bunbury Western Australia AUSTRALIA,0.17276438836173547,-0.23966014343099404,0.0057102252002896835,0.05336625167928277,0.1375628495580761,0.018923537578537875,0.035518575026351,2020-05-03,18 km west of Bunbury Western Australia AUSTRALIA,18 km west of Bunbury,Western Australia,AUSTRALIA,-33.3209971,115.63834820000001
5659,2020-05-03|18 miles south of Port Augusta South Australia AUSTRALIA,0.5627535598958795,-0.7027134894401782,0.1315406206054453,0.26801365919376546,0.4317779608821721,0.1864322075035665,0.13018595354462872,2020-05-03,18 miles south of Port Augusta South Australia AUSTRALIA,18 miles south of Port Augusta,South Australia,AUSTRALIA,-32.495233899999995,137.78943940000002
5660,2020-05-03|20 k off The Spit off the Gold Coast Queensland AUSTRALIA,0.7243295643160316,-0.5690029014388286,0.16455538810329695,0.1752074175435452,0.4073651408639002,0.16594635799106525,0.12282521135598463,2020-05-03,20 k off The Spit off the Gold Coast Queensland AUSTRALIA,20 k off The Spit,Queensland,AUSTRALIA,-27.9352516,153.43347680000002
5661,2020-05-03|20 miles off Sydney New South Wales AUSTRALIA,0.6221732867613821,-0.5564023162678882,0.14234465161201867,0.171703257946488,0.3780473077883111,0.14291976692599,0.11398555208525732,2020-05-03,20 miles off Sydney New South Wales AUSTRALIA,20 miles off Sydney,New South Wales,AUSTRALIA,-33.8688197,151.2092955
5662,2020-05-03|200 km east of Coolangatta Queensland AUSTRALIA,0.7171293303509475,-0.5655587309440744,0.1652135978127153,0.17803524320954187,0.40435412718128877,0.16350226016854186,0.12191735657199841,2020-05-03,200 km east of Coolangatta Queensland AUSTRALIA,200 km east of Coolangatta,Queensland,AUSTRALIA,-28.166666999999997,153.533333
5663,2020-05-03|200 miles offshore Queensland AUSTRALIA,1.3968824341640087,-1.13628919303133,0.20416825688858697,0.2463122438938983,0.9744377501689694,0.9495289289543628,0.2938040362607769,2020-05-03,200 miles offshore Queensland AUSTRALIA,200 miles offshore,Queensland,AUSTRALIA,-20.9175738,142.7027956
5664,2020-05-03|26 nautical miles out to sea off Lake Macquarie New South Wales AUSTRALIA,0.671905702555692,-0.563579005010063,0.1558904638698856,0.1775273810253814,0.3928125958439044,0.15430173545362658,0.11843745393997725,2020-05-03,26 nautical miles out to sea off Lake Macquarie New South Wales AUSTRALIA,26 nautical miles out to sea off Lake Macquarie,New South Wales,AUSTRALIA,-31.433333,152.9
5665,2020-05-03|3 km off Port Victoria Yorke Peninsula South Australia AUSTRALIA,0.3006009837408065,-0.33482023261951577,0.0015929637740773005,0.036484728643270625,0.1779920026254129,0.031681152998604994,0.05138186531469136,2020-05-03,3 km off Port Victoria Yorke Peninsula South Australia AUSTRALIA,3 km off Port Victoria,South Australia,AUSTRALIA,-34.496666999999995,137.48333300000002
5666,2020-05-03|3 km west of Rottnest Island Western Australia AUSTRALIA,0.14302928178816415,-0.20305149803439496,0.007734454249693571,0.03999920064729033,0.10468838322833035,0.01095965758296176,0.029035333359628417,2020-05-03,3 km west of Rottnest Island Western Australia AUSTRALIA,3 km west of Rottnest Island,Western Australia,AUSTRALIA,-32.0063677,115.5073002
5667,2020-05-03|3 miles out to sea off Glenelg South Australia AUSTRALIA,0.276477948557348,-0.4099548211204015,0.02985525896307977,0.09505398819718881,0.24847330765112904,0.061738984615092626,0.08282443588370968,2020-05-03,3 miles out to sea off Glenelg South Australia AUSTRALIA,3 miles out to sea off Glenelg,South Australia,AUSTRALIA,-34.982,138.516
5668,2020-05-03|5 miles south of Sussex Inlet at mouth of Berara Lake New South Wales AUSTRALIA,0.5959149072673295,-0.549209611599322,0.13384841524830088,0.16476841628075622,0.3685352290704374,0.13581821506599978,0.1111175524413017,2020-05-03,5 miles south of Sussex Inlet at mouth of Berara Lake New South Wales AUSTRALIA,5 miles south of Sussex Inlet at mouth of Berara Lake,New South Wales,AUSTRALIA,-35.206926200000005,150.5515985
5669,2020-05-03|5 nm off Cervantes Western Australia AUSTRALIA,1.9958119943037997,-1.6647005170774551,0.21804929010350552,0.34138794496972047,1.2260793266058314,1.503270515130209,0.35393861463185594,2020-05-03,5 nm off Cervantes Western Australia AUSTRALIA,5 nm off Cervantes,Western Australia,AUSTRALIA,34.5199402,-105.87009009999998
5670,2020-05-03|50 km east of Townsville Queensland AUSTRALIA,1.3547655993931826,-0.93722152936299,0.2515300516705483,0.27430629140011725,0.7833485574967625,0.6136349625322586,0.23618847684390043,2020-05-03,50 km east of Townsville Queensland AUSTRALIA,50 km east of Townsville,Queensland,AUSTRALIA,-19.2589635,146.8169483
5671,2020-05-03|55 miles south of Adelaide South Australia AUSTRALIA,0.27648146243388994,-0.40995971009605503,0.029853661832847298,0.0950497796301858,0.24847545001795932,0.0617400492616274,0.08282515000598643,2020-05-03,55 miles south of Adelaide South Australia AUSTRALIA,55 miles south of Adelaide,South Australia,AUSTRALIA,-34.9284989,138.6007456
5672,2020-05-03|6 km off Collendina south of Melbourne Victoria AUSTRALIA,0.5007122731872773,-0.5690832949786984,0.01448024875591056,-0.04358461076785889,0.3460219672262648,0.1197312018031343,0.09596922655932445,2020-05-03,6 km off Collendina south of Melbourne Victoria AUSTRALIA,6 km off Collendina,Victoria,AUSTRALIA,-37.835,144.96
5673,2020-05-03|7 Mile Beach Gerroa New South Wales AUSTRALIA,0.6103361218973061,-0.553630100448399,0.13858383180412762,0.16859950449551808,0.3739120009452807,0.1398101844509036,0.11273871015877361,2020-05-03,7 Mile Beach Gerroa New South Wales AUSTRALIA,7 Mile Beach,New South Wales,AUSTRALIA,-34.7699,150.813133
5674,2020-05-03|7 km off Trigg surf beach Perth Western Australia AUSTRALIA,0.14816527368054336,-0.20731972717780608,0.008161574598680468,0.04109834624084614,0.1071691334872786,0.011485223172414141,0.02972336968734061,2020-05-03,7 km off Trigg surf beach Perth Western Australia AUSTRALIA,7 km off Trigg surf beach,Western Australia,AUSTRALIA,-31.8744999,115.7531233
5675,2020-05-03|A pearl farm in Roebuck Bay Western Australia AUSTRALIA,1.3232935949103117,-1.0574939471733646,0.13218633833641089,0.00016312864790243186,0.7600641715337669,0.5776975448493115,0.21080387254677338,2020-05-03,A pearl farm in Roebuck Bay Western Australia AUSTRALIA,A pearl farm in Roebuck Bay,Western Australia,AUSTRALIA,-18.0858333,122.28305559999998
5676,2020-05-03|Adelaide South Australia AUSTRALIA,0.27648146243388994,-0.40995971009605503,0.029853661832847298,0.0950497796301858,0.24847545001795932,0.0617400492616274,0.08282515000598643,2020-05-03,Adelaide South Australia AUSTRALIA,Adelaide,South Australia,AUSTRALIA,-34.9284989,138.6007456
5677,2020-05-03|African Reef off Geraldton Western Australia AUSTRALIA,0.15234569659439604,-0.21117239467606597,0.01268690007464792,0.040713182998386964,0.11183113742353783,0.012506203297442203,0.0322828686476308,2020-05-03,African Reef off Geraldton Western Australia AUSTRALIA,African Reef off Geraldton,Western Australia,AUSTRALIA,-28.802443,114.61852209999999
5678,2020-05-03|Albany Western Australia AUSTRALIA,0.2274259751965315,-0.29030375627839383,0.0190543516745686,0.034930760158450806,0.1641377854475169,0.026941212611615084,0.04552363089785609,2020-05-03,Albany Western Australia AUSTRALIA,Albany,Western Australia,AUSTRALIA,-35.0269344,117.8837206
5679,2020-05-03|Albany incident took place 200 metres from swimmers Western Australia AUSTRALIA,0.2274259751965315,-0.29030375627839383,0.0190543516745686,0.034930760158450806,0.1641377854475169,0.026941212611615084,0.04552363089785609,2020-05-03,Albany incident took place 200 metres from swimmers Western Australia AUSTRALIA,Albany (incident took place 200 metres from swimmers),Western Australia,AUSTRALIA,-35.0269344,117.8837206
5680,2020-05-03|Albert Park in Port Phillip Bay Victoria AUSTRALIA,0.5007122731872773,-0.5690832949786984,0.01448024875591056,-0.04358461076785889,0.3460219672262648,0.1197312018031343,0.09596922655932445,2020-05-03,Albert Park in Port Phillip Bay Victoria AUSTRALIA,Albert Park in Port Phillip Bay,Victoria,AUSTRALIA,-37.8438609,144.95145359999998
5681,2020-05-03|Aldinga Beach South Australia AUSTRALIA,0.25288698423327743,-0.37886291653026805,0.022290156704913223,0.06335943206141066,0.22844246203755775,0.052185958461781014,0.07614748734585258,2020-05-03,Aldinga Beach South Australia AUSTRALIA,Aldinga Beach,South Australia,AUSTRALIA,-35.281,138.454
5682,2020-05-03|Alexandra Headland near Mooloolaba Queensland AUSTRALIA,0.7484655173840317,-0.5854145739028683,0.15983412334601502,0.18053379663080737,0.4209429421991799,0.1771929605873021,0.12691907249299456,2020-05-03,Alexandra Headland near Mooloolaba Queensland AUSTRALIA,Alexandra Headland near Mooloolaba,Queensland,AUSTRALIA,-26.673000000000002,153.101
5683,2020-05-03|Alma Bay Magnetic Island Townsville Queensland AUSTRALIA,1.3635440819318823,-0.9395490206446716,0.2557416580758315,0.27541129087421456,0.7883731284928048,0.6215321897295325,0.2377034420008436,2020-05-03,Alma Bay Magnetic Island Townsville Queensland AUSTRALIA,Alma Bay,Queensland,AUSTRALIA,-19.148322,146.868517
5684,2020-05-03|Altona Melbourne Victoria AUSTRALIA,0.49772721148496896,-0.5644112288442829,0.01596347149150583,-0.04212912926197383,0.3436095061248089,0.11806749269933509,0.09530013023614278,2020-05-03,Altona Melbourne Victoria AUSTRALIA,Altona,Victoria,AUSTRALIA,-37.863151200000004,144.81202180000002
5685,2020-05-03|Amity Point North Stradbroke Island Queensland AUSTRALIA,1.028992832141228,-0.9054724879663282,0.17079204418378416,0.23792317924643586,0.651797236262365,0.42483963719925727,0.18815765490656527,2020-05-03,Amity Point North Stradbroke Island Queensland AUSTRALIA,Amity Point,Queensland,AUSTRALIA,-27.397250800000002,153.45375990000002
5686,2020-05-03|Anglesea Victoria AUSTRALIA,0.667071296154449,-0.6990699250890781,0.09693379688117382,0.1687697061812181,0.40276040102157534,0.1622159406310602,0.11170563673920991,2020-05-03,Anglesea Victoria AUSTRALIA,Anglesea,Victoria,AUSTRALIA,-38.4096639,144.18251709999998
5687,2020-05-03|Angourie New South Wales AUSTRALIA,0.7002401949879808,-0.5711410006550235,0.16269043127913532,0.18515950545967488,0.40295461487365547,0.162372421647976,0.12149538773437077,2020-05-03,Angourie New South Wales AUSTRALIA,Angourie,New South Wales,AUSTRALIA,-29.479166999999997,153.359444
5688,2020-05-03|Angourie near Yamba New South Wales AUSTRALIA,0.7002641696886039,-0.5711392867396814,0.162697668090289,0.1851627594383785,0.40296130972497285,0.1623778171352655,0.12149740630799322,2020-05-03,Angourie near Yamba New South Wales AUSTRALIA,Angourie,New South Wales,AUSTRALIA,-29.479166999999997,153.359444
5689,2020-05-03|Arakoons Little Bay New South Wales AUSTRALIA,0.6201650958444558,-0.5564456569029285,0.1407132394486246,0.16977599521357684,0.3775103147859888,0.14251403776981636,0.11382364260309828,2020-05-03,Arakoons Little Bay New South Wales AUSTRALIA,Arakoon's Little Bay,New South Wales,AUSTRALIA,-33.980540000000005,151.24301
5690,2020-05-03|Archies Beach Queensland AUSTRALIA,1.396925114879286,-1.1363317207986408,0.20416545916267098,0.2463070010526047,0.9744680740315753,0.9495880273068078,0.29381317924936395,2020-05-03,Archies Beach Queensland AUSTRALIA,Archie's Beach,Queensland,AUSTRALIA,-20.9175738,142.7027956
5691,2020-05-03|Ardrossan South Australia AUSTRALIA,0.3546065788995724,-0.5613036129877104,0.016549896834168715,0.11092695657256024,0.3358470453578871,0.11279323787562268,0.10620416087688028,2020-05-03,Ardrossan South Australia AUSTRALIA,Ardrossan,South Australia,AUSTRALIA,-34.419107399999994,137.91780119999999
5692,2020-05-03|Arlington Reef near Cairns Queensland AUSTRALIA,1.0784257244443234,-0.6750902827599677,0.14716672074227713,0.16619411053728822,0.6107223044144362,0.3729817331092793,0.17630034342689166,2020-05-03,Arlington Reef near Cairns Queensland AUSTRALIA,Arlington Reef near Cairns,Queensland,AUSTRALIA,-16.688272899999998,146.0357725
5693,2020-05-03|Arrawarra Headland New South Wales AUSTRALIA,0.687026011638615,-0.5638721778961007,0.1598368026205185,0.18597410204530776,0.39729267271314334,0.15784146779155284,0.11978824794063322,2020-05-03,Arrawarra Headland New South Wales AUSTRALIA,Arrawarra Headland,New South Wales,AUSTRALIA,-30.068610999999997,153.195278
5694,2020-05-03|At Flat Top near Mackay Queensland AUSTRALIA,2.277978439180907,-2.152768905170536,0.1977764629662408,0.47886501994254715,1.5821636562738595,2.5032418352338675,0.43881324529776794,2020-05-03,At Flat Top near Mackay Queensland AUSTRALIA,At Flat Top,Queensland,AUSTRALIA,-21.162427899999997,149.24560830000001
5695,2020-05-03|Auckland Creek Gladstone Queensland AUSTRALIA,1.364167316496965,-1.00795487519211,0.3071454596950751,0.41832906439750556,0.8037401710187309,0.6459982625092188,0.23201980204809006,2020-05-03,Auckland Creek Gladstone Queensland AUSTRALIA,Auckland Creek,Queensland,AUSTRALIA,-23.875737899999997,151.24061310000002
5696,2020-05-03|Austinmer New South Wales AUSTRALIA,0.6161284277534932,-0.554926002134404,0.13978248254324835,0.16908482323926566,0.37588126653200515,0.14128672652970428,0.11333246607365761,2020-05-03,Austinmer New South Wales AUSTRALIA,Austinmer,New South Wales,AUSTRALIA,-34.306311,150.93451000000002
5697,2020-05-03|Avalon Beach New South Wales AUSTRALIA,0.6266609176042909,-0.5584155719807721,0.14442937047163443,0.17387098115949154,0.3800407050725156,0.14443093751201477,0.11458658398069549,2020-05-03,Avalon Beach New South Wales AUSTRALIA,Avalon Beach,New South Wales,AUSTRALIA,-33.6302836,151.3297698
5698,2020-05-03|Avalon Beach near Mandurah 50 miles south of Perth Western Australia AUSTRALIA,0.14989503420896022,-0.2197381988166337,-0.005751073747433131,0.04210382758574291,0.11984180661284465,0.014362058612230456,0.032029070068377456,2020-05-03,Avalon Beach near Mandurah 50 miles south of Perth Western Australia AUSTRALIA,Avalon Beach,Western Australia,AUSTRALIA,-32.5933864,115.6364088
5699,2020-05-03|Avalon New South Wales AUSTRALIA,0.6266426341286938,-0.5584203225390622,0.14441849562808157,0.17386454203690557,0.3800373781164308,0.14442840876561097,0.11458558086569301,2020-05-03,Avalon New South Wales AUSTRALIA,Avalon,New South Wales,AUSTRALIA,-33.6302836,151.3297698
5700,2020-05-03|Avalon Point Manurah Western Australia AUSTRALIA,0.15029792884139054,-0.22027684695031416,-0.005251457228641244,0.04284823218968217,0.12025783593580786,0.01446194710396368,0.032140258581904585,2020-05-03,Avalon Point Manurah Western Australia AUSTRALIA,Avalon Point,Western Australia,AUSTRALIA,-32.5947053,115.6329821
5701,2020-05-03|Avoca Beach New South Wales AUSTRALIA,0.6314149196020605,-0.5601540123796116,0.14539600013921908,0.17363639350401625,0.3818061603095934,0.14577594405035493,0.11511888876301868,2020-05-03,Avoca Beach New South Wales AUSTRALIA,Avoca Beach,New South Wales,AUSTRALIA,-33.465,151.435
5702,2020-05-03|Backbeach Halls Head Western Australia AUSTRALIA,0.15180897447095182,-0.21970399915059402,-0.005760949108847628,0.041777130584115266,0.12021448497328185,0.01445152239739141,0.03212867254982179,2020-05-03,Backbeach Halls Head Western Australia AUSTRALIA,Backbeach,Western Australia,AUSTRALIA,-32.5293276,115.6941929
5703,2020-05-03|Badger Head Tasmania AUSTRALIA,1.2483403317225068,-1.2149113913431633,0.21979597378345064,0.3985968800749128,0.8619711161619116,0.7429942050974117,0.2598940702211736,2020-05-03,Badger Head Tasmania AUSTRALIA,Badger Head,Tasmania,AUSTRALIA,-41.1291591,146.731436
5704,2020-05-03|Bald Island Western Australia AUSTRALIA,0.2299506927491089,-0.29054610009633847,0.017237712274328625,0.03106509315124458,0.16479918071207292,0.02715876996337047,0.045707068939371924,2020-05-03,Bald Island Western Australia AUSTRALIA,Bald Island,Western Australia,AUSTRALIA,-34.9233188,118.46887759999998
5705,2020-05-03|Balmain Sydney Estuary New South Wales AUSTRALIA,0.6221732867613821,-0.5564023162678882,0.14234465161201867,0.171703257946488,0.3780473077883111,0.14291976692599,0.11398555208525732,2020-05-03,Balmain Sydney Estuary New South Wales AUSTRALIA,Balmain,New South Wales,AUSTRALIA,-33.85895,151.17906000000002
5706,2020-05-03|Bantry Bay near Ironstone Point Middle Harbor Sydney New South Wales AUSTRALIA,0.6239465779320229,-0.5573377114306419,0.14294398854386442,0.17172418543946064,0.3788018326723811,0.14349082843595462,0.11421304989757065,2020-05-03,Bantry Bay near Ironstone Point Middle Harbor Sydney New South Wales AUSTRALIA,Bantry Bay,New South Wales,AUSTRALIA,-33.7806576,151.2151164
5707,2020-05-03|Bar Beach Newcastle New South Wales AUSTRALIA,0.6410879669695656,-0.5631651223442584,0.14650094629402746,0.1741865019504091,0.38544930376360387,0.14857116577184695,0.11621733784432704,2020-05-03,Bar Beach Newcastle New South Wales AUSTRALIA,Bar Beach,New South Wales,AUSTRALIA,-32.94,151.767778
5708,2020-05-03|Bargara Queensland AUSTRALIA,1.13552999576088,-1.0089662910771728,0.18816906368662198,0.26635367991485775,0.7273869978019873,0.5290918445713884,0.20997853949300557,2020-05-03,Bargara Queensland AUSTRALIA,Bargara,Queensland,AUSTRALIA,-24.8312314,152.4592208
5709,2020-05-03|Barren Joey Island Tasmania AUSTRALIA,1.241939426825358,-1.171234335825345,0.25176702919549426,0.43269226205440336,0.8370856293348874,0.7007123508389845,0.25239081362748533,2020-05-03,Barren Joey Island Tasmania AUSTRALIA,Barren Joey Island,Tasmania,AUSTRALIA,-40.94228579999999,146.98485580000002
5710,2020-05-03|Barrier Reef Queensland AUSTRALIA,1.0515213964345567,-0.8085189858016879,0.10325957304885175,0.09306601639755557,0.6261345625815672,0.3920444904592104,0.17365848236369666,2020-05-03,Barrier Reef Queensland AUSTRALIA,Barrier Reef,Queensland,AUSTRALIA,-18.2870668,147.6991918
5711,2020-05-03|Barrier Reef off Mackay Queensland AUSTRALIA,2.243328845017884,-2.118018424622284,0.19633894945795596,0.46401643864227937,1.555605558354804,2.4199086531843617,0.43144735423423347,2020-05-03,Barrier Reef off Mackay Queensland AUSTRALIA,Barrier Reef off Mackay,Queensland,AUSTRALIA,-21.1424956,149.1821469
5712,2020-05-03|Barrow Passage Western Australia AUSTRALIA,0.3891177985137896,-0.39472172509001224,0.06227546393353268,0.11320875442411557,0.245618245936471,0.06032832273690875,0.06812224460872852,2020-05-03,Barrow Passage Western Australia AUSTRALIA,Barrow Passage,Western Australia,AUSTRALIA,-20.780434200000002,115.4022706
5713,2020-05-03|Barrow Point 100 miles north of Cooktown Queensland Queensland AUSTRALIA,1.0808722160463022,-0.6755318690180327,0.2028232566224853,0.24292484871272055,0.5891789683800603,0.3471318567813922,0.17764414295321168,2020-05-03,Barrow Point 100 miles north of Cooktown Queensland Queensland AUSTRALIA,Barrow Point,Queensland,AUSTRALIA,-15.4758164,145.2470981
5714,2020-05-03|Bass Point New South Wales AUSTRALIA,0.6112972310727487,-0.5524888031115733,0.13942383757513713,0.16984016195416948,0.3738132482454201,0.13973634456379208,0.11270893509945795,2020-05-03,Bass Point New South Wales AUSTRALIA,Bass Point,New South Wales,AUSTRALIA,-34.5959607,150.9018394
5715,2020-05-03|Batemans Bay New South Wales AUSTRALIA,0.5904464714757848,-0.5459374652655472,0.13281256925473645,0.16492565034888626,0.3659755926174344,0.13393813439168228,0.11034579301272651,2020-05-03,Batemans Bay New South Wales AUSTRALIA,Bateman's Bay,New South Wales,AUSTRALIA,-35.7143871,150.1794707
5716,2020-05-03|Bathurst Reef Rottnest Island Western Australia AUSTRALIA,0.1444334448779396,-0.20393287783477398,0.007867177565137615,0.03997704134696904,0.10515734762713633,0.011058067759974394,0.02916540068164858,2020-05-03,Bathurst Reef Rottnest Island Western Australia AUSTRALIA,Bathurst Reef,Western Australia,AUSTRALIA,-31.989356899999997,115.5407453
5717,2020-05-03|Batt Reef Queensland AUSTRALIA,1.1129250571591054,-0.6855067679159081,0.21511103425291794,0.25474822543452635,0.6042005553960385,0.36505831114088133,0.18217332185209112,2020-05-03,Batt Reef Queensland AUSTRALIA,Batt Reef,Queensland,AUSTRALIA,-16.415952800000003,145.7710071
5718,2020-05-03|Beechford Tasmania AUSTRALIA,1.2496689456271204,-1.1902638176183065,0.24291109044987705,0.42445138453502446,0.8491405446467917,0.7210396645630499,0.2560255073519487,2020-05-03,Beechford Tasmania AUSTRALIA,Beechford,Tasmania,AUSTRALIA,-41.042725299999994,146.9720846
5719,2020-05-03|Beecroft Head New South Wales AUSTRALIA,0.6052906198000197,-0.5525605389892724,0.13641370011393184,0.16555354442681658,0.37205256767537165,0.13842311311383698,0.1121780699334107,2020-05-03,Beecroft Head New South Wales AUSTRALIA,Beecroft Head,New South Wales,AUSTRALIA,-35.0135426,150.84937340000002
5720,2020-05-03|Belfast now Port Fairy South Australia AUSTRALIA,0.18444096923561418,-0.20451701984460183,-0.006889664191945172,-0.013968155748179811,0.12333013366078827,0.015210321868787898,0.031843703583584515,2020-05-03,Belfast now Port Fairy South Australia AUSTRALIA,Belfast (now Port Fairy),South Australia,AUSTRALIA,-38.3860016,142.2356621
5721,2020-05-03|Bellambi New South Wales AUSTRALIA,0.615508729670091,-0.5541794965746913,0.139916251493891,0.1695791517387883,0.3754596106297719,0.14096991921425991,0.11320533203562612,2020-05-03,Bellambi New South Wales AUSTRALIA,Bellambi,New South Wales,AUSTRALIA,-34.366667,150.916667
5722,2020-05-03|Bellambi Reef New South Wales AUSTRALIA,0.615508729670091,-0.5541794965746913,0.139916251493891,0.1695791517387883,0.3754596106297719,0.14096991921425991,0.11320533203562612,2020-05-03,Bellambi Reef New South Wales AUSTRALIA,Bellambi Reef,New South Wales,AUSTRALIA,-34.373611100000005,150.93472219999998
5723,2020-05-03|Bellingen New South Wales AUSTRALIA,0.6803550928455081,-0.560178774404683,0.15894635490620473,0.18476967370095213,0.39412419115440334,0.15533387805311266,0.11883291480558768,2020-05-03,Bellingen New South Wales AUSTRALIA,Bellingen,New South Wales,AUSTRALIA,-30.4522423,152.8979566
5724,2020-05-03|Bellinger Head New South Wales AUSTRALIA,0.6803351807100537,-0.5601823358945927,0.15893595237634017,0.18476338359232305,0.39411999600970854,0.15533057125469268,0.11883164992187005,2020-05-03,Bellinger Head New South Wales AUSTRALIA,Bellinger Head,New South Wales,AUSTRALIA,-30.502025699999997,153.02505980000004
5725,2020-05-03|Bells Beach Victoria AUSTRALIA,0.6950123565343758,-0.7355053156088772,0.09450634276158205,0.1640750354643039,0.4246475174917966,0.18032551411194567,0.117776030639628,2020-05-03,Bells Beach Victoria AUSTRALIA,Bells Beach,Victoria,AUSTRALIA,-38.366944000000004,144.284722
5726,2020-05-03|Bellynahinch on the Manning River New South Wales AUSTRALIA,0.6634840874023948,-0.566880998367932,0.15263477333426634,0.17502287467198577,0.3919954697058418,0.15366044826990355,0.11819108113940037,2020-05-03,Bellynahinch on the Manning River New South Wales AUSTRALIA,"""Bellynahinch"" on the Manning River",New South Wales,AUSTRALIA,-31.8518472,152.10067469999998
5727,2020-05-03|Belongil Bay New South Wales AUSTRALIA,0.7080841001189354,-0.5620649739844104,0.16288823156360058,0.17881800675249132,0.4010293665461033,0.1608245528323689,0.12091490352248443,2020-05-03,Belongil Bay New South Wales AUSTRALIA,Belongil Bay,New South Wales,AUSTRALIA,-28.633732799999997,153.6003455
5728,2020-05-03|Belongil Beach Byron Bay New South Wales AUSTRALIA,0.7080841001189354,-0.5620649739844104,0.16288823156360058,0.17881800675249132,0.4010293665461033,0.1608245528323689,0.12091490352248443,2020-05-03,Belongil Beach Byron Bay New South Wales AUSTRALIA,Belongil Beach,New South Wales,AUSTRALIA,-28.633732799999997,153.6003455
5729,2020-05-03|Bermagui New South Wales AUSTRALIA,0.5834530431742193,-0.5445741202885672,0.1301652816237693,0.16064791784325627,0.36328799185857386,0.13197816502863524,0.10953545089423425,2020-05-03,Bermagui New South Wales AUSTRALIA,Bermagui,New South Wales,AUSTRALIA,-36.4433701,150.061362
5730,2020-05-03|Bernier Island Shark Bay Western Australia AUSTRALIA,0.21685088063573613,-0.2787846778925881,0.011313575921357018,0.04804413924470611,0.1566903586026833,0.024551868479037484,0.04345808633175497,2020-05-03,Bernier Island Shark Bay Western Australia AUSTRALIA,Bernier Island,Western Australia,AUSTRALIA,-24.8504267,113.1381998
5731,2020-05-03|Berrys Bay Sydney Harbour New South Wales AUSTRALIA,0.6221942950448157,-0.5563999419205357,0.1423515157220056,0.17170645148009822,0.3780530210865378,0.1429240867526582,0.11398727470948765,2020-05-03,Berrys Bay Sydney Harbour New South Wales AUSTRALIA,Berry's Bay,New South Wales,AUSTRALIA,-33.8462182,151.2488616
5732,2020-05-03|Between Bay Rock & Magnetic Island Cleveland Bay Queensland AUSTRALIA,1.3622455728886806,-0.9422558482559004,0.25399499125802494,0.27516701312237,0.7883759197268391,0.6215365908051395,0.2377042835895703,2020-05-03,Between Bay Rock & Magnetic Island Cleveland Bay Queensland AUSTRALIA,Between Bay Rock & Magnetic Island,Queensland,AUSTRALIA,-19.2180556,146.9222222
5733,2020-05-03|Between Carnac and Garden Islands Western Australia AUSTRALIA,0.1491132889096582,-0.20691702624058445,0.008825374601224534,0.042412894657434856,0.1069440136093504,0.011437022046876922,0.02966093266711012,2020-05-03,Between Carnac and Garden Islands Western Australia AUSTRALIA,Between Carnac and Garden Islands,Western Australia,AUSTRALIA,-32.204325399999995,115.67762739999999
5734,2020-05-03|Between De Grey River and Port Walcott Western Australia AUSTRALIA,0.9255021828577243,-0.6752762894613689,0.17562945534101573,0.16586535732682206,0.5399587221679228,0.29155542164521614,0.1558726567974683,2020-05-03,Between De Grey River and Port Walcott Western Australia AUSTRALIA,Between De Grey River and Port Walcott,Western Australia,AUSTRALIA,-20.342612,118.6718706
5735,2020-05-03|Between Dee Why and Long Reef New South Wales AUSTRALIA,0.6239255090073046,-0.5573400897071586,0.1429371067551649,0.1717209796045723,0.378796100504497,0.14348648575741302,0.11421132158392458,2020-05-03,Between Dee Why and Long Reef New South Wales AUSTRALIA,Between Dee Why and Long Reef,New South Wales,AUSTRALIA,-33.746083399999996,151.30407160000001
5736,2020-05-03|Between Port Arthur Penal Colony & Forestier Peninsula Tasmania AUSTRALIA,0.36835913671270926,-0.4816362726153871,0.02228939599483146,0.09633417806139656,0.2904693505118712,0.08437244358678829,0.087579804431464,2020-05-03,Between Port Arthur Penal Colony & Forestier Peninsula Tasmania AUSTRALIA,Between Port Arthur Penal Colony & Forestier Peninsula,Tasmania,AUSTRALIA,-43.177459999999996,147.8420491
5737,2020-05-03|Between Queensland AUSTRALIA,1.396925114879286,-1.1363317207986408,0.20416545916267098,0.2463070010526047,0.9744680740315753,0.9495880273068078,0.29381317924936395,2020-05-03,Between Queensland AUSTRALIA,Between,Queensland,AUSTRALIA,-20.9175738,142.7027956
5738,2020-05-03|Between Smith’s Rock & Moreton Island Queensland AUSTRALIA,0.9327428186189473,-0.8027735429403902,0.18808145616621882,0.2656652084264495,0.5841344180110197,0.3412130183050727,0.16862508174079383,2020-05-03,Between Smith’s Rock & Moreton Island Queensland AUSTRALIA,Between Smith’s Rock & Moreton Island,Queensland,AUSTRALIA,-27.178901,153.3730896
5739,2020-05-03|Between Wynnum & St Helena Island Queensland AUSTRALIA,1.0286719535317115,-0.912443058692957,0.15269442562540061,0.21063454093246192,0.6540862585576936,0.4278288336340021,0.1888184387257598,2020-05-03,Between Wynnum & St Helena Island Queensland AUSTRALIA,Between Wynnum & St. Helena Island,Queensland,AUSTRALIA,-27.391666700000002,153.2327778
5740,2020-05-03|Bherwerre Beach New South Wales AUSTRALIA,0.5972803107827397,-0.550280983389794,0.133967983720962,0.16478001415308596,0.36930524468474885,0.13638636375166222,0.11134972088451862,2020-05-03,Bherwerre Beach New South Wales AUSTRALIA,Bherwerre Beach,New South Wales,AUSTRALIA,-35.163734600000005,150.6497392
5741,2020-05-03|Bilgola Beach Sydney New South Wales AUSTRALIA,0.6266426341286938,-0.5584203225390622,0.14441849562808157,0.17386454203690557,0.3800373781164308,0.14442840876561097,0.11458558086569301,2020-05-03,Bilgola Beach Sydney New South Wales AUSTRALIA,Bilgola Beach,New South Wales,AUSTRALIA,-33.6444858,151.3275826
5742,2020-05-03|Binalong Bay Tasmania AUSTRALIA,0.4870953161618015,-0.49238481514966254,0.11807118647633082,0.14488128827171443,0.3175209971966639,0.10081958366076382,0.09573618279643845,2020-05-03,Binalong Bay Tasmania AUSTRALIA,Binalong Bay,Tasmania,AUSTRALIA,-41.249126399999994,148.2928957
5743,2020-05-03|Binningup Western Australia AUSTRALIA,0.16884748646417838,-0.23501710729487216,0.006289319165209711,0.05201710862330705,0.13449703179454983,0.018089451561544147,0.0347269842836414,2020-05-03,Binningup Western Australia AUSTRALIA,Binningup,Western Australia,AUSTRALIA,-33.135769399999994,115.72061599999999
5744,2020-05-03|Birubi Point New South Wales AUSTRALIA,0.641845304946532,-0.5636144799444702,0.14592476319300138,0.1730954275068873,0.3857476362400297,0.1488012388647703,0.11630728847042542,2020-05-03,Birubi Point New South Wales AUSTRALIA,Birubi Point,New South Wales,AUSTRALIA,-32.7884091,152.08031430000003
5745,2020-05-03|Black Head south of Taree New South Wales AUSTRALIA,0.6634840874023948,-0.566880998367932,0.15263477333426634,0.17502287467198577,0.3919954697058418,0.15366044826990355,0.11819108113940037,2020-05-03,Black Head south of Taree New South Wales AUSTRALIA,Black Head,New South Wales,AUSTRALIA,-31.8894897,152.4444453
5746,2020-05-03|Black Point Eyre Peninsula South Australia AUSTRALIA,0.3401149946820947,-0.541504687203736,-0.0051090347341457695,0.01252689088297943,0.31366926213776325,0.09838840601004883,0.094574840979872,2020-05-03,Black Point Eyre Peninsula South Australia AUSTRALIA,Black Point,South Australia,AUSTRALIA,-34.6106775,137.8773175
5747,2020-05-03|Black Point South Australia AUSTRALIA,0.3401149946820947,-0.541504687203736,-0.0051090347341457695,0.01252689088297943,0.31366926213776325,0.09838840601004883,0.094574840979872,2020-05-03,Black Point South Australia AUSTRALIA,Black Point,South Australia,AUSTRALIA,-34.6106775,137.8773175
5748,2020-05-03|Black’s Beach 9 miles north of Mackay Queensland AUSTRALIA,2.1928546992094478,-2.0474650252111544,0.21873058339627985,0.48087604867527634,1.5119769117837114,2.2860741817670087,0.41934694482722035,2020-05-03,Black’s Beach 9 miles north of Mackay Queensland AUSTRALIA,Black’s Beach,Queensland,AUSTRALIA,-21.062778,149.1875
5749,2020-05-03|Blairgowrie Victoria AUSTRALIA,0.7386154037318993,-0.8021226222043346,0.07915080502037816,0.13235576257339038,0.46292744916185485,0.2143018231875017,0.12839297344406284,2020-05-03,Blairgowrie Victoria AUSTRALIA,Blairgowrie,Victoria,AUSTRALIA,-38.36,144.769
5750,2020-05-03|Blue Bay New South Wales AUSTRALIA,0.6330384693987504,-0.560747515295698,0.14539301564648965,0.17327153626403502,0.3824235398207266,0.14624776380901486,0.1153050356895352,2020-05-03,Blue Bay New South Wales AUSTRALIA,Blue Bay,New South Wales,AUSTRALIA,-33.353,151.501
5751,2020-05-03|Boarding School Bay Victoria AUSTRALIA,0.49772721148496896,-0.5644112288442829,0.01596347149150583,-0.04212912926197383,0.3436095061248089,0.11806749269933509,0.09530013023614278,2020-05-03,Boarding School Bay Victoria AUSTRALIA,Boarding School Bay,Victoria,AUSTRALIA,-37.471307700000004,144.7851531
5752,2020-05-03|Boat Harbour north of Cronulla New South Wales AUSTRALIA,0.6422519381456957,-0.563685910510189,0.14585630370933636,0.17275289441208014,0.3858362992979661,0.14886964985594967,0.11633402138823819,2020-05-03,Boat Harbour north of Cronulla New South Wales AUSTRALIA,Boat Harbour,New South Wales,AUSTRALIA,-32.7844827,152.110421
5753,2020-05-03|Bombo Beach New South Wales AUSTRALIA,0.6112789783572606,-0.5524937261239972,0.1394129312338089,0.169833849804866,0.3738099886439931,0.13973390761002227,0.11270795229264892,2020-05-03,Bombo Beach New South Wales AUSTRALIA,Bombo Beach,New South Wales,AUSTRALIA,-34.656041200000004,150.8556659
5754,2020-05-03|Bondi Beach New South Wales AUSTRALIA,0.622191432563805,-0.5563975661566288,0.14235547304102372,0.17170964605294142,0.3780505999253564,0.1429222561039219,0.11398654470192439,2020-05-03,Bondi Beach New South Wales AUSTRALIA,Bondi Beach,New South Wales,AUSTRALIA,-33.8914755,151.2766845
5755,2020-05-03|Bondi Beach Sydney New South Wales AUSTRALIA,0.6221732867613821,-0.5564023162678882,0.14234465161201867,0.171703257946488,0.3780473077883111,0.14291976692599,0.11398555208525732,2020-05-03,Bondi Beach Sydney New South Wales AUSTRALIA,Bondi Beach,New South Wales,AUSTRALIA,-33.8914755,151.2766845
5756,2020-05-03|Bondi New South Wales AUSTRALIA,0.6221732867613821,-0.5564023162678882,0.14234465161201867,0.171703257946488,0.3780473077883111,0.14291976692599,0.11398555208525732,2020-05-03,Bondi New South Wales AUSTRALIA,Bondi,New South Wales,AUSTRALIA,-33.89195,151.26099
5757,2020-05-03|Bondi Sydney New South Wales AUSTRALIA,0.6221732867613821,-0.5564023162678882,0.14234465161201867,0.171703257946488,0.3780473077883111,0.14291976692599,0.11398555208525732,2020-05-03,Bondi Sydney New South Wales AUSTRALIA,Bondi,New South Wales,AUSTRALIA,-33.89195,151.26099
5758,2020-05-03|Boot Reef Torres Strait Queensland AUSTRALIA,0.9689738261184806,-1.3920387572557575,0.13396568963748326,0.2994686393027925,0.7915869788423147,0.6266099450727032,0.23867245434099602,2020-05-03,Boot Reef Torres Strait Queensland AUSTRALIA,Boot Reef,Queensland,AUSTRALIA,-10.2199025,141.93685449999998
5759,2020-05-03|Booti Booti National Park New South Wales AUSTRALIA,0.6559713634828633,-0.5664782058842646,0.15131964469011117,0.17426605515804464,0.3899713786149426,0.1520776761388389,0.11758079471303547,2020-05-03,Booti Booti National Park New South Wales AUSTRALIA,Booti Booti National Park,New South Wales,AUSTRALIA,-32.312709600000005,152.5179343
5760,2020-05-03|Botany Bay New South Wales AUSTRALIA,0.6183825145406752,-0.5555431319160894,0.14042667631570466,0.17001292455271905,0.3767701579785484,0.14195575194318033,0.11360047692888854,2020-05-03,Botany Bay New South Wales AUSTRALIA,Botany Bay,New South Wales,AUSTRALIA,-33.9930374,151.175278
5761,2020-05-03|Botany Bay Sydney New South Wales AUSTRALIA,0.6184005875224096,-0.5555383632963302,0.14043747172343596,0.17001927412404938,0.37677341722302293,0.14195820792591413,0.11360145962807237,2020-05-03,Botany Bay Sydney New South Wales AUSTRALIA,Botany Bay,New South Wales,AUSTRALIA,-33.9930374,151.175278
5762,2020-05-03|Botany Bay? New South Wales AUSTRALIA,0.6184005875224096,-0.5555383632963302,0.14043747172343596,0.17001927412404938,0.37677341722302293,0.14195820792591413,0.11360145962807237,2020-05-03,Botany Bay? New South Wales AUSTRALIA,Botany Bay?,New South Wales,AUSTRALIA,-33.9930374,151.175278
5763,2020-05-03|Bowen Queensland AUSTRALIA,1.277926403749469,-1.055470225707086,0.16364164118948252,0.21380090112898217,0.8003418749222634,0.6405471167540838,0.22197489753332364,2020-05-03,Bowen Queensland AUSTRALIA,Bowen,Queensland,AUSTRALIA,-20.012102399999996,148.24627900000002
5764,2020-05-03|Boyup Brook Western Australia AUSTRALIA,0.1734279483495728,-0.24278810024605538,0.004777111771104627,0.05335772326914906,0.13895349722417133,0.019308074390827788,0.03587763870976627,2020-05-03,Boyup Brook Western Australia AUSTRALIA,Boyup Brook,Western Australia,AUSTRALIA,-33.829471500000004,116.3841139
5765,2020-05-03|Bradleys Head Sydney New South Wales AUSTRALIA,0.6239255090073046,-0.5573400897071586,0.1429371067551649,0.1717209796045723,0.378796100504497,0.14348648575741302,0.11421132158392458,2020-05-03,Bradleys Head Sydney New South Wales AUSTRALIA,Bradleys Head,New South Wales,AUSTRALIA,-33.843012,151.2441915
5766,2020-05-03|Bramble Reef Queensland AUSTRALIA,1.2791181956056676,-0.826471519252918,0.24775687149669692,0.2611589110375945,0.7173477254620677,0.5145877592256021,0.2162884772338685,2020-05-03,Bramble Reef Queensland AUSTRALIA,Bramble Reef,Queensland,AUSTRALIA,-18.4082815,146.70503100000002
5767,2020-05-03|Bribie Island Queensland AUSTRALIA,0.7883433387758345,-0.6535747695183318,0.13558133870224331,0.15741244675104263,0.46010480869215453,0.21169643498164414,0.13872681951546623,2020-05-03,Bribie Island Queensland AUSTRALIA,Bribie Island,Queensland,AUSTRALIA,-26.986100300000004,153.1325243
5768,2020-05-03|Bribie Passage Caloundra Queensland AUSTRALIA,0.753016484478772,-0.5917453523561862,0.15836513404787855,0.17900800532638883,0.4247938206736068,0.1804497900824804,0.1280801560396246,2020-05-03,Bribie Passage Caloundra Queensland AUSTRALIA,Bribie Passage,Queensland,AUSTRALIA,-26.804309999999997,153.128613
5769,2020-05-03|Brible Island Queensland AUSTRALIA,0.7883433387758345,-0.6535747695183318,0.13558133870224331,0.15741244675104263,0.46010480869215453,0.21169643498164414,0.13872681951546623,2020-05-03,Brible Island Queensland AUSTRALIA,Brible Island,Queensland,AUSTRALIA,-26.986100300000004,153.1325243
5770,2020-05-03|Bridport Tasmania AUSTRALIA,1.2316958997313412,-1.0970204680377593,0.20111666369215767,0.27289268794366994,0.8391335263768176,0.7041450750895932,0.2422369836698478,2020-05-03,Bridport Tasmania AUSTRALIA,Bridport,Tasmania,AUSTRALIA,-41.014520700000006,147.4070438
5771,2020-05-03|Brighton Beach Adelaide South Australia AUSTRALIA,0.276503662810553,-0.40994993059842133,0.029863486525723675,0.0950581955858761,0.24847819273745883,0.061741412266073735,0.0828260642458196,2020-05-03,Brighton Beach Adelaide South Australia AUSTRALIA,Brighton Beach,South Australia,AUSTRALIA,-35.0244116,138.51712980000002
5772,2020-05-03|Brighton Victoria AUSTRALIA,0.5007122731872773,-0.5690832949786984,0.01448024875591056,-0.04358461076785889,0.3460219672262648,0.1197312018031343,0.09596922655932445,2020-05-03,Brighton Victoria AUSTRALIA,Brighton,Victoria,AUSTRALIA,-37.9043383,144.9931825
5773,2020-05-03|Brisbane Queensland AUSTRALIA,1.0533446691563466,-0.7552732983472297,0.2612473981881679,0.3639486340689835,0.6082344754384627,0.3699491771119018,0.17558216906240362,2020-05-03,Brisbane Queensland AUSTRALIA,Brisbane,Queensland,AUSTRALIA,-27.469770699999998,153.0251235
5774,2020-05-03|Brisbane River Queensland AUSTRALIA,0.7484401312090784,-0.5854155650509246,0.15982702868179818,0.18053071983002336,0.42093583296913695,0.17718697547742115,0.1269169289794854,2020-05-03,Brisbane River Queensland AUSTRALIA,Brisbane River,Queensland,AUSTRALIA,-26.895106800000004,152.318608
5775,2020-05-03|Broken Head Beach New South Wales AUSTRALIA,0.7085125635090473,-0.5638478621025771,0.16231126773745305,0.17800673038013834,0.4017900967394129,0.16143528183786676,0.12114427230593011,2020-05-03,Broken Head Beach New South Wales AUSTRALIA,Broken Head Beach,New South Wales,AUSTRALIA,-28.701846399999997,153.6139946
5776,2020-05-03|Broken Head New South Wales AUSTRALIA,0.7081420784290103,-0.565374488712674,0.16149346637055476,0.17662683972487142,0.40221915054144997,0.16178024506228558,0.1212736368946785,2020-05-03,Broken Head New South Wales AUSTRALIA,Broken Head,New South Wales,AUSTRALIA,-28.7264578,153.5983166
5777,2020-05-03|Bronte Beach New South Wales AUSTRALIA,0.6221732867613821,-0.5564023162678882,0.14234465161201867,0.171703257946488,0.3780473077883111,0.14291976692599,0.11398555208525732,2020-05-03,Bronte Beach New South Wales AUSTRALIA,Bronte Beach,New South Wales,AUSTRALIA,-33.90532,151.26068999999998
5778,2020-05-03|Bronte New South Wales AUSTRALIA,0.6221732867613821,-0.5564023162678882,0.14234465161201867,0.171703257946488,0.3780473077883111,0.14291976692599,0.11398555208525732,2020-05-03,Bronte New South Wales AUSTRALIA,Bronte,New South Wales,AUSTRALIA,-33.90532,151.26068999999998
5779,2020-05-03|Broome Head New South Wales AUSTRALIA,0.6942008552676368,-0.5663461047776799,0.16229859620561893,0.18679059473569154,0.3998256513922759,0.15986055151125772,0.1205519697479653,2020-05-03,Broome Head New South Wales AUSTRALIA,Broome Head,New South Wales,AUSTRALIA,-29.6430001,153.30745190000002
5780,2020-05-03|Broome Western Australia AUSTRALIA,1.3018139345233115,-1.0315405607970223,0.14080686327097258,0.019686544797520036,0.7483640885857173,0.5600488090847314,0.2075588533932061,2020-05-03,Broome Western Australia AUSTRALIA,Broome,Western Australia,AUSTRALIA,-17.964429100000004,122.23036570000001
5781,2020-05-03|Broomfield Island Queensland AUSTRALIA,1.3385065585130786,-0.9836540755226071,0.3065170329884097,0.418224745899108,0.7891945742834814,0.6228280760784854,0.22782084995278007,2020-05-03,Broomfield Island Queensland AUSTRALIA,Broomfield Island,Queensland,AUSTRALIA,-26.9601877,149.0840869
5782,2020-05-03|Broomfield Reef Queensland AUSTRALIA,1.1399084862552902,-0.8642095618216754,0.23843901014427857,0.32967092475123116,0.6580605952182712,0.4330437469790254,0.18996573089617713,2020-05-03,Broomfield Reef Queensland AUSTRALIA,Broomfield Reef,Queensland,AUSTRALIA,-23.2670335,151.93534019999998
5783,2020-05-03|Broughton Island New South Wales AUSTRALIA,0.6448648036363486,-0.5643501338431535,0.147082842210556,0.1735217033564215,0.3867021614032992,0.14953856163398327,0.11659508863583612,2020-05-03,Broughton Island New South Wales AUSTRALIA,Broughton Island,New South Wales,AUSTRALIA,-32.6157855,152.31398269999997
5784,2020-05-03|Browns Inlet Broadwater Queensland AUSTRALIA,1.396925114879286,-1.1363317207986408,0.20416545916267098,0.2463070010526047,0.9744680740315753,0.9495880273068078,0.29381317924936395,2020-05-03,Browns Inlet Broadwater Queensland AUSTRALIA,Brown's Inlet,Queensland,AUSTRALIA,-20.9175738,142.7027956
5785,2020-05-03|Brunswick Heads New South Wales AUSTRALIA,0.7086119687779651,-0.5610615278081225,0.16388769095178266,0.1796717794105292,0.40073600772372764,0.1605893478863515,0.12082645250950619,2020-05-03,Brunswick Heads New South Wales AUSTRALIA,Brunswick Heads,New South Wales,AUSTRALIA,-28.5557919,153.54363940000002
5786,2020-05-03|Buddina Beach south of Noosa Queensland AUSTRALIA,0.7510470532282395,-0.5858318967687398,0.1614563418093948,0.1818534653421289,0.42152686535893513,0.1776848982193298,0.12709513195002248,2020-05-03,Buddina Beach south of Noosa Queensland AUSTRALIA,Buddina Beach,Queensland,AUSTRALIA,-26.3864103,153.0923901
5787,2020-05-03|Bullcock Beach Queensland AUSTRALIA,0.753016484478772,-0.5917453523561862,0.15836513404787855,0.17900800532638883,0.4247938206736068,0.1804497900824804,0.1280801560396246,2020-05-03,Bullcock Beach Queensland AUSTRALIA,Bullcock Beach,Queensland,AUSTRALIA,-26.806945199999998,153.131696
5788,2020-05-03|Bunbury Western Australia AUSTRALIA,0.17276438836173547,-0.23966014343099404,0.0057102252002896835,0.05336625167928277,0.1375628495580761,0.018923537578537875,0.035518575026351,2020-05-03,Bunbury Western Australia AUSTRALIA,Bunbury,Western Australia,AUSTRALIA,-33.3209971,115.63834820000001
5789,2020-05-03|Bundegi Sanctuary Zone Ningaloo Western Australia AUSTRALIA,0.23641176591171728,-0.26227665207142464,0.03561389849390837,0.050678582234989625,0.15232037861524902,0.023201497741492813,0.042246071953489915,2020-05-03,Bundegi Sanctuary Zone Ningaloo Western Australia AUSTRALIA,Bundegi Sanctuary Zone,Western Australia,AUSTRALIA,-22.6799051,113.69804909999999
5790,2020-05-03|Bunker Bay Western Australia AUSTRALIA,0.16381440978387865,-0.23825693328137937,0.015180760335528535,0.05392450432630707,0.12475540290239379,0.015563910553338603,0.033342283914978635,2020-05-03,Bunker Bay Western Australia AUSTRALIA,Bunker Bay,Western Australia,AUSTRALIA,-33.5426804,115.0391851
5791,2020-05-03|Burleigh Heads Brisbane Queensland AUSTRALIA,0.7210096044809022,-0.5679252431293699,0.16592547849118283,0.17816826649980844,0.40619069259395335,0.1649908787499555,0.12247110187897593,2020-05-03,Burleigh Heads Brisbane Queensland AUSTRALIA,Burleigh Heads,Queensland,AUSTRALIA,-28.104,153.436
5792,2020-05-03|Burleigh Lake on the Gold Coast Queensland AUSTRALIA,0.7221487229013461,-0.5682964990492679,0.1653946637231053,0.17717608325292808,0.40660236311020015,0.16532548168679906,0.12259522520985253,2020-05-03,Burleigh Lake on the Gold Coast Queensland AUSTRALIA,Burleigh Lake on the Gold Coast,Queensland,AUSTRALIA,-28.087777799999998,153.4408333
5793,2020-05-03|Burnett River Queensland AUSTRALIA,1.1082202471562532,-0.9714791155601816,0.19339288933598342,0.2638733851796846,0.7019456647334018,0.49272771623801737,0.20263425924516018,2020-05-03,Burnett River Queensland AUSTRALIA,Burnett River,Queensland,AUSTRALIA,-25.3273915,151.813121
5794,2020-05-03|Burns Beach Perth Western Australia AUSTRALIA,0.1472392037828608,-0.20670402476489036,0.008031262470853829,0.04057948088439339,0.10683219186704226,0.011413117219116533,0.029629918895909838,2020-05-03,Burns Beach Perth Western Australia AUSTRALIA,Burns Beach,Western Australia,AUSTRALIA,-31.724687199999998,115.7248959
5795,2020-05-03|Bushrangers Pass at Bass Point New South Wales AUSTRALIA,0.6112972310727487,-0.5524888031115733,0.13942383757513713,0.16984016195416948,0.3738132482454201,0.13973634456379208,0.11270893509945795,2020-05-03,Bushrangers Pass at Bass Point New South Wales AUSTRALIA,Bushrangers Pass at Bass Point,New South Wales,AUSTRALIA,-34.5973075,150.8997956
5796,2020-05-03|Bushy Ilet Queensland AUSTRALIA,1.9301979017070603,-1.7271500665256838,0.25757409492240996,0.36900713806592605,1.2668436678970503,1.6048928788908519,0.3657062663407674,2020-05-03,Bushy Ilet Queensland AUSTRALIA,Bushy Ilet,Queensland,AUSTRALIA,-20.9539613,150.0725668
5797,2020-05-03|Busselton Western Australia AUSTRALIA,0.1709434176773872,-0.24517846934497292,0.0023587715710522224,0.05058071031047711,0.1389029685537373,0.01929403467304053,0.0358645922631598,2020-05-03,Busselton Western Australia AUSTRALIA,Busselton,Western Australia,AUSTRALIA,-33.653158399999995,115.3454892
5798,2020-05-03|Byron Bay New South Wales AUSTRALIA,0.7080841001189354,-0.5620649739844104,0.16288823156360058,0.17881800675249132,0.4010293665461033,0.1608245528323689,0.12091490352248443,2020-05-03,Byron Bay New South Wales AUSTRALIA,Byron Bay,New South Wales,AUSTRALIA,-28.647367100000004,153.601977
5799,2020-05-03|Cabbage Tree Creek Sandgate Queensland AUSTRALIA,0.9809043432341169,-0.86710377405134,0.14503548598350233,0.19971628244713083,0.6215471556232854,0.38632086666339666,0.17942520880657503,2020-05-03,Cabbage Tree Creek Sandgate Queensland AUSTRALIA,Cabbage Tree Creek,Queensland,AUSTRALIA,-27.357138199999998,153.00638469999998
5800,2020-05-03|Cabramatta Creek George’s River New South Wales AUSTRALIA,0.6166840387027347,-0.5549688605775679,0.13979889005501034,0.16922615411044678,0.3760807876411085,0.14143675883275658,0.11339262395153502,2020-05-03,Cabramatta Creek George’s River New South Wales AUSTRALIA,Cabramatta Creek,New South Wales,AUSTRALIA,-33.9224412,150.9010938
5801,2020-05-03|Cactus Beach South Australia AUSTRALIA,0.4723270937089884,-0.37247422061215324,0.05067602766979141,0.06188731426482425,0.257078401593344,0.06608930456578864,0.07421214218137794,2020-05-03,Cactus Beach South Australia AUSTRALIA,Cactus Beach,South Australia,AUSTRALIA,-32.083500300000004,132.982204
5802,2020-05-03|Cactus Beach near Ceduna South Australia AUSTRALIA,0.4723270937089884,-0.37247422061215324,0.05067602766979141,0.06188731426482425,0.257078401593344,0.06608930456578864,0.07421214218137794,2020-05-03,Cactus Beach near Ceduna South Australia AUSTRALIA,Cactus Beach,South Australia,AUSTRALIA,-32.083500300000004,132.982204
5803,2020-05-03|Cactus Beach near Penong South Australia AUSTRALIA,0.4723270937089884,-0.37247422061215324,0.05067602766979141,0.06188731426482425,0.257078401593344,0.06608930456578864,0.07421214218137794,2020-05-03,Cactus Beach near Penong South Australia AUSTRALIA,Cactus Beach near Penong,South Australia,AUSTRALIA,-32.083500300000004,132.982204
5804,2020-05-03|Cairns Aquarium Queensland AUSTRALIA,1.1114890595135587,-0.6711086319960959,0.22363821147165105,0.2687859819851112,0.5989396985089089,0.35872876244994273,0.1805871138184215,2020-05-03,Cairns Aquarium Queensland AUSTRALIA,Cairns Aquarium,Queensland,AUSTRALIA,-16.9184171,145.7738313
5805,2020-05-03|Calliope River Queensland AUSTRALIA,1.3641717415971875,-1.0079567770670705,0.30713792586809535,0.41831590068034846,0.8037361487264526,0.6459917967696303,0.23201864091232527,2020-05-03,Calliope River Queensland AUSTRALIA,Calliope River,Queensland,AUSTRALIA,-23.9815319,151.0075239
5806,2020-05-03|Caloundra Heads Queensland AUSTRALIA,0.753016484478772,-0.5917453523561862,0.15836513404787855,0.17900800532638883,0.4247938206736068,0.1804497900824804,0.1280801560396246,2020-05-03,Caloundra Heads Queensland AUSTRALIA,Caloundra Heads,Queensland,AUSTRALIA,-26.799,153.13299999999998
5807,2020-05-03|Caloundra Queensland AUSTRALIA,0.753016484478772,-0.5917453523561862,0.15836513404787855,0.17900800532638883,0.4247938206736068,0.1804497900824804,0.1280801560396246,2020-05-03,Caloundra Queensland AUSTRALIA,Caloundra,Queensland,AUSTRALIA,-26.799,153.13299999999998
5808,2020-05-03|Canadian Bay near Mount Eliza Victoria AUSTRALIA,0.5019340025036697,-0.5798874766144246,0.0075882393413943625,-0.04430124050934475,0.34993096453451095,0.12245167994005314,0.09705338734628846,2020-05-03,Canadian Bay near Mount Eliza Victoria AUSTRALIA,Canadian Bay near Mount Eliza,Victoria,AUSTRALIA,-38.191611,145.09546559999998
5809,2020-05-03|Cape Douglas South Australia AUSTRALIA,0.21638046403557237,-0.19942555184310845,-0.00950601410711166,-0.04138840837344236,0.1272694268876656,0.016197507020314857,0.0318173567219164,2020-05-03,Cape Douglas South Australia AUSTRALIA,Cape Douglas,South Australia,AUSTRALIA,-38.0146455,140.5819172
5810,2020-05-03|Cape Elizabeth South Australia AUSTRALIA,0.31580881878694916,-0.41744601241592266,-0.02156452579223156,0.057286749882206806,0.2148847891945512,0.046175472627186714,0.06203189544311506,2020-05-03,Cape Elizabeth South Australia AUSTRALIA,Cape Elizabeth,South Australia,AUSTRALIA,-34.1333333,137.45
5811,2020-05-03|Cape Howe New South Wales AUSTRALIA,0.5685538812479953,-0.5481864521305907,0.12310073270955585,0.13944737313857378,0.3592021560844333,0.12902618893570555,0.1083035250562492,2020-05-03,Cape Howe New South Wales AUSTRALIA,Cape Howe,New South Wales,AUSTRALIA,-37.5021775,149.9781828
5812,2020-05-03|Cape Jervis South Australia AUSTRALIA,0.14843927881355715,-0.2927594913011115,-0.03509452868946295,0.006692010903112736,0.15872631465412307,0.025194042963679688,0.0458203402465176,2020-05-03,Cape Jervis South Australia AUSTRALIA,Cape Jervis,South Australia,AUSTRALIA,-35.6061701,138.11540459999998
5813,2020-05-03|Cape Levêque Western Australia AUSTRALIA,1.1989835958549748,-0.992130075530786,0.13811439233490022,0.059413724185730044,0.73179828185679,0.5355287253285498,0.20296432527162347,2020-05-03,Cape Levêque Western Australia AUSTRALIA,Cape Levêque,Western Australia,AUSTRALIA,-16.4,122.93333329999999
5814,2020-05-03|Cape Moreton Queensland AUSTRALIA,0.7360398117999537,-0.5659198965298088,0.1633472185880548,0.17858710417249485,0.4099832489172781,0.1680862643927668,0.12361460063540848,2020-05-03,Cape Moreton Queensland AUSTRALIA,Cape Moreton,Queensland,AUSTRALIA,-27.0333333,153.4666667
5815,2020-05-03|Cape Nelson Victoria AUSTRALIA,0.20236597739179712,-0.1873286765021104,-0.0016092103028516214,-0.028079943137231927,0.12287701437173099,0.015098760660910584,0.0317267086862269,2020-05-03,Cape Nelson Victoria AUSTRALIA,Cape Nelson,Victoria,AUSTRALIA,-38.384739399999994,141.565049
5816,2020-05-03|Cape Pillar Storm Bay Tasmania AUSTRALIA,0.3770279874947582,-0.4884414714609355,0.02010833683467528,0.10220965118842693,0.2852455126826659,0.08136500250559692,0.082343286766235,2020-05-03,Cape Pillar Storm Bay Tasmania AUSTRALIA,Cape Pillar,Tasmania,AUSTRALIA,-43.17,147.44
5817,2020-05-03|Carnac Island Western Australia AUSTRALIA,0.14859774309694035,-0.20673080053736909,0.00855372338647897,0.041415144674919226,0.10670173306160513,0.011385259838350039,0.029593736133422192,2020-05-03,Carnac Island Western Australia AUSTRALIA,Carnac Island,Western Australia,AUSTRALIA,-32.12095789999999,115.66209009999999
5818,2020-05-03|Carnarvon Western Australia AUSTRALIA,0.2742337746022753,-0.32933147127954593,0.04539182432267731,0.07392809906393046,0.1817540056662066,0.033034518575711457,0.04857580127690819,2020-05-03,Carnarvon Western Australia AUSTRALIA,Carnarvon,Western Australia,AUSTRALIA,-24.8877473,113.6621827
5819,2020-05-03|Carrara Nerang River Queensland AUSTRALIA,0.7232789230502402,-0.5686991858301277,0.1649524963366735,0.1761811098114474,0.4070139706213282,0.16566037228093944,0.12271932954397105,2020-05-03,Carrara Nerang River Queensland AUSTRALIA,Carrara,Queensland,AUSTRALIA,-28.0211196,153.3618544
5820,2020-05-03|Carrickalinga Head South Australia AUSTRALIA,0.2409251731490042,-0.3621349027603982,0.018330679916645633,0.047093827389184925,0.2184088870787157,0.04770244195496319,0.0728029623595719,2020-05-03,Carrickalinga Head South Australia AUSTRALIA,Carrickalinga Head,South Australia,AUSTRALIA,-35.428351899999996,138.3308642
5821,2020-05-03|Carrum Victoria AUSTRALIA,0.5035765590452295,-0.5784009937753376,0.00980822185093327,-0.04422852145153359,0.3499635810963976,0.12247450809381483,0.09706243355292782,2020-05-03,Carrum Victoria AUSTRALIA,Carrum,Victoria,AUSTRALIA,-38.076,145.122
5822,2020-05-03|Castle Rock north of Dunsborough Western Australia AUSTRALIA,0.16381440978387865,-0.23825693328137937,0.015180760335528535,0.05392450432630707,0.12475540290239379,0.015563910553338603,0.033342283914978635,2020-05-03,Castle Rock north of Dunsborough Western Australia AUSTRALIA,Castle Rock,Western Australia,AUSTRALIA,-33.583762899999996,115.09000060000001
5823,2020-05-03|Cathedral Rock Victoria AUSTRALIA,0.2619128280770075,-0.304338778165986,0.02124218032795646,0.03581121842502676,0.17770848250129864,0.031580304752914366,0.04928746505717903,2020-05-03,Cathedral Rock Victoria AUSTRALIA,Cathedral Rock,Victoria,AUSTRALIA,-31.434438800000002,120.85630420000001
5824,2020-05-03|Catseye Beach Hamilton Island Whitsundays Queensland AUSTRALIA,1.756486186156396,-1.5198348190231323,0.15705483079193747,0.18109617702247502,1.1082174156317026,1.22814584030941,0.31991481161779745,2020-05-03,Catseye Beach Hamilton Island Whitsundays Queensland AUSTRALIA,Catseye Beach,Queensland,AUSTRALIA,-20.3464395,148.9574515
5825,2020-05-03|Cave at Shell Harbour New South Wales AUSTRALIA,0.6112789783572606,-0.5524937261239972,0.1394129312338089,0.169833849804866,0.3738099886439931,0.13973390761002227,0.11270795229264892,2020-05-03,Cave at Shell Harbour New South Wales AUSTRALIA,Cave at Shell Harbour,New South Wales,AUSTRALIA,-34.64434779999999,150.8558397
5826,2020-05-03|Caves Beach New South Wales AUSTRALIA,0.6384599544480509,-0.5620061953162229,0.14657923857479502,0.17414413373033164,0.38430453175992957,0.1476899731312187,0.11587217609826422,2020-05-03,Caves Beach New South Wales AUSTRALIA,Caves Beach,New South Wales,AUSTRALIA,-33.1063425,151.6450391
5827,2020-05-03|Ceduna South Australia AUSTRALIA,0.4943030784328734,-0.41336752521436687,0.039078242423382314,0.0450293816490678,0.27576595298053236,0.07604686082326119,0.07960677359332202,2020-05-03,Ceduna South Australia AUSTRALIA,Ceduna,South Australia,AUSTRALIA,-32.130585100000005,133.6817145
5828,2020-05-03|Cellito Beach New South Wales AUSTRALIA,0.6531821168455193,-0.5657678755020682,0.15027578314464632,0.17369538456998349,0.38904126516090287,0.15135310599799595,0.11730035495489809,2020-05-03,Cellito Beach New South Wales AUSTRALIA,Cellito Beach,New South Wales,AUSTRALIA,-32.3789104,152.529459
5829,2020-05-03|Charles Street Wharf Parramatta River New South Wales AUSTRALIA,0.6239255090073046,-0.5573400897071586,0.1429371067551649,0.1717209796045723,0.378796100504497,0.14348648575741302,0.11421132158392458,2020-05-03,Charles Street Wharf Parramatta River New South Wales AUSTRALIA,Charles Street Wharf,New South Wales,AUSTRALIA,-33.834442700000004,151.0923358
5830,2020-05-03|Cheviot Beach Portsea Port Phillip Bay Victoria AUSTRALIA,0.657026590507778,-0.7145652330853601,0.05589472335217385,0.07603243381688289,0.4142956304243776,0.17164086938873246,0.11490493374582864,2020-05-03,Cheviot Beach Portsea Port Phillip Bay Victoria AUSTRALIA,Cheviot Beach,Victoria,AUSTRALIA,-38.3136027,144.66766669999998
5831,2020-05-03|Cheynes Beach Western Australia AUSTRALIA,0.2314748639814621,-0.29227764845241266,0.017445945071048654,0.03128109862272171,0.16583752758833364,0.027502085556611322,0.04599505454737776,2020-05-03,Cheynes Beach Western Australia AUSTRALIA,Cheynes Beach,Western Australia,AUSTRALIA,-34.88414,118.404629
5832,2020-05-03|Chimney Point George’s Bay Tasmania AUSTRALIA,0.4870953161618015,-0.49238481514966254,0.11807118647633082,0.14488128827171443,0.3175209971966639,0.10081958366076382,0.09573618279643845,2020-05-03,Chimney Point George’s Bay Tasmania AUSTRALIA,Chimney Point,Tasmania,AUSTRALIA,-41.31,148.29
5833,2020-05-03|Chowder Bay Sydney New South Wales AUSTRALIA,0.6239255090073046,-0.5573400897071586,0.1429371067551649,0.1717209796045723,0.378796100504497,0.14348648575741302,0.11421132158392458,2020-05-03,Chowder Bay Sydney New South Wales AUSTRALIA,Chowder Bay,New South Wales,AUSTRALIA,-33.833420600000004,151.25995830000002
5834,2020-05-03|Cid Harbor Whitsundays Queensland AUSTRALIA,1.5557126797572067,-1.1492989234107496,0.2917442282545504,0.38216527736362815,0.8970099329950361,0.8046268198917591,0.2589444631402261,2020-05-03,Cid Harbor Whitsundays Queensland AUSTRALIA,Cid Harbor,Queensland,AUSTRALIA,-20.25,148.93333330000002
5835,2020-05-03|City Beach Perth Western Australia AUSTRALIA,0.14880680851111874,-0.20772403534277573,0.008172630368423613,0.04157556600814597,0.10744574286203994,0.011544587659175607,0.029800087324569534,2020-05-03,City Beach Perth Western Australia AUSTRALIA,City Beach,Western Australia,AUSTRALIA,-31.9339651,115.76420859999999
5836,2020-05-03|Clairview Queensland AUSTRALIA,3.435937014966872,-3.6477969245767095,0.6800656974875671,1.0730228636497876,2.5569159264679153,6.537819055025278,0.7091608830715831,2020-05-03,Clairview Queensland AUSTRALIA,Clairview,Queensland,AUSTRALIA,-22.0422664,149.4835735
5837,2020-05-03|Clarence Head New South Wales AUSTRALIA,0.7020450121763114,-0.5719543962161223,0.16281090839041942,0.18455158300221705,0.40365091964682925,0.162934064931731,0.12170533152276632,2020-05-03,Clarence Head New South Wales AUSTRALIA,Clarence Head,New South Wales,AUSTRALIA,-29.431929999999998,153.36539969999998
5838,2020-05-03|Clarence Heads New South Wales AUSTRALIA,0.6161284277534932,-0.554926002134404,0.13978248254324835,0.16908482323926566,0.37588126653200515,0.14128672652970428,0.11333246607365761,2020-05-03,Clarence Heads New South Wales AUSTRALIA,Clarence Heads,New South Wales,AUSTRALIA,-33.482099100000006,150.22437649999998
5839,2020-05-03|Clarence River New South Wales AUSTRALIA,0.7020691749558265,-0.5719526910503648,0.16281818930918365,0.18455485418117276,0.40365767178642037,0.16293951599203346,0.1217073673694532,2020-05-03,Clarence River New South Wales AUSTRALIA,Clarence River,New South Wales,AUSTRALIA,-29.4612304,153.14638190000002
5840,2020-05-03|Clark Island Sydney Harbour New South Wales AUSTRALIA,0.6221732867613821,-0.5564023162678882,0.14234465161201867,0.171703257946488,0.3780473077883111,0.14291976692599,0.11398555208525732,2020-05-03,Clark Island Sydney Harbour New South Wales AUSTRALIA,Clark Island,New South Wales,AUSTRALIA,-33.8626215,151.241028
5841,2020-05-03|Clarkes Beach Byron Bay New South Wales AUSTRALIA,0.7080841001189354,-0.5620649739844104,0.16288823156360058,0.17881800675249132,0.4010293665461033,0.1608245528323689,0.12091490352248443,2020-05-03,Clarkes Beach Byron Bay New South Wales AUSTRALIA,Clarkes Beach,New South Wales,AUSTRALIA,-28.6396907,153.6272755
5842,2020-05-03|Clarks Beach Byron Bay New South Wales AUSTRALIA,0.7080841001189354,-0.5620649739844104,0.16288823156360058,0.17881800675249132,0.4010293665461033,0.1608245528323689,0.12091490352248443,2020-05-03,Clarks Beach Byron Bay New South Wales AUSTRALIA,Clarks Beach,New South Wales,AUSTRALIA,-28.6396907,153.6272755
5843,2020-05-03|Clarks Island Sydney Harbor New South Wales AUSTRALIA,0.6221732867613821,-0.5564023162678882,0.14234465161201867,0.171703257946488,0.3780473077883111,0.14291976692599,0.11398555208525732,2020-05-03,Clarks Island Sydney Harbor New South Wales AUSTRALIA,Clark's Island,New South Wales,AUSTRALIA,-33.8626215,151.241028
5844,2020-05-03|Cleveland Queensland AUSTRALIA,1.0845160056490009,-0.8052133401071826,0.2487711264762118,0.3469218981562689,0.6375487873506519,0.4064684562522867,0.1840444819992092,2020-05-03,Cleveland Queensland AUSTRALIA,Cleveland,Queensland,AUSTRALIA,-27.533333000000002,153.26666699999998
5845,2020-05-03|Clifton Beach Tasmania AUSTRALIA,0.38683373806691507,-0.4270294379824589,0.08192496741587216,0.15207442538472016,0.2643674384757747,0.06989014252624254,0.08360032447678807,2020-05-03,Clifton Beach Tasmania AUSTRALIA,Clifton Beach,Tasmania,AUSTRALIA,-42.989444,147.52166699999998
5846,2020-05-03|Clifton Beach southwest of Hobart Tasmania AUSTRALIA,0.38683373806691507,-0.4270294379824589,0.08192496741587216,0.15207442538472016,0.2643674384757747,0.06989014252624254,0.08360032447678807,2020-05-03,Clifton Beach southwest of Hobart Tasmania AUSTRALIA,Clifton Beach,Tasmania,AUSTRALIA,-42.989444,147.52166699999998
5847,2020-05-03|Coalcliff New South Wales AUSTRALIA,0.6161284277534932,-0.554926002134404,0.13978248254324835,0.16908482323926566,0.37588126653200515,0.14128672652970428,0.11333246607365761,2020-05-03,Coalcliff New South Wales AUSTRALIA,Coalcliff,New South Wales,AUSTRALIA,-34.245726399999995,150.97291940000002
5848,2020-05-03|Cobblestones Margaret River Area Western Australia AUSTRALIA,0.16395595654595801,-0.2612379875582981,0.0028222415508200936,0.04767387037337478,0.1375320866811295,0.018915074866865722,0.03814453773464388,2020-05-03,Cobblestones Margaret River Area Western Australia AUSTRALIA,Cobblestones,Western Australia,AUSTRALIA,-33.9610465,115.0767388
5849,2020-05-03|Cockatoo Island Sydney New South Wales AUSTRALIA,0.6221732867613821,-0.5564023162678882,0.14234465161201867,0.171703257946488,0.3780473077883111,0.14291976692599,0.11398555208525732,2020-05-03,Cockatoo Island Sydney New South Wales AUSTRALIA,Cockatoo Island,New South Wales,AUSTRALIA,-33.84705579999999,151.1716362
5850,2020-05-03|Cockle Bay Sydney Harbour New South Wales AUSTRALIA,0.6221732867613821,-0.5564023162678882,0.14234465161201867,0.171703257946488,0.3780473077883111,0.14291976692599,0.11398555208525732,2020-05-03,Cockle Bay Sydney Harbour New South Wales AUSTRALIA,Cockle Bay,New South Wales,AUSTRALIA,-33.8661517,151.2005002
5851,2020-05-03|Coffee Head New South Wales AUSTRALIA,0.6221732867613821,-0.5564023162678882,0.14234465161201867,0.171703257946488,0.3780473077883111,0.14291976692599,0.11398555208525732,2020-05-03,Coffee Head New South Wales AUSTRALIA,Coffee Head,New South Wales,AUSTRALIA,-33.8594282,151.2777455
5852,2020-05-03|Coffin Bay South Australia AUSTRALIA,0.32802784909424726,-0.2949270123873944,0.017516577567566426,0.03342116844228293,0.19452577504068627,0.03784027715517969,0.05865172798754889,2020-05-03,Coffin Bay South Australia AUSTRALIA,Coffin Bay,South Australia,AUSTRALIA,-34.6235585,135.4654638
5853,2020-05-03|Coff’s Harbor New South Wales AUSTRALIA,0.6808350950857716,-0.5597752747649848,0.15904223652102067,0.18448068226749734,0.3940751179613318,0.1552951985962376,0.11881811868116196,2020-05-03,Coff’s Harbor New South Wales AUSTRALIA,Coff’s Harbor,New South Wales,AUSTRALIA,-30.298612,153.10939219999997
5854,2020-05-03|Coledale Beach New South Wales AUSTRALIA,0.6161284277534932,-0.554926002134404,0.13978248254324835,0.16908482323926566,0.37588126653200515,0.14128672652970428,0.11333246607365761,2020-05-03,Coledale Beach New South Wales AUSTRALIA,Coledale Beach,New South Wales,AUSTRALIA,-34.28763370000001,150.9490069
5855,2020-05-03|Collaroy New South Wales AUSTRALIA,0.6253097123314856,-0.5581497088370594,0.1431174514331527,0.17197518197523676,0.3794959546299338,0.14401717958048477,0.11442233554229332,2020-05-03,Collaroy New South Wales AUSTRALIA,Collaroy,New South Wales,AUSTRALIA,-33.73,151.3
5856,2020-05-03|Colledges Crossing Brisbane River Queensland AUSTRALIA,1.0533446691563466,-0.7552732983472297,0.2612473981881679,0.3639486340689835,0.6082344754384627,0.3699491771119018,0.17558216906240362,2020-05-03,Colledges Crossing Brisbane River Queensland AUSTRALIA,Colledge's Crossing,Queensland,AUSTRALIA,-27.5568063,152.80267419999998
5857,2020-05-03|College’s Crossing 54 miles above mouth of the Brisbane River Queensland AUSTRALIA,0.7484401312090784,-0.5854155650509246,0.15982702868179818,0.18053071983002336,0.42093583296913695,0.17718697547742115,0.1269169289794854,2020-05-03,College’s Crossing 54 miles above mouth of the Brisbane River Queensland AUSTRALIA,College’s Crossing,Queensland,AUSTRALIA,-26.895106800000004,152.318608
5858,2020-05-03|Collendina Beach east of Ocean Grove Victoria AUSTRALIA,0.7314720023021353,-0.7813296869307181,0.09395646021043737,0.15773258349935232,0.45274382271045993,0.20497696900248039,0.12556854364862624,2020-05-03,Collendina Beach east of Ocean Grove Victoria AUSTRALIA,Collendina Beach east of Ocean Grove,Victoria,AUSTRALIA,-38.271434,144.55914099999998
5859,2020-05-03|Collie River Western Australia AUSTRALIA,0.17276438836173547,-0.23966014343099404,0.0057102252002896835,0.05336625167928277,0.1375628495580761,0.018923537578537875,0.035518575026351,2020-05-03,Collie River Western Australia AUSTRALIA,Collie River,Western Australia,AUSTRALIA,-33.3057308,115.788155
5860,2020-05-03|Condon 88 km NE of Port Hedland Western Australia AUSTRALIA,0.9103252147336829,-0.8758272204441202,0.0900555424359247,0.10978537933108028,0.5835079494137593,0.3404815270290502,0.15594905922609342,2020-05-03,Condon 88 km NE of Port Hedland Western Australia AUSTRALIA,Condon,Western Australia,AUSTRALIA,-20.3068645,118.61767090000001
5861,2020-05-03|Cone Bay Western Australia AUSTRALIA,1.4516712465780748,-1.4049557971843007,0.15250970604707773,0.11878125416598731,0.9191969022279397,0.8449229450654405,0.25493935101773046,2020-05-03,Cone Bay Western Australia AUSTRALIA,Cone Bay,Western Australia,AUSTRALIA,-16.4683333,123.53527779999999
5862,2020-05-03|Conspicuous Beach near Walpole Western Australia AUSTRALIA,0.19540488290705238,-0.2705325787649969,0.008393787733267273,0.04329827590969379,0.14615814759490958,0.02136220410837537,0.04219222292908905,2020-05-03,Conspicuous Beach near Walpole Western Australia AUSTRALIA,Conspicuous Beach,Western Australia,AUSTRALIA,-35.0169764,116.861579
5863,2020-05-03|Coogee Bay near Sydney New South Wales AUSTRALIA,0.621085307720185,-0.5563675206384738,0.141540491891743,0.1708200376424152,0.3777379161108544,0.14268593326777085,0.11389226698458618,2020-05-03,Coogee Bay near Sydney New South Wales AUSTRALIA,Coogee Bay,New South Wales,AUSTRALIA,-33.9197737,151.249673
5864,2020-05-03|Coogee New South Wales AUSTRALIA,0.621085307720185,-0.5563675206384738,0.141540491891743,0.1708200376424152,0.3777379161108544,0.14268593326777085,0.11389226698458618,2020-05-03,Coogee New South Wales AUSTRALIA,Coogee,New South Wales,AUSTRALIA,-33.919000000000004,151.2555
5865,2020-05-03|Cook Island New South Wales AUSTRALIA,0.7171513787652312,-0.5655557349744347,0.1652241718021461,0.1780418104508121,0.4043591907167868,0.16350635511713474,0.12191888328539474,2020-05-03,Cook Island New South Wales AUSTRALIA,Cook Island,New South Wales,AUSTRALIA,-28.195873100000004,153.57802900000002
5866,2020-05-03|Cooks Hill Newcastle New South Wales AUSTRALIA,0.6410879669695656,-0.5631651223442584,0.14650094629402746,0.1741865019504091,0.38544930376360387,0.14857116577184695,0.11621733784432704,2020-05-03,Cooks Hill Newcastle New South Wales AUSTRALIA,Cooks Hill,New South Wales,AUSTRALIA,-32.9338,151.7696
5867,2020-05-03|Cooktown Queensland AUSTRALIA,1.0808722160463022,-0.6755318690180327,0.2028232566224853,0.24292484871272055,0.5891789683800603,0.3471318567813922,0.17764414295321168,2020-05-03,Cooktown Queensland AUSTRALIA,Cooktown,Queensland,AUSTRALIA,-15.4758164,145.2470981
5868,2020-05-03|Coolum Beach Queensland AUSTRALIA,0.7487994869178127,-0.5842513146359051,0.16100356338220187,0.1816213671858548,0.4204381216476986,0.17676821413464502,0.12676686336974696,2020-05-03,Coolum Beach Queensland AUSTRALIA,Coolum Beach,Queensland,AUSTRALIA,-26.527691700000002,153.0736329
5869,2020-05-03|Coopers Point Queensland AUSTRALIA,0.5627535598958795,-0.7027134894401782,0.1315406206054453,0.26801365919376546,0.4317779608821721,0.1864322075035665,0.13018595354462872,2020-05-03,Coopers Point Queensland AUSTRALIA,Cooper's Point,Queensland,AUSTRALIA,-27.4137404,140.0047273
5870,2020-05-03|Cooranbong New South Wales AUSTRALIA,0.6371607994440008,-0.561462063892048,0.14666574535445692,0.17429343527747038,0.3837620714144154,0.14727332745628285,0.11570861815010812,2020-05-03,Cooranbong New South Wales AUSTRALIA,Cooranbong,New South Wales,AUSTRALIA,-33.074,151.451
5871,2020-05-03|Coral Bay Western Australia AUSTRALIA,0.2356076249361843,-0.2625285483359676,0.03551888653058955,0.053130059549455225,0.15245122028801603,0.023241374567305188,0.04228236090426906,2020-05-03,Coral Bay Western Australia AUSTRALIA,Coral Bay,Western Australia,AUSTRALIA,-23.143670800000002,113.77153590000002
5872,2020-05-03|Corio Bay Port Phillip South Australia AUSTRALIA,0.5082899690967455,-0.5701932309973077,0.014479314427714919,-0.06288373924034726,0.3523092369230944,0.12412179842133307,0.09771300142660061,2020-05-03,Corio Bay Port Phillip South Australia AUSTRALIA,Corio Bay,South Australia,AUSTRALIA,-38.1166667,144.43333330000002
5873,2020-05-03|Cottesloe Beach Perth Western Australia AUSTRALIA,0.15015687131782784,-0.2088677676236413,0.008159279998730675,0.04257365028163371,0.10818568235680875,0.011704141867008322,0.030005309616041063,2020-05-03,Cottesloe Beach Perth Western Australia AUSTRALIA,Cottesloe Beach,Western Australia,AUSTRALIA,-32.0135412,115.76343659999999
5874,2020-05-03|Cottesloe Beach Western Australia AUSTRALIA,0.15015687131782784,-0.2088677676236413,0.008159279998730675,0.04257365028163371,0.10818568235680875,0.011704141867008322,0.030005309616041063,2020-05-03,Cottesloe Beach Western Australia AUSTRALIA,Cottesloe Beach,Western Australia,AUSTRALIA,-31.9938622,115.7510477
5875,2020-05-03|Cottesloe Perth Western Australia AUSTRALIA,0.15015687131782784,-0.2088677676236413,0.008159279998730675,0.04257365028163371,0.10818568235680875,0.011704141867008322,0.030005309616041063,2020-05-03,Cottesloe Perth Western Australia AUSTRALIA,Cottesloe,Western Australia,AUSTRALIA,-31.9896506,115.7630503
5876,2020-05-03|Cowaramup Bay Western Australia AUSTRALIA,0.16118460255574577,-0.25364161492223064,0.004017433540680972,0.04590009557995733,0.13418261984525992,0.018004975468537538,0.0372155627790905,2020-05-03,Cowaramup Bay Western Australia AUSTRALIA,Cowaramup Bay,Western Australia,AUSTRALIA,-33.8606025,114.9857991
5877,2020-05-03|Cowell South Australia AUSTRALIA,0.31406885371696713,-0.4663333915167271,-0.002638772792537511,0.06487822175153984,0.2515673328123273,0.06328612293830824,0.07955257565805662,2020-05-03,Cowell South Australia AUSTRALIA,Cowell,South Australia,AUSTRALIA,-33.683333000000005,136.916667
5878,2020-05-03|Cowes Victoria AUSTRALIA,0.4467012566031289,-0.5420797589745295,0.04090229375836691,0.11858904760609983,0.3222602419920398,0.10385166356876804,0.0971651188669754,2020-05-03,Cowes Victoria AUSTRALIA,Cowes,Victoria,AUSTRALIA,-38.451111,145.241944
5879,2020-05-03|Crescent Head New South Wales AUSTRALIA,0.6741568233471124,-0.5601799119331389,0.15794435997979653,0.18202612631292941,0.39236102397478007,0.15394717313453793,0.11830129989854409,2020-05-03,Crescent Head New South Wales AUSTRALIA,Crescent Head,New South Wales,AUSTRALIA,-31.1861501,152.9132368
5880,2020-05-03|Cronulla New South Wales AUSTRALIA,0.6175699989130122,-0.5553555246017364,0.1400304357532214,0.16946618353641693,0.3764626792981083,0.14172414890431034,0.11350776861852005,2020-05-03,Cronulla New South Wales AUSTRALIA,Cronulla,New South Wales,AUSTRALIA,-34.05744,151.15219
5881,2020-05-03|Cronulla near Sydney New South Wales AUSTRALIA,0.6175699989130122,-0.5553555246017364,0.1400304357532214,0.16946618353641693,0.3764626792981083,0.14172414890431034,0.11350776861852005,2020-05-03,Cronulla near Sydney New South Wales AUSTRALIA,Cronulla,New South Wales,AUSTRALIA,-34.05744,151.15219
5882,2020-05-03|Crookhaven New South Wales AUSTRALIA,0.6072666167166542,-0.5528744187494253,0.13783514991236612,0.16703223338053028,0.37268261736834596,0.13889233328852096,0.11236803706349019,2020-05-03,Crookhaven New South Wales AUSTRALIA,Crookhaven,New South Wales,AUSTRALIA,-34.9211517,150.7225905
5883,2020-05-03|Crowdy Head New South Wales AUSTRALIA,0.6665230911385537,-0.5672726058815571,0.1526635014569554,0.1746676903330178,0.3928727089579298,0.15434896544394222,0.11845557872581382,2020-05-03,Crowdy Head New South Wales AUSTRALIA,Crowdy Head,New South Wales,AUSTRALIA,-31.844324100000005,152.72650990000002
5884,2020-05-03|Cudgen Creek New South Wales AUSTRALIA,0.712784963751417,-0.5632063832433386,0.16369197381794579,0.17709061711571855,0.40242415822784816,0.16194520312539215,0.1213354490378532,2020-05-03,Cudgen Creek New South Wales AUSTRALIA,Cudgen Creek,New South Wales,AUSTRALIA,-28.2765787,153.5730286
5885,2020-05-03|Cull Island  Esperance Western Australia AUSTRALIA,0.2686155243326076,-0.306841014295688,0.0226441906571037,0.037014438062642575,0.1803269883261618,0.032517822718783694,0.050013707904613285,2020-05-03,Cull Island  Esperance Western Australia AUSTRALIA,Cull Island / Esperance,Western Australia,AUSTRALIA,-33.9221794,121.90321809999999
5886,2020-05-03|Curl Curl New South Wales AUSTRALIA,0.6239255090073046,-0.5573400897071586,0.1429371067551649,0.1717209796045723,0.378796100504497,0.14348648575741302,0.11421132158392458,2020-05-03,Curl Curl New South Wales AUSTRALIA,Curl Curl,New South Wales,AUSTRALIA,-33.77213,151.28992
5887,2020-05-03|Currumbin Queensland AUSTRALIA,0.7210096044809022,-0.5679252431293699,0.16592547849118283,0.17816826649980844,0.40619069259395335,0.1649908787499555,0.12247110187897593,2020-05-03,Currumbin Queensland AUSTRALIA,Currumbin,Queensland,AUSTRALIA,-28.136,153.483
5888,2020-05-03|Currumbin Rock Queensland AUSTRALIA,0.7210096044809022,-0.5679252431293699,0.16592547849118283,0.17816826649980844,0.40619069259395335,0.1649908787499555,0.12247110187897593,2020-05-03,Currumbin Rock Queensland AUSTRALIA,Currumbin Rock,Queensland,AUSTRALIA,-28.133333299999997,153.5
5889,2020-05-03|Dampiers Creek Broome Western Australia AUSTRALIA,1.3018139345233115,-1.0315405607970223,0.14080686327097258,0.019686544797520036,0.7483640885857173,0.5600488090847314,0.2075588533932061,2020-05-03,Dampiers Creek Broome Western Australia AUSTRALIA,Dampier's Creek,Western Australia,AUSTRALIA,-17.9420122,122.250175
5890,2020-05-03|Dangerous Reef South Australia AUSTRALIA,0.2777610534010867,-0.33728738382550794,-0.0076405740098249575,0.014957402594598884,0.18113473821043605,0.0328097933865632,0.052289094932693826,2020-05-03,Dangerous Reef South Australia AUSTRALIA,Dangerous Reef,South Australia,AUSTRALIA,-34.8166667,136.22916669999998
5891,2020-05-03|Dangerous Reef South Neptune Island South Australia AUSTRALIA,0.2777679776433354,-0.3372951167191466,-0.0076424092792083025,0.014956303044735487,0.18113955123898554,0.03281153702306106,0.05229048433435816,2020-05-03,Dangerous Reef South Neptune Island South Australia AUSTRALIA,Dangerous Reef,South Australia,AUSTRALIA,-34.8166667,136.22916669999998
5892,2020-05-03|Darling Harbor Sydney New South Wales AUSTRALIA,0.6221732867613821,-0.5564023162678882,0.14234465161201867,0.171703257946488,0.3780473077883111,0.14291976692599,0.11398555208525732,2020-05-03,Darling Harbor Sydney New South Wales AUSTRALIA,Darling Harbor,New South Wales,AUSTRALIA,-33.87488,151.2009
5893,2020-05-03|Dee Why north of Queenscliff New South Wales AUSTRALIA,0.6239255090073046,-0.5573400897071586,0.1429371067551649,0.1717209796045723,0.378796100504497,0.14348648575741302,0.11421132158392458,2020-05-03,Dee Why north of Queenscliff New South Wales AUSTRALIA,Dee Why,New South Wales,AUSTRALIA,-33.7544,151.2854
5894,2020-05-03|Denmark Western Australia AUSTRALIA,0.2066484939540122,-0.281303120628472,0.021382878244746314,0.047267620564725,0.15645575394659783,0.02447840294299836,0.04339301870737199,2020-05-03,Denmark Western Australia AUSTRALIA,Denmark,Western Australia,AUSTRALIA,-34.9617565,117.35065
5895,2020-05-03|Dent Island Whitsundays Queensland AUSTRALIA,1.756486186156396,-1.5198348190231323,0.15705483079193747,0.18109617702247502,1.1082174156317026,1.22814584030941,0.31991481161779745,2020-05-03,Dent Island Whitsundays Queensland AUSTRALIA,Dent Island,Queensland,AUSTRALIA,-20.3496288,148.93201430000002
5896,2020-05-03|Depth of 40 m on the wreck of the St Paul off Brisbane Queensland AUSTRALIA,1.5326135006265662,-1.3590475456066338,0.13050565973115338,0.24116528394721656,1.030790988181876,1.0625300613169684,0.28588998170584223,2020-05-03,Depth of 40 m on the wreck of the St Paul off Brisbane Queensland AUSTRALIA,Depth of 40 m on the wreck of the St. Paul off Brisbane,Queensland,AUSTRALIA,44.953702899999996,-93.0899578
5897,2020-05-03|Derwent Island Queensland AUSTRALIA,2.0270752009112485,-1.8605624530714122,0.20198508762330794,0.2763193738186469,1.3498015553215095,1.8219642387483659,0.3896541456587245,2020-05-03,Derwent Island Queensland AUSTRALIA,Derwent Island,Queensland,AUSTRALIA,-20.9866702,149.7855122
5898,2020-05-03|Derwent River Tasmania AUSTRALIA,0.15039857025452397,-0.20875914498722506,-0.013552852310936817,0.0009092896911254431,0.12726032347099056,0.016195189929941154,0.03401175209703379,2020-05-03,Derwent River Tasmania AUSTRALIA,Derwent River,Tasmania,AUSTRALIA,-42.133391100000004,146.22308940000002
5899,2020-05-03|Derwent River empties into the sea at Hobart Tasmania AUSTRALIA,0.15039857025452397,-0.20875914498722506,-0.013552852310936817,0.0009092896911254431,0.12726032347099056,0.016195189929941154,0.03401175209703379,2020-05-03,Derwent River empties into the sea at Hobart Tasmania AUSTRALIA,Derwent River (empties into the sea at Hobart),Tasmania,AUSTRALIA,-42.133391100000004,146.22308940000002
5900,2020-05-03|Dicky Beach Queensland AUSTRALIA,0.753016484478772,-0.5917453523561862,0.15836513404787855,0.17900800532638883,0.4247938206736068,0.1804497900824804,0.1280801560396246,2020-05-03,Dicky Beach Queensland AUSTRALIA,Dicky Beach,Queensland,AUSTRALIA,-26.783,153.13299999999998
5901,2020-05-03|Dingo Reef 80 nm off Townsville Queensland AUSTRALIA,1.1353557553082791,-0.7414359225242961,0.23330573689186918,0.3077744248652943,0.606485811326581,0.3678250393404612,0.17507737321454506,2020-05-03,Dingo Reef 80 nm off Townsville Queensland AUSTRALIA,Dingo Reef,Queensland,AUSTRALIA,-19.150384600000002,148.3894903
5902,2020-05-03|Direction Island Cocos Islands Western Australia AUSTRALIA,0.35718720527823505,-0.2404472169441402,0.05170478741992608,0.04151335431016836,0.19001311281367406,0.03610498304114203,0.0527001554815558,2020-05-03,Direction Island Cocos Islands Western Australia AUSTRALIA,Direction Island,Western Australia,AUSTRALIA,-12.188700599999999,96.8293902
5903,2020-05-03|Dobroyd Head Watson Bay Sydney New South Wales AUSTRALIA,0.6239255090073046,-0.5573400897071586,0.1429371067551649,0.1717209796045723,0.378796100504497,0.14348648575741302,0.11421132158392458,2020-05-03,Dobroyd Head Watson Bay Sydney New South Wales AUSTRALIA,Dobroyd Head,New South Wales,AUSTRALIA,-33.8115783,151.2731683
5904,2020-05-03|Dolphin Bay Innes National Park South Australia AUSTRALIA,0.23084986006181585,-0.24940291981156343,-0.017737875875793997,-0.010068712184897178,0.14591308294509156,0.02129062777454117,0.042121478858318406,2020-05-03,Dolphin Bay Innes National Park South Australia AUSTRALIA,Dolphin Bay,South Australia,AUSTRALIA,-35.2367081,136.897156
5905,2020-05-03|Double Island Beach Queensland AUSTRALIA,0.7620488105005622,-0.5956088135910665,0.1599861858595513,0.17770192769283802,0.427772477110928,0.1829892921736194,0.1289782547470765,2020-05-03,Double Island Beach Queensland AUSTRALIA,Double Island Beach,Queensland,AUSTRALIA,-25.9090307,153.0924523
5906,2020-05-03|Dover Heights Sydney New South Wales AUSTRALIA,0.6221732867613821,-0.5564023162678882,0.14234465161201867,0.171703257946488,0.3780473077883111,0.14291976692599,0.11398555208525732,2020-05-03,Dover Heights Sydney New South Wales AUSTRALIA,Dover Heights,New South Wales,AUSTRALIA,-33.87185,151.27837
5907,2020-05-03|Dugong Bay Westerm Australia AUSTRALIA,1.4940770936942656,-1.0894809766364388,0.2492133248607938,0.3851474448270448,0.8918209912006096,0.7953446803460378,0.25744654466931544,2020-05-03,Dugong Bay Westerm Australia AUSTRALIA,Dugong Bay,Western Australia,AUSTRALIA,-16.395,123.87222220000001
5908,2020-05-03|Duranbah Greenmount Beach Queensland AUSTRALIA,0.7171293303509475,-0.5655587309440744,0.1652135978127153,0.17803524320954187,0.40435412718128877,0.16350226016854186,0.12191735657199841,2020-05-03,Duranbah Greenmount Beach Queensland AUSTRALIA,Duranbah,Queensland,AUSTRALIA,-28.1675,153.55194440000002
5909,2020-05-03|Duranbah Queensland AUSTRALIA,0.7106583039618604,-0.5623033440697831,0.16337649467236545,0.17753214704560505,0.4015990597992286,0.16128180483162438,0.12108667250123112,2020-05-03,Duranbah Queensland AUSTRALIA,Duranbah,Queensland,AUSTRALIA,-28.316667,153.533333
5910,2020-05-03|Eaglehawk Neck Tasmania AUSTRALIA,0.37202749350622993,-0.4013024105673948,0.09516281352495136,0.15869959362226901,0.25229966371559304,0.06365512031100135,0.07607121084340605,2020-05-03,Eaglehawk Neck Tasmania AUSTRALIA,Eaglehawk Neck,Tasmania,AUSTRALIA,-43.019722200000004,147.925
5911,2020-05-03|East Ballina New South Wales AUSTRALIA,0.7064297528475558,-0.566396512501553,0.1609006958270275,0.17630832186963488,0.4021870587314906,0.16175443021108743,0.12126396084990772,2020-05-03,East Ballina New South Wales AUSTRALIA,East Ballina,New South Wales,AUSTRALIA,-28.8537305,153.5865127
5912,2020-05-03|East of Station Pier Port Melbourne Victoria AUSTRALIA,0.5007129683705811,-0.5690768230232791,0.014483226673695457,-0.04359790689608119,0.3460202029312436,0.11972998083657897,0.09596873723192721,2020-05-03,East of Station Pier Port Melbourne Victoria AUSTRALIA,East of Station Pier,Victoria,AUSTRALIA,-37.8423661,144.93221259999999
5913,2020-05-03|Egg Rock Middle Harbor Sydney New South Wales AUSTRALIA,0.6239255090073046,-0.5573400897071586,0.1429371067551649,0.1717209796045723,0.378796100504497,0.14348648575741302,0.11421132158392458,2020-05-03,Egg Rock Middle Harbor Sydney New South Wales AUSTRALIA,Egg Rock,New South Wales,AUSTRALIA,-33.7859956,151.2260866
5914,2020-05-03|Eight-mile reef off Port Kembla New South Wales AUSTRALIA,0.614038436025682,-0.5540716843644594,0.13951784021897023,0.1692025040758558,0.3750303834371342,0.1406477885010039,0.11307591516764458,2020-05-03,Eight-mile reef off Port Kembla New South Wales AUSTRALIA,Eight-mile reef off Port Kembla,New South Wales,AUSTRALIA,-34.485392,150.8995794
5915,2020-05-03|Elephant Rock Currumbin near Southport Queensland AUSTRALIA,0.7210096044809022,-0.5679252431293699,0.16592547849118283,0.17816826649980844,0.40619069259395335,0.1649908787499555,0.12247110187897593,2020-05-03,Elephant Rock Currumbin near Southport Queensland AUSTRALIA,Elephant Rock,Queensland,AUSTRALIA,-28.131834499999997,153.48836269999998
5916,2020-05-03|Elliot Head near Bundaberg Queensland AUSTRALIA,1.1796313093678097,-1.0584833219751204,0.1917658936197126,0.27654048625082683,0.7622507639762472,0.5810262271823726,0.22004284188584214,2020-05-03,Elliot Head near Bundaberg Queensland AUSTRALIA,Elliot Head,Queensland,AUSTRALIA,-24.916667,152.48333300000002
5917,2020-05-03|Elliots Cove Tasmania AUSTRALIA,0.15652585530775975,-0.22406279261417822,0.012158293603982783,0.055259688883818436,0.11998317505842732,0.014395962297101215,0.03206685237471111,2020-05-03,Elliots Cove Tasmania AUSTRALIA,Elliot's Cove,Tasmania,AUSTRALIA,-42.98,145.56
5918,2020-05-03|Ellis Beach Queensland AUSTRALIA,1.113619058852294,-0.6750818600846773,0.2209413991219403,0.26329937751652005,0.6011160427697673,0.36134049687518466,0.181243306302777,2020-05-03,Ellis Beach Queensland AUSTRALIA,Ellis Beach,Queensland,AUSTRALIA,-16.722874800000003,145.67572130000002
5919,2020-05-03|Elliston Eyre Peninsula South Australia AUSTRALIA,0.28425994431917473,-0.3723552705356191,-0.010593811590316568,0.009850837784009227,0.192251125201912,0.03696049514140125,0.05549811944366618,2020-05-03,Elliston Eyre Peninsula South Australia AUSTRALIA,Elliston,South Australia,AUSTRALIA,-34.3333333,135.75
5920,2020-05-03|Elwood Beach Victoria AUSTRALIA,0.5007129683705811,-0.5690768230232791,0.014483226673695457,-0.04359790689608119,0.3460202029312436,0.11972998083657897,0.09596873723192721,2020-05-03,Elwood Beach Victoria AUSTRALIA,Elwood Beach,Victoria,AUSTRALIA,-37.890226500000004,144.9845562
5921,2020-05-03|Elwood Victoria AUSTRALIA,0.5007122731872773,-0.5690832949786984,0.01448024875591056,-0.04358461076785889,0.3460219672262648,0.1197312018031343,0.09596922655932445,2020-05-03,Elwood Victoria AUSTRALIA,Elwood,Victoria,AUSTRALIA,-37.882248600000004,144.9825759
5922,2020-05-03|Emerald Beach New South Wales AUSTRALIA,0.6852068353439343,-0.5639674371827198,0.15922610811561755,0.18579684540814687,0.39689345784601643,0.1575244168809676,0.11966788012927036,2020-05-03,Emerald Beach New South Wales AUSTRALIA,Emerald Beach,New South Wales,AUSTRALIA,-30.1574794,153.1501948
5923,2020-05-03|Emerald Hill Victoria AUSTRALIA,0.5007122731872773,-0.5690832949786984,0.01448024875591056,-0.04358461076785889,0.3460219672262648,0.1197312018031343,0.09596922655932445,2020-05-03,Emerald Hill Victoria AUSTRALIA,Emerald Hill,Victoria,AUSTRALIA,-37.835,144.96
5924,2020-05-03|Emu Channel Western Australia AUSTRALIA,0.32258249239358827,-0.29157663378020604,0.05579458952562818,0.06504110492612793,0.18956694934386986,0.03593562828354133,0.05472326461656971,2020-05-03,Emu Channel Western Australia AUSTRALIA,Emu Channel,Western Australia,AUSTRALIA,-27.6728168,121.6283098
5925,2020-05-03|Emu Point Western Australia AUSTRALIA,0.22912821240972092,-0.29225882501216854,0.018930308202332893,0.03549905393019208,0.16538602561681362,0.027352537469325335,0.045869830431278645,2020-05-03,Emu Point Western Australia AUSTRALIA,Emu Point,Western Australia,AUSTRALIA,-34.9977653,117.9383683
5926,2020-05-03|Encounter Bay South Australia AUSTRALIA,0.31584397171062173,-0.27105933495514256,0.014886451007557618,-0.003618131720393517,0.17650695667869032,0.031154705755973056,0.05321884983552099,2020-05-03,Encounter Bay South Australia AUSTRALIA,Encounter Bay,South Australia,AUSTRALIA,-35.5753024,138.5962997
5927,2020-05-03|Esperance Westerm Australia AUSTRALIA,0.2686155243326076,-0.306841014295688,0.0226441906571037,0.037014438062642575,0.1803269883261618,0.032517822718783694,0.050013707904613285,2020-05-03,Esperance Westerm Australia AUSTRALIA,Esperance,Western Australia,AUSTRALIA,-33.86131029999999,121.89142379999998
5928,2020-05-03|Esperance Western Australia AUSTRALIA,0.2686155243326076,-0.306841014295688,0.0226441906571037,0.037014438062642575,0.1803269883261618,0.032517822718783694,0.050013707904613285,2020-05-03,Esperance Western Australia AUSTRALIA,Esperance,Western Australia,AUSTRALIA,-33.86131029999999,121.89142379999998
5929,2020-05-03|Eva Rock Queensland AUSTRALIA,1.2863723734639378,-0.7985890538279731,0.24220993298737692,0.23000312223730787,0.7100103555402332,0.5041147049743684,0.2140761769630717,2020-05-03,Eva Rock Queensland AUSTRALIA,Eva Rock,Queensland,AUSTRALIA,-18.235612,146.3256112
5930,2020-05-03|Evans Head New South Wales AUSTRALIA,0.707678405472568,-0.5732159142622854,0.16182742792287105,0.17943773231641597,0.4052115888893492,0.16419643177023097,0.12217589100451967,2020-05-03,Evans Head New South Wales AUSTRALIA,Evans Head,New South Wales,AUSTRALIA,-29.108617100000004,153.4217078
5931,2020-05-03|Exmouth Western Australia AUSTRALIA,0.3002919518951094,-0.37298950145275706,0.029141476133201775,0.0679404819110423,0.21206839495385332,0.04497300413830352,0.05667766260574135,2020-05-03,Exmouth Western Australia AUSTRALIA,Exmouth,Western Australia,AUSTRALIA,-21.9313388,114.1236812
5932,2020-05-03|Fairhaven Beach Lorne Victoria AUSTRALIA,0.6357644287939446,-0.659719026755438,0.09836276389784945,0.17123471968210324,0.3790697432011597,0.14369387021059318,0.10513503046836525,2020-05-03,Fairhaven Beach Lorne Victoria AUSTRALIA,Fairhaven Beach,Victoria,AUSTRALIA,-38.468452500000005,144.0776499
5933,2020-05-03|Fairy Bower New South Wales AUSTRALIA,0.6239255090073046,-0.5573400897071586,0.1429371067551649,0.1717209796045723,0.378796100504497,0.14348648575741302,0.11421132158392458,2020-05-03,Fairy Bower New South Wales AUSTRALIA,Fairy Bower,New South Wales,AUSTRALIA,-33.8007906,151.2936784
5934,2020-05-03|Fairy Bower near North Steyne New South Wales AUSTRALIA,0.6239255090073046,-0.5573400897071586,0.1429371067551649,0.1717209796045723,0.378796100504497,0.14348648575741302,0.11421132158392458,2020-05-03,Fairy Bower near North Steyne New South Wales AUSTRALIA,Fairy Bower,New South Wales,AUSTRALIA,-33.8007906,151.2936784
5935,2020-05-03|Falcon Bay Beach Mandurah Western Australia AUSTRALIA,0.14989503420896022,-0.2197381988166337,-0.005751073747433131,0.04210382758574291,0.11984180661284465,0.014362058612230456,0.032029070068377456,2020-05-03,Falcon Bay Beach Mandurah Western Australia AUSTRALIA,Falcon Bay Beach,Western Australia,AUSTRALIA,-32.5785751,115.65358130000001
5936,2020-05-03|Falcon Beach Mandurah Western Australia AUSTRALIA,0.14989503420896022,-0.2197381988166337,-0.005751073747433131,0.04210382758574291,0.11984180661284465,0.014362058612230456,0.032029070068377456,2020-05-03,Falcon Beach Mandurah Western Australia AUSTRALIA,Falcon Beach,Western Australia,AUSTRALIA,-32.5785751,115.65358130000001
5937,2020-05-03|Fantome Island Queensland AUSTRALIA,1.3729050817578812,-0.9528964677452791,0.23733457612396916,0.22190909484434518,0.7981569359946021,0.6370544944762915,0.2406533709558005,2020-05-03,Fantome Island Queensland AUSTRALIA,Fantome Island,Queensland,AUSTRALIA,-18.6932861,146.5196111
5938,2020-05-03|Fidos Reef 300 m east of Cook Island Cook Island is 2 miles from Tweed Heads Gold Coast Queensland AUSTRALIA,0.7171293303509475,-0.5655587309440744,0.1652135978127153,0.17803524320954187,0.40435412718128877,0.16350226016854186,0.12191735657199841,2020-05-03,Fidos Reef 300 m east of Cook Island Cook Island is 2 miles from Tweed Heads Gold Coast Queensland AUSTRALIA,Fido's Reef,Queensland,AUSTRALIA,-28.178665600000002,153.5370011
5939,2020-05-03|Fig Tree Bridge Lane Cove River near Sydney New South Wales AUSTRALIA,0.6239255090073046,-0.5573400897071586,0.1429371067551649,0.1717209796045723,0.378796100504497,0.14348648575741302,0.11421132158392458,2020-05-03,Fig Tree Bridge Lane Cove River near Sydney New South Wales AUSTRALIA,Fig Tree Bridge,New South Wales,AUSTRALIA,-33.8298,151.1461246
5940,2020-05-03|Figtree Ledge Hervey Bay Queensland AUSTRALIA,1.2728119335570072,-1.1684847834348802,0.1956195318853806,0.2910666046726009,0.8374120598187237,0.7012589579298377,0.24174003907948957,2020-05-03,Figtree Ledge Hervey Bay Queensland AUSTRALIA,Figtree Ledge,Queensland,AUSTRALIA,-25.288153899999998,152.7676633
5941,2020-05-03|Fingal Bay New South Wales AUSTRALIA,0.6429740397591235,-0.5639093118621448,0.1463333096071646,0.17325063187570144,0.38609551353302024,0.1490697455703266,0.11641217742078307,2020-05-03,Fingal Bay New South Wales AUSTRALIA,Fingal Bay,New South Wales,AUSTRALIA,-32.750155,152.16318700000002
5942,2020-05-03|Fingal Beach New South Wales AUSTRALIA,0.7171293303509475,-0.5655587309440744,0.1652135978127153,0.17803524320954187,0.40435412718128877,0.16350226016854186,0.12191735657199841,2020-05-03,Fingal Beach New South Wales AUSTRALIA,Fingal Beach,New South Wales,AUSTRALIA,-28.2,153.5667
5943,2020-05-03|Fingal Beach Queensland AUSTRALIA,0.7171293303509475,-0.5655587309440744,0.1652135978127153,0.17803524320954187,0.40435412718128877,0.16350226016854186,0.12191735657199841,2020-05-03,Fingal Beach Queensland AUSTRALIA,Fingal Beach,Queensland,AUSTRALIA,-28.2,153.5667
5944,2020-05-03|Fingal Beach near Tweed Heads Queensland AUSTRALIA,0.7171513787652312,-0.5655557349744347,0.1652241718021461,0.1780418104508121,0.4043591907167868,0.16350635511713474,0.12191888328539474,2020-05-03,Fingal Beach near Tweed Heads Queensland AUSTRALIA,Fingal Beach,Queensland,AUSTRALIA,-28.2,153.5667
5945,2020-05-03|First Beach Forster New South Wales AUSTRALIA,0.6621579207710068,-0.5666305381318167,0.15261244058700593,0.17530204697528334,0.39158112421202124,0.15333577683915042,0.11806615127243879,2020-05-03,First Beach Forster New South Wales AUSTRALIA,First Beach,New South Wales,AUSTRALIA,-32.1777906,152.5131044
5946,2020-05-03|First Sun Beach Byron Bay New South Wales AUSTRALIA,0.7080841001189354,-0.5620649739844104,0.16288823156360058,0.17881800675249132,0.4010293665461033,0.1608245528323689,0.12091490352248443,2020-05-03,First Sun Beach Byron Bay New South Wales AUSTRALIA,First Sun Beach,New South Wales,AUSTRALIA,-28.6410983,153.611705
5947,2020-05-03|Fishery Bay Eyre Peninsula South Australia AUSTRALIA,0.28619071259839673,-0.25796265380065125,0.014092254170808569,0.005584722316108226,0.16184715048709813,0.026194500120793388,0.04488832306684376,2020-05-03,Fishery Bay Eyre Peninsula South Australia AUSTRALIA,Fishery Bay,South Australia,AUSTRALIA,-34.9141667,135.6861111
5948,2020-05-03|Fishery Bay South Australia AUSTRALIA,0.28619071259839673,-0.25796265380065125,0.014092254170808569,0.005584722316108226,0.16184715048709813,0.026194500120793388,0.04488832306684376,2020-05-03,Fishery Bay South Australia AUSTRALIA,Fishery Bay,South Australia,AUSTRALIA,-34.9141667,135.6861111
5949,2020-05-03|Fitzroy Island Queensland AUSTRALIA,1.112156771320639,-0.670062737723341,0.22448730175588985,0.2694439903354375,0.598712123553038,0.35845620688938834,0.18051849738748466,2020-05-03,Fitzroy Island Queensland AUSTRALIA,Fitzroy Island,Queensland,AUSTRALIA,-16.9336669,145.9943465
5950,2020-05-03|Fitzroy River at Rockhampton Queensland AUSTRALIA,1.8518367572412655,-1.7791310194542365,0.24297634001562468,0.5535236757667908,1.3048947615129531,1.7027503386239466,0.36191269013225436,2020-05-03,Fitzroy River at Rockhampton Queensland AUSTRALIA,Fitzroy River at Rockhampton,Queensland,AUSTRALIA,-23.265825699999997,150.35923630000002
5951,2020-05-03|Fitzroy River near Rockhampton Queensland AUSTRALIA,1.8518367572412655,-1.7791310194542365,0.24297634001562468,0.5535236757667908,1.3048947615129531,1.7027503386239466,0.36191269013225436,2020-05-03,Fitzroy River near Rockhampton Queensland AUSTRALIA,Fitzroy River near Rockhampton,Queensland,AUSTRALIA,-23.265825699999997,150.35923630000002
5952,2020-05-03|Flat Rock Ballina New South Wales AUSTRALIA,0.7069288611267086,-0.5658163504464386,0.16098024425217286,0.17596084546286966,0.4020617837614649,0.16165367796145097,0.12122618902525333,2020-05-03,Flat Rock Ballina New South Wales AUSTRALIA,Flat Rock,New South Wales,AUSTRALIA,-28.842362599999998,153.60194730000003
5953,2020-05-03|Flat Rock Beach Lennox Head New South Wales AUSTRALIA,0.7069502798375529,-0.565813254831729,0.1609907482521123,0.1759673528945632,0.4020666146003514,0.16165756257618752,0.12122764557798145,2020-05-03,Flat Rock Beach Lennox Head New South Wales AUSTRALIA,Flat Rock Beach,New South Wales,AUSTRALIA,-28.842362599999998,153.60194730000003
5954,2020-05-03|Flat Rock New South Wales AUSTRALIA,0.5959149072673295,-0.549209611599322,0.13384841524830088,0.16476841628075622,0.3685352290704374,0.13581821506599978,0.1111175524413017,2020-05-03,Flat Rock New South Wales AUSTRALIA,Flat Rock,New South Wales,AUSTRALIA,-35.2341806,150.52992930000002
5955,2020-05-03|Flat Rock Yamba New South Wales AUSTRALIA,0.7020450121763114,-0.5719543962161223,0.16281090839041942,0.18455158300221705,0.40365091964682925,0.162934064931731,0.12170533152276632,2020-05-03,Flat Rock Yamba New South Wales AUSTRALIA,Flat Rock,New South Wales,AUSTRALIA,-29.4372663,153.3652792
5956,2020-05-03|Flinders Cay Queensland AUSTRALIA,1.4139208737172186,-1.0202768992987805,0.23932400383551852,0.22718296505167884,0.8383365798307435,0.7028082210823086,0.25276798939349115,2020-05-03,Flinders Cay Queensland AUSTRALIA,Flinders Cay,Queensland,AUSTRALIA,-21.0184301,144.4342138
5957,2020-05-03|Flinders Island Tasmania AUSTRALIA,0.6612605097410885,-0.6228710982149853,0.14721602239628398,0.21124868438817898,0.41979922396088926,0.17623138843816485,0.12657422846914945,2020-05-03,Flinders Island Tasmania AUSTRALIA,Flinders Island,Tasmania,AUSTRALIA,-39.9836386,148.052689
5958,2020-05-03|Flinders Island Victoria AUSTRALIA,0.50110975417765,-0.5733336673810646,0.012100412538703958,-0.043471803899524666,0.3476833440282652,0.12088370771467699,0.09643000957836127,2020-05-03,Flinders Island Victoria AUSTRALIA,Flinders Island,Victoria,AUSTRALIA,-37.908132,145.101076
5959,2020-05-03|Flinders Mornington Penisula Victoria AUSTRALIA,0.7814446859630495,-0.8714145304863439,0.07530620333206367,0.13580666940255767,0.5110325103637096,0.2611542266486349,0.14173491688811057,2020-05-03,Flinders Mornington Penisula Victoria AUSTRALIA,Flinders,Victoria,AUSTRALIA,-38.474000000000004,145.02200000000002
5960,2020-05-03|Flinders Victoria AUSTRALIA,0.7814456346309504,-0.8714229747867933,0.07529787232143273,0.1358057453893629,0.5110382974504184,0.26116014146102234,0.14173652193717706,2020-05-03,Flinders Victoria AUSTRALIA,Flinders,Victoria,AUSTRALIA,-38.474000000000004,145.02200000000002
5961,2020-05-03|Floreat Beach Western Australia AUSTRALIA,0.1488045919973512,-0.20772155328281985,0.008173027278721556,0.04157440052742792,0.10744416466760151,0.011544248521118669,0.029799649612187194,2020-05-03,Floreat Beach Western Australia AUSTRALIA,Floreat Beach,Western Australia,AUSTRALIA,-31.928959399999997,115.7548856
5962,2020-05-03|Fluted Cape Bruny Island Tasmania AUSTRALIA,0.36482737946170657,-0.47571733171778735,0.02089969451915538,0.10326957511624336,0.2772694090352315,0.07687832518674652,0.08004078397226969,2020-05-03,Fluted Cape Bruny Island Tasmania AUSTRALIA,Fluted Cape,Tasmania,AUSTRALIA,-43.3582342,147.3630217
5963,2020-05-03|Fourth Beach  Twilgth Beach Western Australia AUSTRALIA,0.26786238052139527,-0.3063545968649579,0.022583722389135332,0.03690639213384967,0.17996450030664893,0.03238722137062184,0.049913171816836736,2020-05-03,Fourth Beach  Twilgth Beach Western Australia AUSTRALIA,Fourth Beach / Twilgth Beach,Western Australia,AUSTRALIA,-33.887392299999995,121.84184979999999
5964,2020-05-03|Frankston Victoria AUSTRALIA,0.5019331322867027,-0.5798937201439572,0.0075851306043155375,-0.0442886889106001,0.349932862601482,0.12245300832846769,0.09705391377534911,2020-05-03,Frankston Victoria AUSTRALIA,Frankston,Victoria,AUSTRALIA,-38.1466246,145.135722
5965,2020-05-03|Fraser Island Queensland AUSTRALIA,1.2432518446173961,-1.12277137740156,0.22966925776733338,0.34406277193234514,0.8100979383705214,0.6562586697521691,0.2338551313940907,2020-05-03,Fraser Island Queensland AUSTRALIA,Fraser Island,Queensland,AUSTRALIA,-25.2398229,153.1325243
5966,2020-05-03|Frasers Reef New South Wales AUSTRALIA,0.6266426341286938,-0.5584203225390622,0.14441849562808157,0.17386454203690557,0.3800373781164308,0.14442840876561097,0.11458558086569301,2020-05-03,Frasers Reef New South Wales AUSTRALIA,Fraser's Reef,New South Wales,AUSTRALIA,-31.2532183,146.921099
5967,2020-05-03|Fremantle Western Australia AUSTRALIA,0.15099710505027109,-0.20951976023481714,0.008273616598240935,0.04303302829769678,0.10851267603569467,0.011775000860427624,0.030096001344962278,2020-05-03,Fremantle Western Australia AUSTRALIA,Fremantle,Western Australia,AUSTRALIA,-32.051819099999996,115.75510849999999
5968,2020-05-03|Frenchman Bay Western Australia AUSTRALIA,0.22024131529314175,-0.2867955300703882,0.01974492959712049,0.04039453244231984,0.1614316698743908,0.026060184038434298,0.0447730894781455,2020-05-03,Frenchman Bay Western Australia AUSTRALIA,Frenchman Bay,Western Australia,AUSTRALIA,-35.0943154,117.9496472
5969,2020-05-03|Freo Western Australia AUSTRALIA,0.15099710505027109,-0.20951976023481714,0.008273616598240935,0.04303302829769678,0.10851267603569467,0.011775000860427624,0.030096001344962278,2020-05-03,Freo Western Australia AUSTRALIA,Freo,Western Australia,AUSTRALIA,-32.051819099999996,115.75510849999999
5970,2020-05-03|Garden Island Sydney New South Wales AUSTRALIA,0.6221732867613821,-0.5564023162678882,0.14234465161201867,0.171703257946488,0.3780473077883111,0.14291976692599,0.11398555208525732,2020-05-03,Garden Island Sydney New South Wales AUSTRALIA,Garden Island,New South Wales,AUSTRALIA,-33.858892100000006,151.2294331
5971,2020-05-03|Garden Point Woolloomooloo Sydney Harbour New South Wales AUSTRALIA,0.6221732867613821,-0.5564023162678882,0.14234465161201867,0.171703257946488,0.3780473077883111,0.14291976692599,0.11398555208525732,2020-05-03,Garden Point Woolloomooloo Sydney Harbour New South Wales AUSTRALIA,Garden Point,New South Wales,AUSTRALIA,-33.8641859,151.2165708
5972,2020-05-03|Gay’s Corner Bulimba Reach of Brisbane River Queensland AUSTRALIA,1.0533446691563466,-0.7552732983472297,0.2612473981881679,0.3639486340689835,0.6082344754384627,0.3699491771119018,0.17558216906240362,2020-05-03,Gay’s Corner Bulimba Reach of Brisbane River Queensland AUSTRALIA,Gay’s Corner,Queensland,AUSTRALIA,-27.45,153.058
5973,2020-05-03|Gearys Beach Western Australia AUSTRALIA,0.32258249239358827,-0.29157663378020604,0.05579458952562818,0.06504110492612793,0.18956694934386986,0.03593562828354133,0.05472326461656971,2020-05-03,Gearys Beach Western Australia AUSTRALIA,Gearys Beach,Western Australia,AUSTRALIA,-27.6728168,121.6283098
5974,2020-05-03|Geelong Victoria AUSTRALIA,0.5082899690967455,-0.5701932309973077,0.014479314427714919,-0.06288373924034726,0.3523092369230944,0.12412179842133307,0.09771300142660061,2020-05-03,Geelong Victoria AUSTRALIA,Geelong,Victoria,AUSTRALIA,-38.1499181,144.3617186
5975,2020-05-03|Geographe Bay Western Australia AUSTRALIA,0.1699593644246707,-0.24580743747832606,0.001966595699767243,0.05040832636548548,0.13884739941148208,0.019278600323331636,0.035850244372325306,2020-05-03,Geographe Bay Western Australia AUSTRALIA,Geographe Bay,Western Australia,AUSTRALIA,-33.625,115.3197222
5976,2020-05-03|George Town Cove Tasmania AUSTRALIA,1.2483393770829088,-1.2149132260752198,0.21978560091453822,0.39855657010137097,0.8619773008265919,0.7430048671402968,0.25989593496773716,2020-05-03,George Town Cove Tasmania AUSTRALIA,George Town Cove,Tasmania,AUSTRALIA,-41.112004999999996,146.82339299999998
5977,2020-05-03|Georges Head off Port Jackson New South Wales AUSTRALIA,0.6221732867613821,-0.5564023162678882,0.14234465161201867,0.171703257946488,0.3780473077883111,0.14291976692599,0.11398555208525732,2020-05-03,Georges Head off Port Jackson New South Wales AUSTRALIA,Georges Head,New South Wales,AUSTRALIA,-33.8462182,151.2488616
5978,2020-05-03|Georges River New South Wales AUSTRALIA,0.6163298599834162,-0.5549668436585524,0.13973285682232742,0.16906464000616342,0.3759669511183386,0.1413511483332192,0.11335830094849261,2020-05-03,Georges River New South Wales AUSTRALIA,Georges River,New South Wales,AUSTRALIA,-34.0494645,150.8953368
5979,2020-05-03|George’s River New South Wales AUSTRALIA,0.6163298599834162,-0.5549668436585524,0.13973285682232742,0.16906464000616342,0.3759669511183386,0.1413511483332192,0.11335830094849261,2020-05-03,George’s River New South Wales AUSTRALIA,George’s River,New South Wales,AUSTRALIA,-34.0494645,150.8953368
5980,2020-05-03|George’s River at Kentucky New South Wales AUSTRALIA,0.6163298599834162,-0.5549668436585524,0.13973285682232742,0.16906464000616342,0.3759669511183386,0.1413511483332192,0.11335830094849261,2020-05-03,George’s River at Kentucky New South Wales AUSTRALIA,George’s River at Kentucky,New South Wales,AUSTRALIA,-34.0494645,150.8953368
5981,2020-05-03|Geraldton Western Australia AUSTRALIA,0.15494529033152593,-0.21195843731949404,0.013637399807609927,0.04062494485610356,0.11293654529141212,0.012754663262359179,0.03260197241267158,2020-05-03,Geraldton Western Australia AUSTRALIA,Geraldton,Western Australia,AUSTRALIA,-28.7796535,114.6144452
5982,2020-05-03|Gerringong New South Wales AUSTRALIA,0.6103361218973061,-0.553630100448399,0.13858383180412762,0.16859950449551808,0.3739120009452807,0.1398101844509036,0.11273871015877361,2020-05-03,Gerringong New South Wales AUSTRALIA,Gerringong,New South Wales,AUSTRALIA,-34.7391385,150.8249873
5983,2020-05-03|Gin Arm Creek Queensland AUSTRALIA,1.333544573806971,-1.1542500320551283,0.06106255372216312,0.022518036052970165,0.9404815287482875,0.8845055059167158,0.28356585028344683,2020-05-03,Gin Arm Creek Queensland AUSTRALIA,Gin Arm Creek,Queensland,AUSTRALIA,-17.563458999999998,139.44820280000002
5984,2020-05-03|Gladstone Queensland AUSTRALIA,1.3641717415971875,-1.0079567770670705,0.30713792586809535,0.41831590068034846,0.8037361487264526,0.6459917967696303,0.23201864091232527,2020-05-03,Gladstone Queensland AUSTRALIA,Gladstone,Queensland,AUSTRALIA,-23.8415948,151.24977080000002
5985,2020-05-03|Gladstone Reef Queensland AUSTRALIA,1.3641717415971875,-1.0079567770670705,0.30713792586809535,0.41831590068034846,0.8037361487264526,0.6459917967696303,0.23201864091232527,2020-05-03,Gladstone Reef Queensland AUSTRALIA,Gladstone Reef,Queensland,AUSTRALIA,-23.8397556,151.2543694
5986,2020-05-03|Glenelg Breakwater South Australia AUSTRALIA,0.27648146243388994,-0.40995971009605503,0.029853661832847298,0.0950497796301858,0.24847545001795932,0.0617400492616274,0.08282515000598643,2020-05-03,Glenelg Breakwater South Australia AUSTRALIA,Glenelg Breakwater,South Australia,AUSTRALIA,-34.982,138.516
5987,2020-05-03|Glenelg South Australia AUSTRALIA,0.276503662810553,-0.40994993059842133,0.029863486525723675,0.0950581955858761,0.24847819273745883,0.061741412266073735,0.0828260642458196,2020-05-03,Glenelg South Australia AUSTRALIA,Glenelg,South Australia,AUSTRALIA,-34.982,138.516
5988,2020-05-03|Glenelg Western Australia AUSTRALIA,0.27648146243388994,-0.40995971009605503,0.029853661832847298,0.0950497796301858,0.24847545001795932,0.0617400492616274,0.08282515000598643,2020-05-03,Glenelg Western Australia AUSTRALIA,Glenelg,Western Australia,AUSTRALIA,-34.982,138.516
5989,2020-05-03|Gnaraloo Western Australia AUSTRALIA,0.22922572174056846,-0.2620759624568299,0.03134186410234616,0.051022736047305214,0.14589309008532614,0.021284793734645084,0.03899156844264547,2020-05-03,Gnaraloo Western Australia AUSTRALIA,Gnaraloo,Western Australia,AUSTRALIA,-23.8214,113.523903
5990,2020-05-03|Golden Beach Caloundra Queensland AUSTRALIA,0.753016484478772,-0.5917453523561862,0.15836513404787855,0.17900800532638883,0.4247938206736068,0.1804497900824804,0.1280801560396246,2020-05-03,Golden Beach Caloundra Queensland AUSTRALIA,Golden Beach,Queensland,AUSTRALIA,-26.799,153.13299999999998
5991,2020-05-03|Golden Beach Queensland AUSTRALIA,0.753016484478772,-0.5917453523561862,0.15836513404787855,0.17900800532638883,0.4247938206736068,0.1804497900824804,0.1280801560396246,2020-05-03,Golden Beach Queensland AUSTRALIA,Golden Beach,Queensland,AUSTRALIA,-26.823,153.118
5992,2020-05-03|Goldsmith Beach Yorke Peninsula South Australia AUSTRALIA,0.26407963980572274,-0.3380655550992064,0.006528168027228756,0.007681760507980113,0.18078671675753916,0.03268383695597069,0.054509246051364944,2020-05-03,Goldsmith Beach Yorke Peninsula South Australia AUSTRALIA,Goldsmith Beach,South Australia,AUSTRALIA,-35.15153370000001,137.68547780000003
5993,2020-05-03|Goolwa Beach Fleurieu Peninsula South Australia AUSTRALIA,0.3097761481445439,-0.26974818435622644,0.013922887315663001,-0.0009283284255026014,0.17540626132573867,0.03076735651227332,0.05288697769968204,2020-05-03,Goolwa Beach Fleurieu Peninsula South Australia AUSTRALIA,Goolwa Beach,South Australia,AUSTRALIA,-35.5,138.5
5994,2020-05-03|Goolwa Beach South Australia AUSTRALIA,0.32249984826277006,-0.27328744849278447,0.01583070521535371,-0.00599733634328341,0.17808481351369382,0.0317142008042071,0.05369459157139411,2020-05-03,Goolwa Beach South Australia AUSTRALIA,Goolwa Beach,South Australia,AUSTRALIA,-35.5121467,138.7618244
5995,2020-05-03|Goolwa Victoria AUSTRALIA,0.32250592462360955,-0.27329241598046533,0.015829328466582762,-0.006002116444396292,0.1780892858684732,0.03171579374114277,0.05369594003709707,2020-05-03,Goolwa Victoria AUSTRALIA,Goolwa,Victoria,AUSTRALIA,-35.498028600000005,138.7783094
5996,2020-05-03|Governors Reef Port Phillip Bay Victoria AUSTRALIA,0.4845857718273749,-0.5564155467346196,0.018153839493005475,-0.029312359344580506,0.3377822663208338,0.1140968594408387,0.09368394470478456,2020-05-03,Governors Reef Port Phillip Bay Victoria AUSTRALIA,Governor's Reef,Victoria,AUSTRALIA,-38.1552778,144.7263889
5997,2020-05-03|Gracetown Western Australia AUSTRALIA,0.16118941041106558,-0.2536473514822739,0.004016498047857855,0.04590386980520002,0.13418630729677838,0.01800596506594544,0.037216585494130934,2020-05-03,Gracetown Western Australia AUSTRALIA,Gracetown,Western Australia,AUSTRALIA,-33.8641558,114.9882251
5998,2020-05-03|Graceville Queensland AUSTRALIA,1.0533446691563466,-0.7552732983472297,0.2612473981881679,0.3639486340689835,0.6082344754384627,0.3699491771119018,0.17558216906240362,2020-05-03,Graceville Queensland AUSTRALIA,Graceville,Queensland,AUSTRALIA,-27.520922,152.98091200000002
5999,2020-05-03|Grange South Australia AUSTRALIA,0.2926566211626134,-0.4241229271902694,0.03688485396333284,0.1163136037382957,0.2595163187120845,0.06734871967787223,0.08650543957069484,2020-05-03,Grange South Australia AUSTRALIA,Grange,South Australia,AUSTRALIA,-34.9,138.489
6000,2020-05-03|Great Barrier Reef Queensland AUSTRALIA,1.0515213964345567,-0.8085189858016879,0.10325957304885175,0.09306601639755557,0.6261345625815672,0.3920444904592104,0.17365848236369666,2020-05-03,Great Barrier Reef Queensland AUSTRALIA,Great Barrier Reef,Queensland,AUSTRALIA,-18.2870668,147.6991918
6001,2020-05-03|Great Barrier Reef near Upolu Bay Queensland AUSTRALIA,1.1032431771476015,-0.6681063415038115,0.22303847632105314,0.2702488227255668,0.5952411277534846,0.3543120001692402,0.1794719527769375,2020-05-03,Great Barrier Reef near Upolu Bay Queensland AUSTRALIA,Great Barrier Reef (near Upolu Bay),Queensland,AUSTRALIA,-16.6722064,145.9334219
6002,2020-05-03|Great Barrier Reef off Cairns Queensland AUSTRALIA,1.1114828389369036,-0.6711065502172031,0.22364190641812753,0.26879752149735475,0.5989398058665293,0.3587288910514358,0.18058714618796196,2020-05-03,Great Barrier Reef off Cairns Queensland AUSTRALIA,Great Barrier Reef,Queensland,AUSTRALIA,-16.9185514,145.7780548
6003,2020-05-03|Great Keppel Island Queensland AUSTRALIA,1.755501312264033,-1.7001016636501478,0.27341026642199995,0.3137239915793164,1.1712241023474044,1.3717658979194833,0.3248391196979115,2020-05-03,Great Keppel Island Queensland AUSTRALIA,Great Keppel Island,Queensland,AUSTRALIA,-23.1262002,150.97441619999998
6004,2020-05-03|Green Island New South Wales AUSTRALIA,0.5959328369504957,-0.5492045331262778,0.13385934489745752,0.16477461014720313,0.36853835248045275,0.13582051724900643,0.1111184941848551,2020-05-03,Green Island New South Wales AUSTRALIA,Green Island,New South Wales,AUSTRALIA,-35.2721138,150.5160592
6005,2020-05-03|Green Island Queensland AUSTRALIA,1.0993507170142145,-0.6646490715453923,0.22302569337156292,0.27171990192388573,0.5924923449302046,0.3510471788008926,0.1786431635719381,2020-05-03,Green Island Queensland AUSTRALIA,Green Island,Queensland,AUSTRALIA,-16.7597228,145.97380159999997
6006,2020-05-03|Greenmount Beach Queensland AUSTRALIA,0.7171293303509475,-0.5655587309440744,0.1652135978127153,0.17803524320954187,0.40435412718128877,0.16350226016854186,0.12191735657199841,2020-05-03,Greenmount Beach Queensland AUSTRALIA,Greenmount Beach,Queensland,AUSTRALIA,-28.1639838,153.54760100000001
6007,2020-05-03|Grey’s Point Port Hacking New South Wales AUSTRALIA,0.6175699989130122,-0.5553555246017364,0.1400304357532214,0.16946618353641693,0.3764626792981083,0.14172414890431034,0.11350776861852005,2020-05-03,Grey’s Point Port Hacking New South Wales AUSTRALIA,Grey’s Point,New South Wales,AUSTRALIA,-34.05508,151.07492
6008,2020-05-03|Guillotines surf break Shire of Augusta Margaret River Western Australia AUSTRALIA,0.16862360729429607,-0.27360114813079445,-0.001884853465605484,0.0478528256911198,0.1429960491254232,0.020447870065480447,0.03965996825465238,2020-05-03,Guillotines surf break Shire of Augusta Margaret River Western Australia AUSTRALIA,Guillotines surf break,Western Australia,AUSTRALIA,-34.1622739,115.18891599999999
6009,2020-05-03|Half Tide Beach Evans Head New South Wales AUSTRALIA,0.707678405472568,-0.5732159142622854,0.16182742792287105,0.17943773231641597,0.4052115888893492,0.16419643177023097,0.12217589100451967,2020-05-03,Half Tide Beach Evans Head New South Wales AUSTRALIA,Half Tide Beach,New South Wales,AUSTRALIA,-29.108617100000004,153.4217078
6010,2020-05-03|Hallidays Point New South Wales AUSTRALIA,0.6634840874023948,-0.566880998367932,0.15263477333426634,0.17502287467198577,0.3919954697058418,0.15366044826990355,0.11819108113940037,2020-05-03,Hallidays Point New South Wales AUSTRALIA,Hallidays Point,New South Wales,AUSTRALIA,-32.0683509,152.51499819999998
6011,2020-05-03|Hamelin Bay Western Australia AUSTRALIA,0.17052484053738703,-0.2783075010452872,-0.00402853162945239,0.04676337176755249,0.14525984642873385,0.02110042298449934,0.04028783265883266,2020-05-03,Hamelin Bay Western Australia AUSTRALIA,Hamelin Bay,Western Australia,AUSTRALIA,-34.2283311,115.0559483
6012,2020-05-03|Hamelin Harbour at Faure Island Western Australia AUSTRALIA,0.22080350543986962,-0.3746604056476127,0.001907305022837781,0.04802350956970892,0.17582836681762104,0.030915614577751896,0.04876601478784798,2020-05-03,Hamelin Harbour at Faure Island Western Australia AUSTRALIA,Hamelin Harbour,Western Australia,AUSTRALIA,-25.8438664,113.89416570000002
6013,2020-05-03|Hams Beach New South Wales AUSTRALIA,0.6384599544480509,-0.5620061953162229,0.14657923857479502,0.17414413373033164,0.38430453175992957,0.1476899731312187,0.11587217609826422,2020-05-03,Hams Beach New South Wales AUSTRALIA,Hams Beach,New South Wales,AUSTRALIA,-33.097531,151.658097
6014,2020-05-03|Happy Valley Beach Caloundra Queensland AUSTRALIA,0.753016484478772,-0.5917453523561862,0.15836513404787855,0.17900800532638883,0.4247938206736068,0.1804497900824804,0.1280801560396246,2020-05-03,Happy Valley Beach Caloundra Queensland AUSTRALIA,Happy Valley Beach,Queensland,AUSTRALIA,-26.8071839,153.13424890000002
6015,2020-05-03|Hardwicke Bay Yorke Peninsula South Australia AUSTRALIA,0.28851603676691023,-0.3497098745270849,-0.026544174005895205,0.017307485865258845,0.19563352196848188,0.03827247491779248,0.05647453328550879,2020-05-03,Hardwicke Bay Yorke Peninsula South Australia AUSTRALIA,Hardwicke Bay,South Australia,AUSTRALIA,-34.889309600000004,137.45835280000003
6016,2020-05-03|Harvey Bay Queensland AUSTRALIA,1.2728197025163126,-1.1684851020744638,0.19561182496124477,0.29105643836610345,0.8374099824221473,0.7012554786602611,0.24173943938675327,2020-05-03,Harvey Bay Queensland AUSTRALIA,Harvey Bay,Queensland,AUSTRALIA,-25.288153899999998,152.7676633
6017,2020-05-03|Hawkesbury Bridge Sydney New South Wales AUSTRALIA,0.6175699989130122,-0.5553555246017364,0.1400304357532214,0.16946618353641693,0.3764626792981083,0.14172414890431034,0.11350776861852005,2020-05-03,Hawkesbury Bridge Sydney New South Wales AUSTRALIA,Hawkesbury Bridge,New South Wales,AUSTRALIA,-33.874241299999994,150.92112269999998
6018,2020-05-03|Hawkesbury River New South Wales AUSTRALIA,0.6266426341286938,-0.5584203225390622,0.14441849562808157,0.17386454203690557,0.3800373781164308,0.14442840876561097,0.11458558086569301,2020-05-03,Hawkesbury River New South Wales AUSTRALIA,Hawkesbury River,New South Wales,AUSTRALIA,-33.4594721,151.0642231
6019,2020-05-03|Hawks Nest Beach New South Wales AUSTRALIA,0.6438911306838113,-0.5642429596253248,0.14665390853367496,0.17331098218457786,0.3864251417043218,0.14932439014120516,0.1165115640539229,2020-05-03,Hawks Nest Beach New South Wales AUSTRALIA,Hawks Nest Beach,New South Wales,AUSTRALIA,-32.6742413,152.1858925
6020,2020-05-03|Heron Island Queensland AUSTRALIA,1.1385247383830317,-0.8352084690157306,0.25764592433517336,0.35506882416746066,0.6512754530373602,0.42415971572901884,0.18800702906385772,2020-05-03,Heron Island Queensland AUSTRALIA,Heron Island,Queensland,AUSTRALIA,-23.442297600000003,151.9148004
6021,2020-05-03|Hinchinbrook Channel Queensland Queensland AUSTRALIA,1.2863723734639378,-0.7985890538279731,0.24220993298737692,0.23000312223730787,0.7100103555402332,0.5041147049743684,0.2140761769630717,2020-05-03,Hinchinbrook Channel Queensland Queensland AUSTRALIA,Hinchinbrook Channel,Queensland,AUSTRALIA,-18.292160600000003,146.2440175
6022,2020-05-03|Hobart Tasmania AUSTRALIA,0.3838666790809757,-0.5007802633897624,0.03426216582874798,0.11600157770085198,0.30222938466428456,0.09134260095455209,0.09112558814103858,2020-05-03,Hobart Tasmania AUSTRALIA,Hobart,Tasmania,AUSTRALIA,-42.8821377,147.3271949
6023,2020-05-03|Hobson Bay Victoria AUSTRALIA,0.49772721148496896,-0.5644112288442829,0.01596347149150583,-0.04212912926197383,0.3436095061248089,0.11806749269933509,0.09530013023614278,2020-05-03,Hobson Bay Victoria AUSTRALIA,Hobson Bay,Victoria,AUSTRALIA,-37.8360799,144.8401227
6024,2020-05-03|Hobsons Bay Victoria AUSTRALIA,0.49772721148496896,-0.5644112288442829,0.01596347149150583,-0.04212912926197383,0.3436095061248089,0.11806749269933509,0.09530013023614278,2020-05-03,Hobsons Bay Victoria AUSTRALIA,Hobson's Bay,Victoria,AUSTRALIA,-37.8360799,144.8401227
6025,2020-05-03|Hog Bay South Australia AUSTRALIA,0.1318440444490171,-0.28992295723571704,-0.033110776861917365,0.010633786578322143,0.14902724593477992,0.022209120030905378,0.047126553057597345,2020-05-03,Hog Bay South Australia AUSTRALIA,Hog Bay,South Australia,AUSTRALIA,-35.7189386,137.9434671
6026,2020-05-03|Holmes Reef Queensland AUSTRALIA,1.1096218862181615,-1.4019505883808552,0.07053704234823628,0.2804604927322939,0.8136737006521122,0.6620648911329031,0.234887365052008,2020-05-03,Holmes Reef Queensland AUSTRALIA,Holmes Reef,Queensland,AUSTRALIA,-10.6005556,142.23138889999998
6027,2020-05-03|Homebush Bay Parramatta River Sydney New South Wales AUSTRALIA,0.6239255090073046,-0.5573400897071586,0.1429371067551649,0.1717209796045723,0.378796100504497,0.14348648575741302,0.11421132158392458,2020-05-03,Homebush Bay Parramatta River Sydney New South Wales AUSTRALIA,Homebush Bay,New South Wales,AUSTRALIA,-33.8321521,151.08061709999998
6028,2020-05-03|Honeycombs 250 km south of Perth Western Australia AUSTRALIA,0.1488045919973512,-0.20772155328281985,0.008173027278721556,0.04157440052742792,0.10744416466760151,0.011544248521118669,0.029799649612187194,2020-05-03,Honeycombs 250 km south of Perth Western Australia AUSTRALIA,Honeycombs,Western Australia,AUSTRALIA,-31.950526899999996,115.8604572
6029,2020-05-03|Honeymoon Island near Hopetown Western Australia AUSTRALIA,0.2066484939540122,-0.281303120628472,0.021382878244746314,0.047267620564725,0.15645575394659783,0.02447840294299836,0.04339301870737199,2020-05-03,Honeymoon Island near Hopetown Western Australia AUSTRALIA,Honeymoon Island,Western Australia,AUSTRALIA,-34.99101160000001,117.34502920000001
6030,2020-05-03|Honeysuckle Point Eden New South Wales AUSTRALIA,0.5842333658113146,-0.5446082659940755,0.12950520067332125,0.15515512946259485,0.3628441389547031,0.1316558691737799,0.10940162420839343,2020-05-03,Honeysuckle Point Eden New South Wales AUSTRALIA,Honeysuckle Point,New South Wales,AUSTRALIA,-36.9640598,149.8899148
6031,2020-05-03|Horizontal Falls Western Australia AUSTRALIA,1.3018139345233115,-1.0315405607970223,0.14080686327097258,0.019686544797520036,0.7483640885857173,0.5600488090847314,0.2075588533932061,2020-05-03,Horizontal Falls Western Australia AUSTRALIA,Horizontal Falls,Western Australia,AUSTRALIA,-17.947279,122.231078
6032,2020-05-03|Horn Point Ladys Bay South Australia AUSTRALIA,0.5627548200139859,-0.7027206400528015,0.1315291324881361,0.2679818188731817,0.43177822881835176,0.18643243888151292,0.13018603433042653,2020-05-03,Horn Point Ladys Bay South Australia AUSTRALIA,Horn Point,South Australia,AUSTRALIA,-30.0002315,136.20915469999997
6033,2020-05-03|Horseshoe Bay New South Wales AUSTRALIA,0.5840491795688264,-0.5446821335511736,0.13058051625742595,0.16160501976803807,0.3635651951248942,0.1321796511062024,0.10961903082378385,2020-05-03,Horseshoe Bay New South Wales AUSTRALIA,Horseshoe Bay,New South Wales,AUSTRALIA,-36.4058391,150.075097
6034,2020-05-03|Horseshoe Bay near Kempsey New South Wales AUSTRALIA,0.6769734914749757,-0.5595241769956408,0.159246396431693,0.18473498090475626,0.3929651009130725,0.15442157053562128,0.11848343594843706,2020-05-03,Horseshoe Bay near Kempsey New South Wales AUSTRALIA,Horseshoe Bay,New South Wales,AUSTRALIA,-30.8840947,153.039412
6035,2020-05-03|Iluka Beach New South Wales AUSTRALIA,0.7020450121763114,-0.5719543962161223,0.16281090839041942,0.18455158300221705,0.40365091964682925,0.162934064931731,0.12170533152276632,2020-05-03,Iluka Beach New South Wales AUSTRALIA,Iluka Beach,New South Wales,AUSTRALIA,-29.4120103,153.3647477
6036,2020-05-03|In Swan River at Freshwater Bay Claremont 5 miles from river mouth Western Australia AUSTRALIA,0.15015687131782784,-0.2088677676236413,0.008159279998730675,0.04257365028163371,0.10818568235680875,0.011704141867008322,0.030005309616041063,2020-05-03,In Swan River at Freshwater Bay Claremont 5 miles from river mouth Western Australia AUSTRALIA,In Swan River at Freshwater Bay,Western Australia,AUSTRALIA,-31.9842456,115.77800049999999
6037,2020-05-03|In a tidal creek 5 km from Wickham Western Australia AUSTRALIA,0.6688205771174538,-0.7410748401794791,0.03046012624121456,0.030583197123422244,0.4352674422536588,0.1894577462860422,0.12072146781427907,2020-05-03,In a tidal creek 5 km from Wickham Western Australia AUSTRALIA,In a tidal creek 5 km from Wickham,Western Australia,AUSTRALIA,-20.673199399999998,117.147269
6038,2020-05-03|Injidup Western Australia AUSTRALIA,0.15951446460446844,-0.24508536009909712,0.010140128392566667,0.04984278866787209,0.12612819472584305,0.015908321504800184,0.03370917796260091,2020-05-03,Injidup Western Australia AUSTRALIA,Injidup,Western Australia,AUSTRALIA,-33.6930914,114.9857991
6039,2020-05-03|Ipswich Queensland AUSTRALIA,1.0533446691563466,-0.7552732983472297,0.2612473981881679,0.3639486340689835,0.6082344754384627,0.3699491771119018,0.17558216906240362,2020-05-03,Ipswich Queensland AUSTRALIA,Ipswich,Queensland,AUSTRALIA,-27.623,152.76
6040,2020-05-03|Iron Cove Bridge Sydney Estuary New South Wales AUSTRALIA,0.6221732867613821,-0.5564023162678882,0.14234465161201867,0.171703257946488,0.3780473077883111,0.14291976692599,0.11398555208525732,2020-05-03,Iron Cove Bridge Sydney Estuary New South Wales AUSTRALIA,Iron Cove Bridge,New South Wales,AUSTRALIA,-33.8592696,151.1619465
6041,2020-05-03|Iron Cove Sydney New South Wales AUSTRALIA,0.6221732867613821,-0.5564023162678882,0.14234465161201867,0.171703257946488,0.3780473077883111,0.14291976692599,0.11398555208525732,2020-05-03,Iron Cove Sydney New South Wales AUSTRALIA,Iron Cove,New South Wales,AUSTRALIA,-33.8642907,151.1583441
6042,2020-05-03|Jan Juc Beach Victoria AUSTRALIA,0.6950123565343758,-0.7355053156088772,0.09450634276158205,0.1640750354643039,0.4246475174917966,0.18032551411194567,0.117776030639628,2020-05-03,Jan Juc Beach Victoria AUSTRALIA,Jan Juc Beach,Victoria,AUSTRALIA,-38.346092299999995,144.3099291
6043,2020-05-03|Jervis Bay & Long Reef New South Wales AUSTRALIA,0.6050451969643061,-0.5520539882186555,0.1371916699268004,0.16638113693785872,0.3717930505173114,0.13823007241296806,0.11209982256614295,2020-05-03,Jervis Bay & Long Reef New South Wales AUSTRALIA,Jervis Bay & Long Reef,New South Wales,AUSTRALIA,-35.0480805,150.7446771
6044,2020-05-03|Jervis Bay New South Wales AUSTRALIA,0.6050451969643061,-0.5520539882186555,0.1371916699268004,0.16638113693785872,0.3717930505173114,0.13823007241296806,0.11209982256614295,2020-05-03,Jervis Bay New South Wales AUSTRALIA,Jervis Bay,New South Wales,AUSTRALIA,-35.0480805,150.7446771
6045,2020-05-03|Jimmys Beach New South Wales AUSTRALIA,0.6429740397591235,-0.5639093118621448,0.1463333096071646,0.17325063187570144,0.38609551353302024,0.1490697455703266,0.11641217742078307,2020-05-03,Jimmys Beach New South Wales AUSTRALIA,Jimmy's Beach,New South Wales,AUSTRALIA,-32.6790132,152.1762756
6046,2020-05-03|Jimmys Beach Port Stephens New South Wales AUSTRALIA,0.6429926067364263,-0.5639048655486709,0.14634407794945126,0.17325710351317306,0.3860990238445581,0.14907245621372062,0.11641323581953472,2020-05-03,Jimmys Beach Port Stephens New South Wales AUSTRALIA,Jimmys Beach,New South Wales,AUSTRALIA,-32.6790132,152.1762756
6047,2020-05-03|Johnstones Bay Sydney New South Wales AUSTRALIA,0.6221732867613821,-0.5564023162678882,0.14234465161201867,0.171703257946488,0.3780473077883111,0.14291976692599,0.11398555208525732,2020-05-03,Johnstones Bay Sydney New South Wales AUSTRALIA,Johnstone's Bay,New South Wales,AUSTRALIA,-33.864072,151.1898785
6048,2020-05-03|Julian Rocks Byron Bay New South Wales AUSTRALIA,0.7080841001189354,-0.5620649739844104,0.16288823156360058,0.17881800675249132,0.4010293665461033,0.1608245528323689,0.12091490352248443,2020-05-03,Julian Rocks Byron Bay New South Wales AUSTRALIA,Julian Rocks,New South Wales,AUSTRALIA,-28.643715999999998,153.615072
6049,2020-05-03|Junpinpin off Stradbroke Island Queensland AUSTRALIA,0.7284986369801894,-0.5702961606509004,0.16383878457501425,0.17217666577796759,0.40878128811496417,0.16710214151292935,0.12325219581777304,2020-05-03,Junpinpin off Stradbroke Island Queensland AUSTRALIA,Junpinpin,Queensland,AUSTRALIA,-27.731177600000002,153.4428803
6050,2020-05-03|Jurien Bay Western Australia AUSTRALIA,0.14118600586014876,-0.20004184077684553,0.010587141642650073,0.045668620078278196,0.10418860329558406,0.010855265056684589,0.02889671934624652,2020-05-03,Jurien Bay Western Australia AUSTRALIA,Jurien Bay,Western Australia,AUSTRALIA,-30.293831400000002,115.11776540000001
6051,2020-05-03|Just below Roseville Bridge opposite Killarney picnic reserve Middle Harbor Sydney New South Wales AUSTRALIA,0.6239465779320229,-0.5573377114306419,0.14294398854386442,0.17172418543946064,0.3788018326723811,0.14349082843595462,0.11421304989757065,2020-05-03,Just below Roseville Bridge opposite Killarney picnic reserve Middle Harbor Sydney New South Wales AUSTRALIA,Just below Roseville Bridge,New South Wales,AUSTRALIA,-33.773044899999995,151.2037718
6052,2020-05-03|Just north of Fingal Spit New South Wales AUSTRALIA,0.6429740397591235,-0.5639093118621448,0.1463333096071646,0.17325063187570144,0.38609551353302024,0.1490697455703266,0.11641217742078307,2020-05-03,Just north of Fingal Spit New South Wales AUSTRALIA,Just north of Fingal Spit,New South Wales,AUSTRALIA,-32.750155,152.16318700000002
6053,2020-05-03|Kalbarri Western Australia AUSTRALIA,0.15090897032016495,-0.2430733090698654,-0.007966214411155907,0.04273025111071723,0.12505663204789094,0.015639161219161587,0.03610074008839891,2020-05-03,Kalbarri Western Australia AUSTRALIA,Kalbarri,Western Australia,AUSTRALIA,-27.710419199999997,114.1646201
6054,2020-05-03|Kangaroo Island South Australia AUSTRALIA,0.15531542513240829,-0.2630959243697448,-0.03237067695223946,0.013129355744520682,0.1344392684344373,0.018073916897186685,0.038809273910139365,2020-05-03,Kangaroo Island South Australia AUSTRALIA,Kangaroo Island,South Australia,AUSTRALIA,-35.775242600000006,137.2142417
6055,2020-05-03|Karra Garra Queensland AUSTRALIA,1.1024144126559492,-0.8221989045709538,0.25115280228463105,0.3506614015423794,0.6503625100612902,0.4229713944932218,0.1877434851273633,2020-05-03,Karra Garra Queensland AUSTRALIA,Karra Garra,Queensland,AUSTRALIA,-27.637184,153.3718169
6056,2020-05-03|Katana Downs Reach Brisbane River Queensland AUSTRALIA,1.0533379722397267,-0.7552705905006252,0.26125572661724217,0.36395944478164755,0.6082352102565702,0.36995007099585425,0.17558238118611974,2020-05-03,Katana Downs Reach Brisbane River Queensland AUSTRALIA,Katana Downs Reach,Queensland,AUSTRALIA,-27.55,152.822222
6057,2020-05-03|Kelpids Beach Wylie Bay Esperance Western Australia AUSTRALIA,0.2695667668370536,-0.308229010982236,0.02290114092216973,0.03783130315869334,0.1810263978811579,0.032770556729827295,0.05020768921331235,2020-05-03,Kelpids Beach Wylie Bay Esperance Western Australia AUSTRALIA,Kelpids Beach,Western Australia,AUSTRALIA,-33.8356954,121.9840825
6058,2020-05-03|Kelpies near Wylie Bay Western Australia AUSTRALIA,0.2695667668370536,-0.308229010982236,0.02290114092216973,0.03783130315869334,0.1810263978811579,0.032770556729827295,0.05020768921331235,2020-05-03,Kelpies near Wylie Bay Western Australia AUSTRALIA,Kelpies near Wylie Bay,Western Australia,AUSTRALIA,-33.8324777,121.9970721
6059,2020-05-03|Kempsey New South Wales AUSTRALIA,0.6741568233471124,-0.5601799119331389,0.15794435997979653,0.18202612631292941,0.39236102397478007,0.15394717313453793,0.11830129989854409,2020-05-03,Kempsey New South Wales AUSTRALIA,Kempsey,New South Wales,AUSTRALIA,-31.060476899999998,152.8481977
6060,2020-05-03|Kerosene Bay New South Wales AUSTRALIA,0.6266426341286938,-0.5584203225390622,0.14441849562808157,0.17386454203690557,0.3800373781164308,0.14442840876561097,0.11458558086569301,2020-05-03,Kerosene Bay New South Wales AUSTRALIA,Kerosene Bay,New South Wales,AUSTRALIA,-31.2532183,146.921099
6061,2020-05-03|Kiah Creek Eden New South Wales AUSTRALIA,0.5842333658113146,-0.5446082659940755,0.12950520067332125,0.15515512946259485,0.3628441389547031,0.1316558691737799,0.10940162420839343,2020-05-03,Kiah Creek Eden New South Wales AUSTRALIA,Kiah Creek,New South Wales,AUSTRALIA,-37.137766,149.871076
6062,2020-05-03|Kiama New South Wales AUSTRALIA,0.6108892024355452,-0.5530953118702057,0.13906817332616425,0.1694185270263639,0.3739132613327566,0.13981112700049833,0.11273909017989615,2020-05-03,Kiama New South Wales AUSTRALIA,Kiama,New South Wales,AUSTRALIA,-34.6738221,150.8443706
6063,2020-05-03|Kilcunda Victoria AUSTRALIA,0.8401130527183626,-0.9575395313215151,0.057643846175394635,0.10122835358966656,0.5679028851560979,0.32251368696862004,0.15750792091648064,2020-05-03,Kilcunda Victoria AUSTRALIA,Kilcunda,Victoria,AUSTRALIA,-38.5498,145.4761
6064,2020-05-03|Kings Beach Caloundra Queensland AUSTRALIA,0.753016484478772,-0.5917453523561862,0.15836513404787855,0.17900800532638883,0.4247938206736068,0.1804497900824804,0.1280801560396246,2020-05-03,Kings Beach Caloundra Queensland AUSTRALIA,Kings Beach,Queensland,AUSTRALIA,-26.801,153.141
6065,2020-05-03|Kingscliff Beach New South Wales AUSTRALIA,0.7128067412547398,-0.5632034053332394,0.1637024434016034,0.17709713627238233,0.40242914382668526,0.16194921580107893,0.1213369522524621,2020-05-03,Kingscliff Beach New South Wales AUSTRALIA,Kingscliff Beach,New South Wales,AUSTRALIA,-28.251915000000004,153.574525
6066,2020-05-03|Kingscliff New South Wales AUSTRALIA,0.712784963751417,-0.5632063832433386,0.16369197381794579,0.17709061711571855,0.40242415822784816,0.16194520312539215,0.1213354490378532,2020-05-03,Kingscliff New South Wales AUSTRALIA,Kingscliff,New South Wales,AUSTRALIA,-28.264593800000004,153.5776602
6067,2020-05-03|Kingscliffe Beach south of Tweed Heads New South Wales AUSTRALIA,0.7128067412547398,-0.5632034053332394,0.1637024434016034,0.17709713627238233,0.40242914382668526,0.16194921580107893,0.1213369522524621,2020-05-03,Kingscliffe Beach south of Tweed Heads New South Wales AUSTRALIA,Kingscliffe Beach,New South Wales,AUSTRALIA,-28.2732826,153.5811643
6068,2020-05-03|King’s Beach Caloundra Queensland AUSTRALIA,0.753016484478772,-0.5917453523561862,0.15836513404787855,0.17900800532638883,0.4247938206736068,0.1804497900824804,0.1280801560396246,2020-05-03,King’s Beach Caloundra Queensland AUSTRALIA,King’s Beach,Queensland,AUSTRALIA,-26.801,153.141
6069,2020-05-03|Kirra Beach Coolangatta Queensland AUSTRALIA,0.7171548567299557,-0.5655572336150501,0.16522103882503802,0.17803852638611456,0.40436130605790865,0.16350806583685767,0.12191952108474063,2020-05-03,Kirra Beach Coolangatta Queensland AUSTRALIA,Kirra Beach,Queensland,AUSTRALIA,-28.165981300000002,153.5286085
6070,2020-05-03|Kirra Queensland AUSTRALIA,0.7171293303509475,-0.5655587309440744,0.1652135978127153,0.17803524320954187,0.40435412718128877,0.16350226016854186,0.12191735657199841,2020-05-03,Kirra Queensland AUSTRALIA,Kirra,Queensland,AUSTRALIA,-28.1673738,153.53098530000003
6071,2020-05-03|Kissing Point Camp Townsville Queensland AUSTRALIA,1.3547821237610955,-0.9372244373357486,0.2515275717508938,0.27429343687688695,0.7833497082111462,0.613636765354488,0.23618882379734152,2020-05-03,Kissing Point Camp Townsville Queensland AUSTRALIA,Kissing Point Camp,Queensland,AUSTRALIA,-19.239290899999997,146.80543889999998
6072,2020-05-03|Knobbys Beach Newcastle New South Wales AUSTRALIA,0.6410879669695656,-0.5631651223442584,0.14650094629402746,0.1741865019504091,0.38544930376360387,0.14857116577184695,0.11621733784432704,2020-05-03,Knobbys Beach Newcastle New South Wales AUSTRALIA,Knobby's Beach,New South Wales,AUSTRALIA,-32.923841700000004,151.7928437
6073,2020-05-03|Koonya Beach Melbourne Victoria AUSTRALIA,0.7386152242749967,-0.8021150434760252,0.07915889509395492,0.13235729954817047,0.4629222169207878,0.21429697891885688,0.12839152228148953,2020-05-03,Koonya Beach Melbourne Victoria AUSTRALIA,Koonya Beach,Victoria,AUSTRALIA,-38.3632275,144.7513372
6074,2020-05-03|Kurnell Botany Bay New South Wales AUSTRALIA,0.6183825145406752,-0.5555431319160894,0.14042667631570466,0.17001292455271905,0.3767701579785484,0.14195575194318033,0.11360047692888854,2020-05-03,Kurnell Botany Bay New South Wales AUSTRALIA,Kurnell,New South Wales,AUSTRALIA,-34.011590000000005,151.20686
6075,2020-05-03|Kylies Beach Diamond Head New South Wales AUSTRALIA,0.6666416731946534,-0.5660829626402157,0.15290844210066643,0.17527303182844622,0.392480967210671,0.1540413096226238,0.11833746414487056,2020-05-03,Kylies Beach Diamond Head New South Wales AUSTRALIA,Kylie's Beach,New South Wales,AUSTRALIA,-31.735303100000003,152.7916418
6076,2020-05-03|Lachan Island Mercury Passage Tasmania AUSTRALIA,0.3904659202565641,-0.4250072651876514,0.10266283493129748,0.15053215906756867,0.26677688927887544,0.07116990865331338,0.08043625858874691,2020-05-03,Lachan Island Mercury Passage Tasmania AUSTRALIA,Lachan Island,Tasmania,AUSTRALIA,-42.642743599999996,147.97761830000002
6077,2020-05-03|Lady Beach at Warrnambool Victoria AUSTRALIA,0.17502470723589053,-0.21273943942820217,-0.008940501261053639,-0.0060746754917953925,0.12380343755476739,0.015327291150377188,0.03196591012352293,2020-05-03,Lady Beach at Warrnambool Victoria AUSTRALIA,Lady Beach at Warrnambool,Victoria,AUSTRALIA,-38.3974833,142.4726155
6078,2020-05-03|Lady Julia Percy Island Victoria AUSTRALIA,0.19333884451137476,-0.1960610887773996,-0.004630543534546866,-0.021311495379577574,0.12322413608453299,0.015184187713779504,0.03181633512707951,2020-05-03,Lady Julia Percy Island Victoria AUSTRALIA,Lady Julia Percy Island,Victoria,AUSTRALIA,-38.4160708,142.00376599999998
6079,2020-05-03|Lady Martin’s Beach Sydney Harbor New South Wales AUSTRALIA,0.6221732867613821,-0.5564023162678882,0.14234465161201867,0.171703257946488,0.3780473077883111,0.14291976692599,0.11398555208525732,2020-05-03,Lady Martin’s Beach Sydney Harbor New South Wales AUSTRALIA,Lady Martin’s Beach,New South Wales,AUSTRALIA,-33.865044299999994,151.2534844
6080,2020-05-03|Lake Conjola near Milton New South Wales AUSTRALIA,0.5959356655370531,-0.5492070730708151,0.13385528843166886,0.16477151267545026,0.368540845876651,0.13582235507947743,0.1111192459720954,2020-05-03,Lake Conjola near Milton New South Wales AUSTRALIA,Lake Conjola,New South Wales,AUSTRALIA,-35.2696191,150.4810158
6081,2020-05-03|Lake Illawarra New South Wales AUSTRALIA,0.6132569323441696,-0.5540987488199182,0.13917212551167066,0.16892537091247165,0.37483999167187015,0.1405050193565677,0.11301850989050329,2020-05-03,Lake Illawarra New South Wales AUSTRALIA,Lake Illawarra,New South Wales,AUSTRALIA,-34.541667,150.85833300000002
6082,2020-05-03|Lake Macquarie New South Wales AUSTRALIA,0.6384785390571456,-0.5620015936558197,0.14659011244835082,0.17415065686039452,0.3843079982516559,0.14769263752019476,0.1158732212848456,2020-05-03,Lake Macquarie New South Wales AUSTRALIA,Lake Macquarie,New South Wales,AUSTRALIA,-33.031122499999995,151.56032439999998
6083,2020-05-03|Lamberts Beach Mackay Queensland AUSTRALIA,2.187508211111203,-2.034945275511247,0.23268357584946603,0.5060055735566642,1.506643677735374,2.2699751716599734,0.41786777184065643,2020-05-03,Lamberts Beach Mackay Queensland AUSTRALIA,Lambert's Beach,Queensland,AUSTRALIA,-21.074391600000002,149.22827949999999
6084,2020-05-03|Lambert’s Beach Mackay Queensland AUSTRALIA,2.187508211111203,-2.034945275511247,0.23268357584946603,0.5060055735566642,1.506643677735374,2.2699751716599734,0.41786777184065643,2020-05-03,Lambert’s Beach Mackay Queensland AUSTRALIA,Lambert’s Beach,Queensland,AUSTRALIA,-21.074391600000002,149.22827949999999
6085,2020-05-03|Lambeth Street Wharf New South Wales AUSTRALIA,0.6175699989130122,-0.5553555246017364,0.1400304357532214,0.16946618353641693,0.3764626792981083,0.14172414890431034,0.11350776861852005,2020-05-03,Lambeth Street Wharf New South Wales AUSTRALIA,Lambeth Street Wharf,New South Wales,AUSTRALIA,-33.9633441,150.99770900000001
6086,2020-05-03|Lamont Reef Queensland AUSTRALIA,1.1125869280723393,-0.9968929164238671,0.184792336839779,0.2954991315366818,0.6945553177334012,0.4824070893917458,0.19263498551799701,2020-05-03,Lamont Reef Queensland AUSTRALIA,Lamont Reef,Queensland,AUSTRALIA,-23.6013947,152.0308565
6087,2020-05-03|Lancelin Island Western Australia AUSTRALIA,0.14089358257079118,-0.20088805028154205,0.008994121913364978,0.04146098599413496,0.10403850433200588,0.010824010383640809,0.028855089383971508,2020-05-03,Lancelin Island Western Australia AUSTRALIA,Lancelin Island,Western Australia,AUSTRALIA,-31.007032899999995,115.3167243
6088,2020-05-03|Lancelin Western Australia AUSTRALIA,0.14088920895310408,-0.20088309095795073,0.008994872952002929,0.04145847500902797,0.10403534698632026,0.010823353422564056,0.028854213693835826,2020-05-03,Lancelin Western Australia AUSTRALIA,Lancelin,Western Australia,AUSTRALIA,-31.045409799999998,115.35327749999999
6089,2020-05-03|Lane Cove River Sydney Harbor Estuary New South Wales AUSTRALIA,0.6239255090073046,-0.5573400897071586,0.1429371067551649,0.1717209796045723,0.378796100504497,0.14348648575741302,0.11421132158392458,2020-05-03,Lane Cove River Sydney Harbor Estuary New South Wales AUSTRALIA,Lane Cove River,New South Wales,AUSTRALIA,-33.7827054,151.14003469999997
6090,2020-05-03|Lane Cove River Sydney Harbor New South Wales AUSTRALIA,0.6239255090073046,-0.5573400897071586,0.1429371067551649,0.1717209796045723,0.378796100504497,0.14348648575741302,0.11421132158392458,2020-05-03,Lane Cove River Sydney Harbor New South Wales AUSTRALIA,Lane Cove River,New South Wales,AUSTRALIA,-33.7827054,151.14003469999997
6091,2020-05-03|Largs Bay South Australia AUSTRALIA,0.30003741497744224,-0.43982788128494466,0.03682385027294341,0.12461821410202509,0.2692183927211282,0.07247854297934761,0.08973946424037606,2020-05-03,Largs Bay South Australia AUSTRALIA,Largs Bay,South Australia,AUSTRALIA,-34.821,138.494
6092,2020-05-03|Latitude Reef near Forster New South Wales AUSTRALIA,0.6621775162564609,-0.5666262651199405,0.15262337665974604,0.17530861297602088,0.3915850271023268,0.15333883345073002,0.11806732803814256,2020-05-03,Latitude Reef near Forster New South Wales AUSTRALIA,Latitude Reef,New South Wales,AUSTRALIA,-32.180556,152.511667
6093,2020-05-03|Laura Bay South Australia AUSTRALIA,0.4903535637166289,-0.41172431438954504,0.036688424022086115,0.04195431868028501,0.273920547897035,0.07503246656021184,0.07907405103246147,2020-05-03,Laura Bay South Australia AUSTRALIA,Laura Bay,South Australia,AUSTRALIA,-32.2280904,133.83199679999998
6094,2020-05-03|Left break at the ‘Hot Spot’ at Sheringa Beach Western Australia AUSTRALIA,0.342524416291717,-0.3022963606930739,0.011378335610061885,0.0006031387743968587,0.19575791538196596,0.03832116143469295,0.05651044257088902,2020-05-03,Left break at the ‘Hot Spot’ at Sheringa Beach Western Australia AUSTRALIA,Left break at the ‘Hot Spot’ at Sheringa Beach,Western Australia,AUSTRALIA,-33.891765299999996,135.18893730000002
6095,2020-05-03|Lefthanders Beach Margaret River Western Australia AUSTRALIA,0.16118941041106558,-0.2536473514822739,0.004016498047857855,0.04590386980520002,0.13418630729677838,0.01800596506594544,0.037216585494130934,2020-05-03,Lefthanders Beach Margaret River Western Australia AUSTRALIA,Lefthanders Beach,Western Australia,AUSTRALIA,-33.8752851,114.98611319999999
6096,2020-05-03|Lefthanders Margaret River Area Western Australia AUSTRALIA,0.16118941041106558,-0.2536473514822739,0.004016498047857855,0.04590386980520002,0.13418630729677838,0.01800596506594544,0.037216585494130934,2020-05-03,Lefthanders Margaret River Area Western Australia AUSTRALIA,Lefthanders,Western Australia,AUSTRALIA,-33.8752851,114.98611319999999
6097,2020-05-03|Leichardt Sydney New South Wales AUSTRALIA,0.6221732867613821,-0.5564023162678882,0.14234465161201867,0.171703257946488,0.3780473077883111,0.14291976692599,0.11398555208525732,2020-05-03,Leichardt Sydney New South Wales AUSTRALIA,Leichardt,New South Wales,AUSTRALIA,-33.8837222,151.157028
6098,2020-05-03|Leighton Beach North Fremantle Western Australia AUSTRALIA,0.15015687131782784,-0.2088677676236413,0.008159279998730675,0.04257365028163371,0.10818568235680875,0.011704141867008322,0.030005309616041063,2020-05-03,Leighton Beach North Fremantle Western Australia AUSTRALIA,Leighton Beach,Western Australia,AUSTRALIA,-32.028432,115.7503284
6099,2020-05-03|Leighton Beach north of Freemantle Western Australia AUSTRALIA,0.15015687131782784,-0.2088677676236413,0.008159279998730675,0.04257365028163371,0.10818568235680875,0.011704141867008322,0.030005309616041063,2020-05-03,Leighton Beach north of Freemantle Western Australia AUSTRALIA,Leighton Beach,Western Australia,AUSTRALIA,-32.024505600000005,115.7503081
6100,2020-05-03|Leighton Beach south of North Cottesloe Western Australia AUSTRALIA,0.15015687131782784,-0.2088677676236413,0.008159279998730675,0.04257365028163371,0.10818568235680875,0.011704141867008322,0.030005309616041063,2020-05-03,Leighton Beach south of North Cottesloe Western Australia AUSTRALIA,Leighton Beach,Western Australia,AUSTRALIA,-32.028432,115.7503284
6101,2020-05-03|Lennox Head Ballina New South Wales AUSTRALIA,0.7069288611267086,-0.5658163504464386,0.16098024425217286,0.17596084546286966,0.4020617837614649,0.16165367796145097,0.12122618902525333,2020-05-03,Lennox Head Ballina New South Wales AUSTRALIA,Lennox Head,New South Wales,AUSTRALIA,-28.8,153.583333
6102,2020-05-03|Lennox Head New South Wales AUSTRALIA,0.7069288611267086,-0.5658163504464386,0.16098024425217286,0.17596084546286966,0.4020617837614649,0.16165367796145097,0.12122618902525333,2020-05-03,Lennox Head New South Wales AUSTRALIA,Lennox Head,New South Wales,AUSTRALIA,-28.8,153.583333
6103,2020-05-03|Lennox Heads New South Wales AUSTRALIA,0.7069288611267086,-0.5658163504464386,0.16098024425217286,0.17596084546286966,0.4020617837614649,0.16165367796145097,0.12122618902525333,2020-05-03,Lennox Heads New South Wales AUSTRALIA,Lennox Heads,New South Wales,AUSTRALIA,-28.8,153.583333
6104,2020-05-03|Levys Beach Victoria AUSTRALIA,0.49772779049533067,-0.564404670935194,0.015966381813072354,-0.04214261564155031,0.3436077341397289,0.11806627496063861,0.095299638775907,2020-05-03,Levys Beach Victoria AUSTRALIA,Levys Beach,Victoria,AUSTRALIA,-37.471307700000004,144.7851531
6105,2020-05-03|Lighthouse Beach Ballina New South Wales AUSTRALIA,0.7064297528475558,-0.566396512501553,0.1609006958270275,0.17630832186963488,0.4021870587314906,0.16175443021108743,0.12126396084990772,2020-05-03,Lighthouse Beach Ballina New South Wales AUSTRALIA,Lighthouse Beach,New South Wales,AUSTRALIA,-28.8725999,153.58992469999998
6106,2020-05-03|Lighthouse Beach New South Wales AUSTRALIA,0.671905702555692,-0.563579005010063,0.1558904638698856,0.1775273810253814,0.3928125958439044,0.15430173545362658,0.11843745393997725,2020-05-03,Lighthouse Beach New South Wales AUSTRALIA,Lighthouse Beach,New South Wales,AUSTRALIA,-31.4789172,152.9298045
6107,2020-05-03|Lighthouse Beach Seal Rocks New South Wales AUSTRALIA,0.6501350629368233,-0.5649046010266413,0.1496770799399968,0.17378248712909777,0.38799486848147396,0.1505400179679563,0.11698485448512178,2020-05-03,Lighthouse Beach Seal Rocks New South Wales AUSTRALIA,Lighthouse Beach,New South Wales,AUSTRALIA,-32.4436471,152.52793569999997
6108,2020-05-03|Line Reef Queensland AUSTRALIA,1.2094613998802504,-1.0016395370326925,0.1524382380750592,0.1643982180247123,0.7452338258530498,0.5553734551955737,0.20669067471718247,2020-05-03,Line Reef Queensland AUSTRALIA,Line Reef,Queensland,AUSTRALIA,-19.674144000000002,149.1746224
6109,2020-05-03|Line Reef northeast of Hamilton Island Whitsundays Queensland AUSTRALIA,1.2094613998802504,-1.0016395370326925,0.1524382380750592,0.1643982180247123,0.7452338258530498,0.5553734551955737,0.20669067471718247,2020-05-03,Line Reef northeast of Hamilton Island Whitsundays Queensland AUSTRALIA,Line Reef,Queensland,AUSTRALIA,-19.674144000000002,149.1746224
6110,2020-05-03|Lipson Cove Tumby Bay South Australia AUSTRALIA,0.23635539890944868,-0.39627273683056025,-0.01071868544435035,0.032641726618385804,0.19724604602086446,0.03890600267086498,0.05947192054839828,2020-05-03,Lipson Cove Tumby Bay South Australia AUSTRALIA,Lipson Cove,South Australia,AUSTRALIA,-34.2592315,136.2625804
6111,2020-05-03|Lismore New South Wales AUSTRALIA,0.7080885686198926,-0.571092546974179,0.16123457389469747,0.17705035823058046,0.40438200517577205,0.16352480610997813,0.1219257621035992,2020-05-03,Lismore New South Wales AUSTRALIA,Lismore,New South Wales,AUSTRALIA,-28.8093154,153.2882876
6112,2020-05-03|Little Beach Reef Bremer Bay Western Australia AUSTRALIA,0.23811211255715242,-0.29670548106842626,0.01555829869593601,0.027296089956975373,0.16910514223787126,0.028596549131290675,0.04690132779102124,2020-05-03,Little Beach Reef Bremer Bay Western Australia AUSTRALIA,Little Beach Reef,Western Australia,AUSTRALIA,-34.4650904,119.0936263
6113,2020-05-03|Little Congwong Beach La Perouse New South Wales AUSTRALIA,0.6183825145406752,-0.5555431319160894,0.14042667631570466,0.17001292455271905,0.3767701579785484,0.14195575194318033,0.11360047692888854,2020-05-03,Little Congwong Beach La Perouse New South Wales AUSTRALIA,Little Congwong Beach,New South Wales,AUSTRALIA,-33.9915566,151.2383626
6114,2020-05-03|Little Island near Hillarys Western Australia AUSTRALIA,0.1470561273665061,-0.20639155326926847,0.008006518653961443,0.0403807600305073,0.1066079947564413,0.011365264545989415,0.029567737805288093,2020-05-03,Little Island near Hillarys Western Australia AUSTRALIA,Little Island,Western Australia,AUSTRALIA,-31.8123368,115.70911540000002
6115,2020-05-03|Lizard Island Queensland AUSTRALIA,1.0574352716348459,-0.6639390237678967,0.1986906876728521,0.24245311346926318,0.5768598363000103,0.33276727073607465,0.17392978487572472,2020-05-03,Lizard Island Queensland AUSTRALIA,Lizard Island,Queensland,AUSTRALIA,-14.668043300000003,145.463777
6116,2020-05-03|Logan River Queensland AUSTRALIA,0.7221487229013461,-0.5682964990492679,0.1653946637231053,0.17717608325292808,0.40660236311020015,0.16532548168679906,0.12259522520985253,2020-05-03,Logan River Queensland AUSTRALIA,Logan River,Queensland,AUSTRALIA,-28.073537800000004,152.924704
6117,2020-05-03|Long Reef Collaroy New South Wales AUSTRALIA,0.6253097123314856,-0.5581497088370594,0.1431174514331527,0.17197518197523676,0.3794959546299338,0.14401717958048477,0.11442233554229332,2020-05-03,Long Reef Collaroy New South Wales AUSTRALIA,Long Reef,New South Wales,AUSTRALIA,-33.741958399999994,151.31703280000002
6118,2020-05-03|Long Reef North Manly New South Wales AUSTRALIA,0.625327928250815,-0.5581449685844807,0.14312829297313504,0.17198160254611328,0.37949927247208876,0.14401969780684465,0.11442333590934256,2020-05-03,Long Reef North Manly New South Wales AUSTRALIA,Long Reef,New South Wales,AUSTRALIA,-33.7419539,151.3170694
6119,2020-05-03|Long Reef north of Sydney New South Wales AUSTRALIA,0.6239255090073046,-0.5573400897071586,0.1429371067551649,0.1717209796045723,0.378796100504497,0.14348648575741302,0.11421132158392458,2020-05-03,Long Reef north of Sydney New South Wales AUSTRALIA,Long Reef,New South Wales,AUSTRALIA,-33.746083399999996,151.30407160000001
6120,2020-05-03|Lookout Point Queensland AUSTRALIA,0.727117422318371,-0.5637159593571567,0.16015630813806617,0.16870418039408072,0.40611812357539767,0.164931930296402,0.12244922149661652,2020-05-03,Lookout Point Queensland AUSTRALIA,Lookout Point,Queensland,AUSTRALIA,-27.434650800000004,153.5304523
6121,2020-05-03|Lord Howe Island New South Wales AUSTRALIA,0.6734441789489267,-0.5499059166917353,0.16116944577246903,0.22536465012162868,0.3943263157459011,0.15549324328973607,0.1188938576629424,2020-05-03,Lord Howe Island New South Wales AUSTRALIA,Lord Howe Island,New South Wales,AUSTRALIA,-31.555326300000004,159.0821211
6122,2020-05-03|Lord Howe Island island group 440 miles northeast of Sydney New South Wales AUSTRALIA,0.6734294003229698,-0.5499086452084998,0.1611618750827863,0.22535932436989162,0.39432346309548705,0.15549099354761792,0.11889299755648046,2020-05-03,Lord Howe Island island group 440 miles northeast of Sydney New South Wales AUSTRALIA,Lord Howe Island (island group 440 miles northeast of Sydney),New South Wales,AUSTRALIA,-31.555326300000004,159.0821211
6123,2020-05-03|Lorne Victoria AUSTRALIA,0.6146485461572556,-0.6328975045182438,0.09927959229687079,0.17119448085715952,0.36317254150823175,0.1318942949055483,0.10072594001911567,2020-05-03,Lorne Victoria AUSTRALIA,Lorne,Victoria,AUSTRALIA,-38.5366556,143.97154840000002
6124,2020-05-03|Maatsuyker Island Tasmania AUSTRALIA,0.18207394286577558,-0.2768179056527606,0.013800336726616687,0.06427658524453214,0.15255196096556878,0.02327210079444042,0.04403795786443821,2020-05-03,Maatsuyker Island Tasmania AUSTRALIA,Maatsuyker Island,Tasmania,AUSTRALIA,-43.6522707,146.27698130000002
6125,2020-05-03|Mackay Queensland AUSTRALIA,2.243328845017884,-2.118018424622284,0.19633894945795596,0.46401643864227937,1.555605558354804,2.4199086531843617,0.43144735423423347,2020-05-03,Mackay Queensland AUSTRALIA,Mackay,Queensland,AUSTRALIA,-21.1424956,149.1821469
6126,2020-05-03|Macleay River New South Wales AUSTRALIA,0.677840198580422,-0.5602844933859007,0.15868986050588807,0.18411177904768727,0.3934733027984629,0.15482124001513087,0.11863666458221807,2020-05-03,Macleay River New South Wales AUSTRALIA,Macleay River,New South Wales,AUSTRALIA,-30.8273843,152.45621
6127,2020-05-03|Magnetic Island Queensland AUSTRALIA,1.3767654270739254,-0.955175480194827,0.25521564099448724,0.2702557660505088,0.799244022803779,0.6387910079875676,0.24098113996130818,2020-05-03,Magnetic Island Queensland AUSTRALIA,Magnetic Island,Queensland,AUSTRALIA,-19.135865300000003,146.8423556
6128,2020-05-03|Magra Islet Queensland AUSTRALIA,1.3354546517719041,-0.9510964902478481,0.25830967507489055,0.34869821866380474,0.7470335856212538,0.5580591780461471,0.2156500208760611,2020-05-03,Magra Islet Queensland AUSTRALIA,Magra Islet,Queensland,AUSTRALIA,-11.8573472,143.2815326
6129,2020-05-03|Main Beach Gold Coast Queensland AUSTRALIA,0.7243520552698943,-0.5690000231166795,0.16456600854679015,0.17521400891790437,0.40737038187651925,0.16595062803022112,0.12282679158074634,2020-05-03,Main Beach Gold Coast Queensland AUSTRALIA,Main Beach,Queensland,AUSTRALIA,-27.963,153.42600000000002
6130,2020-05-03|Main Beach Southport Queensland AUSTRALIA,0.7243295643160316,-0.5690029014388286,0.16455538810329695,0.1752074175435452,0.4073651408639002,0.16594635799106525,0.12282521135598463,2020-05-03,Main Beach Southport Queensland AUSTRALIA,Main Beach,Queensland,AUSTRALIA,-27.963,153.42600000000002
6131,2020-05-03|Malagil Barrier Reef Queensland AUSTRALIA,1.355660298643808,-0.9391856741786208,0.2514205299652433,0.27435935311417037,0.7843679938779081,0.6152331498200542,0.23649584847789115,2020-05-03,Malagil Barrier Reef Queensland AUSTRALIA,Malagil,Queensland,AUSTRALIA,-19.3594967,146.885081
6132,2020-05-03|Manley Beach New South Wales AUSTRALIA,0.6239255090073046,-0.5573400897071586,0.1429371067551649,0.1717209796045723,0.378796100504497,0.14348648575741302,0.11421132158392458,2020-05-03,Manley Beach New South Wales AUSTRALIA,Manley Beach,New South Wales,AUSTRALIA,-33.7931501,151.2876488
6133,2020-05-03|Manly Marineland Sydney New South Wales AUSTRALIA,0.6239255090073046,-0.5573400897071586,0.1429371067551649,0.1717209796045723,0.378796100504497,0.14348648575741302,0.11421132158392458,2020-05-03,Manly Marineland Sydney New South Wales AUSTRALIA,Manly Marineland,New South Wales,AUSTRALIA,-33.8060158,151.29477749999998
6134,2020-05-03|Manly New South Wales AUSTRALIA,0.6239255090073046,-0.5573400897071586,0.1429371067551649,0.1717209796045723,0.378796100504497,0.14348648575741302,0.11421132158392458,2020-05-03,Manly New South Wales AUSTRALIA,Manly,New South Wales,AUSTRALIA,-33.8060158,151.29477749999998
6135,2020-05-03|Manning River New South Wales AUSTRALIA,0.6634840874023948,-0.566880998367932,0.15263477333426634,0.17502287467198577,0.3919954697058418,0.15366044826990355,0.11819108113940037,2020-05-03,Manning River New South Wales AUSTRALIA,Manning River,New South Wales,AUSTRALIA,-31.8518472,152.10067469999998
6136,2020-05-03|Maria River New South Wales AUSTRALIA,0.6736107213889736,-0.5608140857151155,0.15747663803858727,0.1811843291933539,0.3924151176026446,0.1539896245230974,0.1183176097410146,2020-05-03,Maria River New South Wales AUSTRALIA,Maria River,New South Wales,AUSTRALIA,-31.269947600000002,152.8567516
6137,2020-05-03|Marineland Aquarium Manley Sydney New South Wales AUSTRALIA,0.623943707190177,-0.5573353317371056,0.1429479537253588,0.1717273923133093,0.3787994116126142,0.14348899423806272,0.11421231992058505,2020-05-03,Marineland Aquarium Manley Sydney New South Wales AUSTRALIA,Marineland Aquarium,New South Wales,AUSTRALIA,-33.795355,151.285014
6138,2020-05-03|Marineland Sydney New South Wales AUSTRALIA,0.6221732867613821,-0.5564023162678882,0.14234465161201867,0.171703257946488,0.3780473077883111,0.14291976692599,0.11398555208525732,2020-05-03,Marineland Sydney New South Wales AUSTRALIA,Marineland,New South Wales,AUSTRALIA,-33.8695997,151.2021381
6139,2020-05-03|Marino South Australia AUSTRALIA,0.27648146243388994,-0.40995971009605503,0.029853661832847298,0.0950497796301858,0.24847545001795932,0.0617400492616274,0.08282515000598643,2020-05-03,Marino South Australia AUSTRALIA,Marino,South Australia,AUSTRALIA,-35.049724499999996,138.5162223
6140,2020-05-03|Marion Bay South Australia AUSTRALIA,0.22467040884424497,-0.2541906588445287,-0.02352790290146073,-0.011660500408670681,0.14708142176433667,0.02163294462821869,0.04245874922421633,2020-05-03,Marion Bay South Australia AUSTRALIA,Marion Bay,South Australia,AUSTRALIA,-35.2398829,136.97959939999998
6141,2020-05-03|Mark’s Point Swan Bay Lake Macquarie New South Wales AUSTRALIA,0.6384599544480509,-0.5620061953162229,0.14657923857479502,0.17414413373033164,0.38430453175992957,0.1476899731312187,0.11587217609826422,2020-05-03,Mark’s Point Swan Bay Lake Macquarie New South Wales AUSTRALIA,Mark’s Point,New South Wales,AUSTRALIA,-33.0589864,151.64430869999998
6142,2020-05-03|Maroochydore Beach Queensland AUSTRALIA,0.7483271261218374,-0.5843615097588477,0.16056995794380724,0.18138359164438708,0.4204563758795628,0.1767835640177762,0.12677236722774057,2020-05-03,Maroochydore Beach Queensland AUSTRALIA,Maroochydore Beach,Queensland,AUSTRALIA,-26.65447,153.10362869999997
6143,2020-05-03|Maroochydore Queensland AUSTRALIA,0.7483271261218374,-0.5843615097588477,0.16056995794380724,0.18138359164438708,0.4204563758795628,0.1767835640177762,0.12677236722774057,2020-05-03,Maroochydore Queensland AUSTRALIA,Maroochydore,Queensland,AUSTRALIA,-26.65,153.1
6144,2020-05-03|Maroubra Bay New South Wales AUSTRALIA,0.620147004239309,-0.556450410739988,0.14070243836721652,0.16976962682365027,0.3775070394839135,0.142511564859909,0.11382265506236566,2020-05-03,Maroubra Bay New South Wales AUSTRALIA,Maroubra Bay,New South Wales,AUSTRALIA,-33.980540000000005,151.24301
6145,2020-05-03|Maroubra Beach New South Wales AUSTRALIA,0.621085307720185,-0.5563675206384738,0.141540491891743,0.1708200376424152,0.3777379161108544,0.14268593326777085,0.11389226698458618,2020-05-03,Maroubra Beach New South Wales AUSTRALIA,Maroubra Beach,New South Wales,AUSTRALIA,-33.9495,151.2437
6146,2020-05-03|Maroubra New South Wales AUSTRALIA,0.621085307720185,-0.5563675206384738,0.141540491891743,0.1708200376424152,0.3777379161108544,0.14268593326777085,0.11389226698458618,2020-05-03,Maroubra New South Wales AUSTRALIA,Maroubra,New South Wales,AUSTRALIA,-33.9495,151.2437
6147,2020-05-03|Martin Islet New South Wales AUSTRALIA,0.614038436025682,-0.5540716843644594,0.13951784021897023,0.1692025040758558,0.3750303834371342,0.1406477885010039,0.11307591516764458,2020-05-03,Martin Islet New South Wales AUSTRALIA,Martin Islet,New South Wales,AUSTRALIA,-34.4943401,150.93782480000002
6148,2020-05-03|Mary River Queensland AUSTRALIA,0.7540092365133592,-0.5887252507171207,0.1610436522355754,0.1808659113353028,0.42329607398498525,0.1791795662511021,0.12762856842170142,2020-05-03,Mary River Queensland AUSTRALIA,Mary River,Queensland,AUSTRALIA,-26.184755499999998,152.64317409999998
6149,2020-05-03|Maryborough Queensland AUSTRALIA,1.2728197025163126,-1.1684851020744638,0.19561182496124477,0.29105643836610345,0.8374099824221473,0.7012554786602611,0.24173943938675327,2020-05-03,Maryborough Queensland AUSTRALIA,Maryborough,Queensland,AUSTRALIA,-25.523262699999997,152.6970636
6150,2020-05-03|Mauds Point Western Australia AUSTRALIA,0.14880902431858192,-0.2077265165778721,0.008172233508199771,0.0415767311954886,0.1074473205664089,0.011544926696900638,0.02980052490103106,2020-05-03,Mauds Point Western Australia AUSTRALIA,Mauds Point,Western Australia,AUSTRALIA,-31.954288399999996,115.8624252
6151,2020-05-03|McKenzies Beach New South Wales AUSTRALIA,0.5913490147615607,-0.5478734717586057,0.1320237637557466,0.1640453608428849,0.36692152605439005,0.13463140628208242,0.11063100267518407,2020-05-03,McKenzies Beach New South Wales AUSTRALIA,McKenzies Beach,New South Wales,AUSTRALIA,-35.8043718,150.226363
6152,2020-05-03|McMasters Beach Central Coast New South Wales AUSTRALIA,0.6285428585096609,-0.55914059623337,0.14457377067403854,0.17343380855878657,0.38074019049358854,0.1449630926570941,0.11479748677051574,2020-05-03,McMasters Beach Central Coast New South Wales AUSTRALIA,McMasters Beach,New South Wales,AUSTRALIA,-33.4967169,151.4114482
6153,2020-05-03|Melbourne Victoria AUSTRALIA,0.5007122731872773,-0.5690832949786984,0.01448024875591056,-0.04358461076785889,0.3460219672262648,0.1197312018031343,0.09596922655932445,2020-05-03,Melbourne Victoria AUSTRALIA,Melbourne,Victoria,AUSTRALIA,-37.813627600000004,144.96305759999998
6154,2020-05-03|Mereweather Beach New South Wales AUSTRALIA,0.6410879669695656,-0.5631651223442584,0.14650094629402746,0.1741865019504091,0.38544930376360387,0.14857116577184695,0.11621733784432704,2020-05-03,Mereweather Beach New South Wales AUSTRALIA,Mereweather Beach,New South Wales,AUSTRALIA,-32.9465493,151.7599466
6155,2020-05-03|Merewether Beach Newcastle New South Wales AUSTRALIA,0.6411094442774055,-0.5631628603562672,0.14650787702929113,0.17418975866640604,0.38545516679331315,0.14857568560766088,0.11621910561429799,2020-05-03,Merewether Beach Newcastle New South Wales AUSTRALIA,Merewether Beach,New South Wales,AUSTRALIA,-32.9465493,151.7599466
6156,2020-05-03|Merewether Beach near Newcastle New South Wales AUSTRALIA,0.6410879669695656,-0.5631651223442584,0.14650094629402746,0.1741865019504091,0.38544930376360387,0.14857116577184695,0.11621733784432704,2020-05-03,Merewether Beach near Newcastle New South Wales AUSTRALIA,Merewether Beach,New South Wales,AUSTRALIA,-32.9465493,151.7599466
6157,2020-05-03|Merimbula New South Wales AUSTRALIA,0.5824964903234189,-0.5432093143422448,0.1288240585591738,0.15675023502613908,0.36213962175836456,0.13114510564729134,0.10918920428124725,2020-05-03,Merimbula New South Wales AUSTRALIA,Merimbula,New South Wales,AUSTRALIA,-36.8875485,149.90587480000002
6158,2020-05-03|Merino Rocks Adelaide South Australia AUSTRALIA,0.27648146243388994,-0.40995971009605503,0.029853661832847298,0.0950497796301858,0.24847545001795932,0.0617400492616274,0.08282515000598643,2020-05-03,Merino Rocks Adelaide South Australia AUSTRALIA,Merino Rocks,South Australia,AUSTRALIA,-35.05,138.5166667
6159,2020-05-03|Mermaid Beach Queensland AUSTRALIA,0.7221487229013461,-0.5682964990492679,0.1653946637231053,0.17717608325292808,0.40660236311020015,0.16532548168679906,0.12259522520985253,2020-05-03,Mermaid Beach Queensland AUSTRALIA,Mermaid Beach,Queensland,AUSTRALIA,-28.044,153.437
6160,2020-05-03|Mermaid Waters Queensland AUSTRALIA,0.7221487229013461,-0.5682964990492679,0.1653946637231053,0.17717608325292808,0.40660236311020015,0.16532548168679906,0.12259522520985253,2020-05-03,Mermaid Waters Queensland AUSTRALIA,Mermaid Waters,Queensland,AUSTRALIA,-28.047778000000005,153.42166699999999
6161,2020-05-03|Metro coast Western Australia AUSTRALIA,0.1472392037828608,-0.20670402476489036,0.008031262470853829,0.04057948088439339,0.10683219186704226,0.011413117219116533,0.029629918895909838,2020-05-03,Metro coast Western Australia AUSTRALIA,Metro coast,Western Australia,AUSTRALIA,-31.7478596,115.7726817
6162,2020-05-03|Miall Island Queensland AUSTRALIA,1.822275914335351,-1.5850038655454737,0.2681276931370858,0.3658378314318804,1.1825567697580137,1.3984405137005078,0.3413747346759018,2020-05-03,Miall Island Queensland AUSTRALIA,Miall Island,Queensland,AUSTRALIA,-23.1528552,150.9052831
6163,2020-05-03|Miami Lake Queensland AUSTRALIA,0.7221487229013461,-0.5682964990492679,0.1653946637231053,0.17717608325292808,0.40660236311020015,0.16532548168679906,0.12259522520985253,2020-05-03,Miami Lake Queensland AUSTRALIA,Miami Lake,Queensland,AUSTRALIA,-28.076944399999995,153.4366667
6164,2020-05-03|Middle Beach 40 km north of Adelaide South Australia AUSTRALIA,0.32296068434928665,-0.4493010354812455,0.05038736000556886,0.1546915004706964,0.2800395222715126,0.07842213403405698,0.09334650742383753,2020-05-03,Middle Beach 40 km north of Adelaide South Australia AUSTRALIA,Middle Beach,South Australia,AUSTRALIA,-34.5795185,138.4821124
6165,2020-05-03|Middle Brighton Port Phillip Victoria AUSTRALIA,0.5007122731872773,-0.5690832949786984,0.01448024875591056,-0.04358461076785889,0.3460219672262648,0.1197312018031343,0.09596922655932445,2020-05-03,Middle Brighton Port Phillip Victoria AUSTRALIA,Middle Brighton,Victoria,AUSTRALIA,-37.915053799999995,144.9962287
6166,2020-05-03|Middle Harbour Sugarloaf Bay Sydney Estuary New South Wales AUSTRALIA,0.6239255090073046,-0.5573400897071586,0.1429371067551649,0.1717209796045723,0.378796100504497,0.14348648575741302,0.11421132158392458,2020-05-03,Middle Harbour Sugarloaf Bay Sydney Estuary New South Wales AUSTRALIA,Middle Harbour,New South Wales,AUSTRALIA,-33.7831723,151.2231308
6167,2020-05-03|Middle Harbour Sydney New South Wales AUSTRALIA,0.6239255090073046,-0.5573400897071586,0.1429371067551649,0.1717209796045723,0.378796100504497,0.14348648575741302,0.11421132158392458,2020-05-03,Middle Harbour Sydney New South Wales AUSTRALIA,Middle Harbour,New South Wales,AUSTRALIA,-33.7859956,151.2260866
6168,2020-05-03|Middleton Beach South Australia AUSTRALIA,0.32250592462360955,-0.27329241598046533,0.015829328466582762,-0.006002116444396292,0.1780892858684732,0.03171579374114277,0.05369594003709707,2020-05-03,Middleton Beach South Australia AUSTRALIA,Middleton Beach,South Australia,AUSTRALIA,-35.51150689999999,138.7185508
6169,2020-05-03|Middleton Point Fleurieu Peninsula South Australia AUSTRALIA,0.32250592462360955,-0.27329241598046533,0.015829328466582762,-0.006002116444396292,0.1780892858684732,0.03171579374114277,0.05369594003709707,2020-05-03,Middleton Point Fleurieu Peninsula South Australia AUSTRALIA,Middleton Point,South Australia,AUSTRALIA,-35.5142799,138.70844
6170,2020-05-03|Middleton Reef Queensland AUSTRALIA,1.4221179980553234,-1.1662775176815672,0.15513041416642268,0.15414349616929,0.9924133791546185,0.9848843151250884,0.29922389232587093,2020-05-03,Middleton Reef Queensland AUSTRALIA,Middleton Reef,Queensland,AUSTRALIA,-22.3581165,141.54921140000002
6171,2020-05-03|Millers Point New South Wales AUSTRALIA,0.6221732867613821,-0.5564023162678882,0.14234465161201867,0.171703257946488,0.3780473077883111,0.14291976692599,0.11398555208525732,2020-05-03,Millers Point New South Wales AUSTRALIA,Millers Point,New South Wales,AUSTRALIA,-33.86085,151.20281
6172,2020-05-03|Millicent South Australia AUSTRALIA,0.22353088367299234,-0.20114754490181835,-0.006655465051506881,-0.04173044715787854,0.1283841843408554,0.016482498788866744,0.03209604608521385,2020-05-03,Millicent South Australia AUSTRALIA,Millicent,South Australia,AUSTRALIA,-37.6050244,140.3593062
6173,2020-05-03|Mindarie Western Australia AUSTRALIA,0.14679318874130798,-0.2065989975767063,0.008226065686475712,0.04050244174896513,0.10670267930056779,0.011385461769919817,0.029593998572891324,2020-05-03,Mindarie Western Australia AUSTRALIA,Mindarie,Western Australia,AUSTRALIA,-31.6900771,115.7060487
6174,2020-05-03|Moama Beach South Australia AUSTRALIA,0.49772779049533067,-0.564404670935194,0.015966381813072354,-0.04214261564155031,0.3436077341397289,0.11806627496063861,0.095299638775907,2020-05-03,Moama Beach South Australia AUSTRALIA,Moama Beach,South Australia,AUSTRALIA,-36.1214284,144.7528293
6175,2020-05-03|Moffat Beach Caloundra Queensland AUSTRALIA,0.753016484478772,-0.5917453523561862,0.15836513404787855,0.17900800532638883,0.4247938206736068,0.1804497900824804,0.1280801560396246,2020-05-03,Moffat Beach Caloundra Queensland AUSTRALIA,Moffat Beach,Queensland,AUSTRALIA,-26.791,153.139
6176,2020-05-03|Mollymook Beach Bannister Head New South Wales AUSTRALIA,0.5948902077028996,-0.5476518354752951,0.13362358118685047,0.16493994354943275,0.36772189996391946,0.13521939571307479,0.11087232448881125,2020-05-03,Mollymook Beach Bannister Head New South Wales AUSTRALIA,Mollymook Beach,New South Wales,AUSTRALIA,-35.32012279999999,150.47556730000002
6177,2020-05-03|Mona Vale Beach Sydney New South Wales AUSTRALIA,0.6257422441198017,-0.5581102954632857,0.1437708232037001,0.1730849534515549,0.37966492325521467,0.14414545395038805,0.11447328149969321,2020-05-03,Mona Vale Beach Sydney New South Wales AUSTRALIA,Mona Vale Beach,New South Wales,AUSTRALIA,-33.6795811,151.31354850000002
6178,2020-05-03|Mona Vale New South Wales AUSTRALIA,0.6257239988066886,-0.5581150392588677,0.14375996774842134,0.17307852708983845,0.37966160367949126,0.1441429333084831,0.11447228060995342,2020-05-03,Mona Vale New South Wales AUSTRALIA,Mona Vale,New South Wales,AUSTRALIA,-33.675959999999996,151.30653
6179,2020-05-03|Mona Vale near Sydney New South Wales AUSTRALIA,0.6257239988066886,-0.5581150392588677,0.14375996774842134,0.17307852708983845,0.37966160367949126,0.1441429333084831,0.11447228060995342,2020-05-03,Mona Vale near Sydney New South Wales AUSTRALIA,Mona Vale,New South Wales,AUSTRALIA,-33.675959999999996,151.30653
6180,2020-05-03|Moodie Beach New South Wales AUSTRALIA,0.6852068353439343,-0.5639674371827198,0.15922610811561755,0.18579684540814687,0.39689345784601643,0.1575244168809676,0.11966788012927036,2020-05-03,Moodie Beach New South Wales AUSTRALIA,Moodie Beach,New South Wales,AUSTRALIA,-30.210286,153.15729
6181,2020-05-03|Mooloolaba Beach Queensland AUSTRALIA,0.7484401312090784,-0.5854155650509246,0.15982702868179818,0.18053071983002336,0.42093583296913695,0.17718697547742115,0.1269169289794854,2020-05-03,Mooloolaba Beach Queensland AUSTRALIA,Mooloolaba Beach,Queensland,AUSTRALIA,-26.680943699999997,153.12166499999998
6182,2020-05-03|Mooloolaba Queensland AUSTRALIA,0.7484401312090784,-0.5854155650509246,0.15982702868179818,0.18053071983002336,0.42093583296913695,0.17718697547742115,0.1269169289794854,2020-05-03,Mooloolaba Queensland AUSTRALIA,Mooloolaba,Queensland,AUSTRALIA,-26.682,153.118
6183,2020-05-03|Moonee Beach New South Wales AUSTRALIA,0.6852068353439343,-0.5639674371827198,0.15922610811561755,0.18579684540814687,0.39689345784601643,0.1575244168809676,0.11966788012927036,2020-05-03,Moonee Beach New South Wales AUSTRALIA,Moonee Beach,New South Wales,AUSTRALIA,-30.1895467,153.1501948
6184,2020-05-03|Moore Park north of Bundaberg Queensland AUSTRALIA,1.115521041384228,-0.9844913863613799,0.1884201155406772,0.2629064763016676,0.710570993929475,0.5049111374139219,0.20512417731176116,2020-05-03,Moore Park north of Bundaberg Queensland AUSTRALIA,Moore Park,Queensland,AUSTRALIA,-24.850489899999996,152.3506485
6185,2020-05-03|Mordialloc Victoria AUSTRALIA,0.5035769839592521,-0.578397851863991,0.009807574462066973,-0.0442433360862338,0.3499629749472224,0.12247408383391022,0.0970622654373946,2020-05-03,Mordialloc Victoria AUSTRALIA,Mordialloc,Victoria,AUSTRALIA,-37.999541799999996,145.0940302
6186,2020-05-03|Moreton Bay NE of Brisbane Queensland AUSTRALIA,1.0027285532065051,-0.877481804767463,0.17650194154289492,0.24737325993006287,0.633238677012422,0.40099122206444254,0.18280026031720217,2020-05-03,Moreton Bay NE of Brisbane Queensland AUSTRALIA,Moreton Bay,Queensland,AUSTRALIA,-27.3123953,153.3446649
6187,2020-05-03|Moreton Bay Queensland AUSTRALIA,1.0027358903269923,-0.8774833477124598,0.17649436296814705,0.24736340011573166,0.6332366507917662,0.4009886559059732,0.18279967539768163,2020-05-03,Moreton Bay Queensland AUSTRALIA,Moreton Bay,Queensland,AUSTRALIA,-27.3123953,153.3446649
6188,2020-05-03|Moreton Island Queensland AUSTRALIA,0.813713722685991,-0.6406301773673346,0.16468068425571156,0.19736268344997054,0.4639140918372083,0.2152162846051417,0.13987536159840877,2020-05-03,Moreton Island Queensland AUSTRALIA,Moreton Island,Queensland,AUSTRALIA,-27.0873207,153.41542330000001
6189,2020-05-03|Mornington Island Gulf of Carpentaria Queensland AUSTRALIA,1.0233908634045894,-1.015639963993231,0.006690280437185771,0.002160042494223857,0.7806511709758601,0.6094162507459816,0.2253545818530547,2020-05-03,Mornington Island Gulf of Carpentaria Queensland AUSTRALIA,Mornington Island,Queensland,AUSTRALIA,-16.5174872,139.4059435
6190,2020-05-03|Mornington Island Queensland AUSTRALIA,1.0233908634045894,-1.015639963993231,0.006690280437185771,0.002160042494223857,0.7806511709758601,0.6094162507459816,0.2253545818530547,2020-05-03,Mornington Island Queensland AUSTRALIA,Mornington Island,Queensland,AUSTRALIA,-16.5174872,139.4059435
6191,2020-05-03|Mount Martha Beach Victoria AUSTRALIA,0.4885658201795346,-0.46514150079695193,0.05014409192340124,0.04283956298060711,0.3089963999967906,0.09547877521097664,0.08919957735838618,2020-05-03,Mount Martha Beach Victoria AUSTRALIA,Mount Martha Beach,Victoria,AUSTRALIA,-38.263749600000004,145.0158385
6192,2020-05-03|Mowarry Point New South Wales AUSTRALIA,0.5838369346673313,-0.5449927634208873,0.12872779830973718,0.15295183774949428,0.3627081235285453,0.1315571828735985,0.10936061401436928,2020-05-03,Mowarry Point New South Wales AUSTRALIA,Mowarry Point,New South Wales,AUSTRALIA,-37.1406048,150.0047629
6193,2020-05-03|Mudjimba Island Queensland AUSTRALIA,0.7483271261218374,-0.5843615097588477,0.16056995794380724,0.18138359164438708,0.4204563758795628,0.1767835640177762,0.12677236722774057,2020-05-03,Mudjimba Island Queensland AUSTRALIA,Mudjimba Island,Queensland,AUSTRALIA,-26.6146347,153.1144871
6194,2020-05-03|Mullaloo Beach Perth Western Australia AUSTRALIA,0.1472392037828608,-0.20670402476489036,0.008031262470853829,0.04057948088439339,0.10683219186704226,0.011413117219116533,0.029629918895909838,2020-05-03,Mullaloo Beach Perth Western Australia AUSTRALIA,Mullaloo Beach,Western Australia,AUSTRALIA,-31.7789355,115.7325558
6195,2020-05-03|Mullaway Headland New South Wales AUSTRALIA,0.687026011638615,-0.5638721778961007,0.1598368026205185,0.18597410204530776,0.39729267271314334,0.15784146779155284,0.11978824794063322,2020-05-03,Mullaway Headland New South Wales AUSTRALIA,Mullaway Headland,New South Wales,AUSTRALIA,-30.080607300000004,153.19585039999998
6196,2020-05-03|Murwillumbah Tweed River New South Wales AUSTRALIA,0.7171293303509475,-0.5655587309440744,0.1652135978127153,0.17803524320954187,0.40435412718128877,0.16350226016854186,0.12191735657199841,2020-05-03,Murwillumbah Tweed River New South Wales AUSTRALIA,Murwillumbah,New South Wales,AUSTRALIA,-28.332256800000003,153.3827556
6197,2020-05-03|Mutton Bird Island Albany Western Australia AUSTRALIA,0.21333357751673096,-0.28305791835336197,0.020296283178530813,0.042611393514043645,0.15843037017674166,0.025100182194339394,0.043940678712537144,2020-05-03,Mutton Bird Island Albany Western Australia AUSTRALIA,Mutton Bird Island,Western Australia,AUSTRALIA,-35.0508428,117.69298300000001
6198,2020-05-03|Nambucca New South Wales AUSTRALIA,0.6794475351736504,-0.5606106238804021,0.15904677762195643,0.18469615142073947,0.39403954666212193,0.15526716433369056,0.11880739353090881,2020-05-03,Nambucca New South Wales AUSTRALIA,Nambucca,New South Wales,AUSTRALIA,-30.666463,152.73238840000002
6199,2020-05-03|Nambucca River Entrance New South Wales AUSTRALIA,0.6801109092718157,-0.5608023624319171,0.15905578428382572,0.18470259185549145,0.39428237138240035,0.15545858838292906,0.11888060793881668,2020-05-03,Nambucca River Entrance New South Wales AUSTRALIA,Nambucca River Entrance,New South Wales,AUSTRALIA,-30.6419702,152.9978834
6200,2020-05-03|Native Dog Beach Western Australia AUSTRALIA,0.23914193897328126,-0.2948260415139974,0.015477609631588733,0.02728961096286549,0.16874862895567708,0.02847609977442078,0.04680244879722623,2020-05-03,Native Dog Beach Western Australia AUSTRALIA,Native Dog Beach,Western Australia,AUSTRALIA,-34.450121,119.35602220000001
6201,2020-05-03|Near Albany Western Australia AUSTRALIA,0.2274259751965315,-0.29030375627839383,0.0190543516745686,0.034930760158450806,0.1641377854475169,0.026941212611615084,0.04552363089785609,2020-05-03,Near Albany Western Australia AUSTRALIA,Near Albany,Western Australia,AUSTRALIA,-35.0269344,117.8837206
6202,2020-05-03|Near Asbestos Works Camellia Parramatta River New South Wales AUSTRALIA,0.6221732867613821,-0.5564023162678882,0.14234465161201867,0.171703257946488,0.3780473077883111,0.14291976692599,0.11398555208525732,2020-05-03,Near Asbestos Works Camellia Parramatta River New South Wales AUSTRALIA,Near Asbestos Works,New South Wales,AUSTRALIA,-33.858772200000004,151.1770866
6203,2020-05-03|Near Barrow Point Queensland AUSTRALIA,1.396925114879286,-1.1363317207986408,0.20416545916267098,0.2463070010526047,0.9744680740315753,0.9495880273068078,0.29381317924936395,2020-05-03,Near Barrow Point Queensland AUSTRALIA,Near Barrow Point,Queensland,AUSTRALIA,-20.9175738,142.7027956
6204,2020-05-03|Near Bondi Beach New South Wales AUSTRALIA,0.6221732867613821,-0.5564023162678882,0.14234465161201867,0.171703257946488,0.3780473077883111,0.14291976692599,0.11398555208525732,2020-05-03,Near Bondi Beach New South Wales AUSTRALIA,Near Bondi Beach,New South Wales,AUSTRALIA,-33.8914755,151.2766845
6205,2020-05-03|Near Brisbane Queensland AUSTRALIA,1.0533446691563466,-0.7552732983472297,0.2612473981881679,0.3639486340689835,0.6082344754384627,0.3699491771119018,0.17558216906240362,2020-05-03,Near Brisbane Queensland AUSTRALIA,Near Brisbane,Queensland,AUSTRALIA,-27.469770699999998,153.0251235
6206,2020-05-03|Near Broome in Roebuck Bay Western Australia AUSTRALIA,1.323291406069778,-1.0574851743823532,0.1321792556083396,0.0001351565673290761,0.7600556733237389,0.5776846265516021,0.21080151556738833,2020-05-03,Near Broome in Roebuck Bay Western Australia AUSTRALIA,Near Broome in Roebuck Bay,Western Australia,AUSTRALIA,-18.0858333,122.28305559999998
6207,2020-05-03|Near Cairns Queensland AUSTRALIA,1.1114890595135587,-0.6711086319960959,0.22363821147165105,0.2687859819851112,0.5989396985089089,0.35872876244994273,0.1805871138184215,2020-05-03,Near Cairns Queensland AUSTRALIA,Near Cairns,Queensland,AUSTRALIA,-16.9185514,145.7780548
6208,2020-05-03|Near Forbes Island Barrier Reef Queensland AUSTRALIA,1.1651001608172618,-0.9215627711635164,0.17964053215053924,0.23876000647588463,0.7144187539083335,0.5103941559359361,0.19814411148996816,2020-05-03,Near Forbes Island Barrier Reef Queensland AUSTRALIA,Near Forbes Island,Queensland,AUSTRALIA,-12.2894676,143.4081551
6209,2020-05-03|Near Legendre Island Western Australia AUSTRALIA,0.6013925114273472,-0.62580366866892,0.045039504040282535,0.05857002268484826,0.3861763931473331,0.1491322066242836,0.10710606052818845,2020-05-03,Near Legendre Island Western Australia AUSTRALIA,Near Legendre Island,Western Australia,AUSTRALIA,-20.3853568,116.87631040000001
6210,2020-05-03|Near Moreton Island in Moreton Bay Queensland AUSTRALIA,0.813713722685991,-0.6406301773673346,0.16468068425571156,0.19736268344997054,0.4639140918372083,0.2152162846051417,0.13987536159840877,2020-05-03,Near Moreton Island in Moreton Bay Queensland AUSTRALIA,Near Moreton Island in Moreton Bay,Queensland,AUSTRALIA,-27.0873207,153.41542330000001
6211,2020-05-03|Near Port Vincent South Australia AUSTRALIA,0.31075492990269893,-0.4863947407095545,0.005087053904463224,0.01081462702718744,0.27745546825443307,0.07698153686428673,0.08365597129384712,2020-05-03,Near Port Vincent South Australia AUSTRALIA,Near Port Vincent,South Australia,AUSTRALIA,-34.781414899999994,137.8547712
6212,2020-05-03|Near Restoration Rock off Portland Roads Queensland AUSTRALIA,1.100427900801703,-0.7790772416717318,0.16970588089223973,0.21895858304890695,0.6123414272513182,0.3749620235281814,0.1767677439297541,2020-05-03,Near Restoration Rock off Portland Roads Queensland AUSTRALIA,Near Restoration Rock off Portland Roads,Queensland,AUSTRALIA,-12.622323800000002,143.46304740000002
6213,2020-05-03|Near Southport Queensland AUSTRALIA,0.7233048677825137,-0.56869773053919,0.1649600172690133,0.17618440729639936,0.40702128409045535,0.16566632570264317,0.1227215346378811,2020-05-03,Near Southport Queensland AUSTRALIA,Near Southport,Queensland,AUSTRALIA,-27.973794,153.4183144
6214,2020-05-03|Near Sydney New South Wales AUSTRALIA,0.6221732867613821,-0.5564023162678882,0.14234465161201867,0.171703257946488,0.3780473077883111,0.14291976692599,0.11398555208525732,2020-05-03,Near Sydney New South Wales AUSTRALIA,Near Sydney,New South Wales,AUSTRALIA,-33.8688197,151.2092955
6215,2020-05-03|Near Thursday Island Queensland AUSTRALIA,1.1096447477250189,-1.4019714675291755,0.07053835028346445,0.28046221149767936,0.8136938956218227,0.6620977557722176,0.23489319483760732,2020-05-03,Near Thursday Island Queensland AUSTRALIA,Near Thursday Island,Queensland,AUSTRALIA,-10.5799169,142.2193906
6216,2020-05-03|Neds Beach Lord Howe Island New South Wales AUSTRALIA,0.6741488239216312,-0.5479336312089731,0.162878266713244,0.22753367613120024,0.39376266691095263,0.15504903785282584,0.1187239111448474,2020-05-03,Neds Beach Lord Howe Island New South Wales AUSTRALIA,Ned's Beach,New South Wales,AUSTRALIA,-31.518050800000005,159.06489059999998
6217,2020-05-03|Nelsons Bay New South Wales AUSTRALIA,0.6429740397591235,-0.5639093118621448,0.1463333096071646,0.17325063187570144,0.38609551353302024,0.1490697455703266,0.11641217742078307,2020-05-03,Nelsons Bay New South Wales AUSTRALIA,Nelson's Bay,New South Wales,AUSTRALIA,-32.715,152.15111100000001
6218,2020-05-03|Nerang River Queensland AUSTRALIA,0.7232789230502402,-0.5686991858301277,0.1649524963366735,0.1761811098114474,0.4070139706213282,0.16566037228093944,0.12271932954397105,2020-05-03,Nerang River Queensland AUSTRALIA,Nerang River,Queensland,AUSTRALIA,-28.004231800000003,153.3708292
6219,2020-05-03|Nerang River Southpot Queensland AUSTRALIA,0.7233048677825137,-0.56869773053919,0.1649600172690133,0.17618440729639936,0.40702128409045535,0.16566632570264317,0.1227215346378811,2020-05-03,Nerang River Southpot Queensland AUSTRALIA,Nerang River,Queensland,AUSTRALIA,-27.973794,153.4183144
6220,2020-05-03|Nerang River Surfers Paradise Queensland AUSTRALIA,0.7232789230502402,-0.5686991858301277,0.1649524963366735,0.1761811098114474,0.4070139706213282,0.16566037228093944,0.12271932954397105,2020-05-03,Nerang River Surfers Paradise Queensland AUSTRALIA,Nerang River,Queensland,AUSTRALIA,-27.9889011,153.4257263
6221,2020-05-03|Nerang River near Chevron Island Queensland AUSTRALIA,0.7232789230502402,-0.5686991858301277,0.1649524963366735,0.1761811098114474,0.4070139706213282,0.16566037228093944,0.12271932954397105,2020-05-03,Nerang River near Chevron Island Queensland AUSTRALIA,Nerang River near Chevron Island,Queensland,AUSTRALIA,-27.997344599999998,153.4198464
6222,2020-05-03|Nettley Bay Tasmania AUSTRALIA,0.2501746192178188,-0.13967875064980856,0.0202046914367959,-0.05274789737193217,0.14452447913726182,0.020887325069896826,0.04357577002907676,2020-05-03,Nettley Bay Tasmania AUSTRALIA,Nettley Bay,Tasmania,AUSTRALIA,-40.93,144.62
6223,2020-05-03|Newcastle Beach New South Wales AUSTRALIA,0.6410879669695656,-0.5631651223442584,0.14650094629402746,0.1741865019504091,0.38544930376360387,0.14857116577184695,0.11621733784432704,2020-05-03,Newcastle Beach New South Wales AUSTRALIA,Newcastle Beach,New South Wales,AUSTRALIA,-32.9310039,151.7857155
6224,2020-05-03|Newcastle Harbor New South Wales AUSTRALIA,0.6411094442774055,-0.5631628603562672,0.14650787702929113,0.17418975866640604,0.38545516679331315,0.14857568560766088,0.11621910561429799,2020-05-03,Newcastle Harbor New South Wales AUSTRALIA,Newcastle Harbor,New South Wales,AUSTRALIA,-32.9243415,151.7870367
6225,2020-05-03|Newcastle New South Wales AUSTRALIA,0.6410879669695656,-0.5631651223442584,0.14650094629402746,0.1741865019504091,0.38544930376360387,0.14857116577184695,0.11621733784432704,2020-05-03,Newcastle New South Wales AUSTRALIA,Newcastle,New South Wales,AUSTRALIA,-32.9282712,151.78168019999998
6226,2020-05-03|Nobbys Beach Queensland AUSTRALIA,0.7221487229013461,-0.5682964990492679,0.1653946637231053,0.17717608325292808,0.40660236311020015,0.16532548168679906,0.12259522520985253,2020-05-03,Nobbys Beach Queensland AUSTRALIA,Nobby's Beach,Queensland,AUSTRALIA,-28.0534335,153.4410418
6227,2020-05-03|Noosa Heads Queensland AUSTRALIA,0.751069227509049,-0.5858299457381195,0.1614660873895114,0.18185963516774986,0.4215322026389392,0.1776893978616357,0.12709674120049289,2020-05-03,Noosa Heads Queensland AUSTRALIA,Noosa Heads,Queensland,AUSTRALIA,-26.398000000000003,153.093
6228,2020-05-03|Noosa Queensland AUSTRALIA,0.7510470532282395,-0.5858318967687398,0.1614563418093948,0.1818534653421289,0.42152686535893513,0.1776848982193298,0.12709513195002248,2020-05-03,Noosa Queensland AUSTRALIA,Noosa,Queensland,AUSTRALIA,-26.3645433,152.9676695
6229,2020-05-03|Norah Head New South Wales AUSTRALIA,0.6343435330531123,-0.5608304295850062,0.14602690857990017,0.17386615843213993,0.38279887221757564,0.1465349765710478,0.11541820266517276,2020-05-03,Norah Head New South Wales AUSTRALIA,Norah Head,New South Wales,AUSTRALIA,-33.2815439,151.5791475
6230,2020-05-03|Noraville New South Wales AUSTRALIA,0.6343435330531123,-0.5608304295850062,0.14602690857990017,0.17386615843213993,0.38279887221757564,0.1465349765710478,0.11541820266517276,2020-05-03,Noraville New South Wales AUSTRALIA,Noraville,New South Wales,AUSTRALIA,-33.268863,151.5559438
6231,2020-05-03|Normanville South Australia AUSTRALIA,0.2409251731490042,-0.3621349027603982,0.018330679916645633,0.047093827389184925,0.2184088870787157,0.04770244195496319,0.0728029623595719,2020-05-03,Normanville South Australia AUSTRALIA,Normanville,South Australia,AUSTRALIA,-35.446382799999995,138.3215845
6232,2020-05-03|North Avoca Beach New South Wales AUSTRALIA,0.6314333545403946,-0.5601492968067388,0.14540690573950285,0.1736428796256517,0.38180955064004646,0.1457785329599542,0.11511991098611214,2020-05-03,North Avoca Beach New South Wales AUSTRALIA,North Avoca Beach,New South Wales,AUSTRALIA,-33.4608015,151.4379276
6233,2020-05-03|North Beach Belligen River New South Wales AUSTRALIA,0.6803351807100537,-0.5601823358945927,0.15893595237634017,0.18476338359232305,0.39411999600970854,0.15533057125469268,0.11883164992187005,2020-05-03,North Beach Belligen River New South Wales AUSTRALIA,North Beach,New South Wales,AUSTRALIA,-30.464843100000003,153.04732109999998
6234,2020-05-03|North Bondi New South Wales AUSTRALIA,0.6221732867613821,-0.5564023162678882,0.14234465161201867,0.171703257946488,0.3780473077883111,0.14291976692599,0.11398555208525732,2020-05-03,North Bondi New South Wales AUSTRALIA,North Bondi,New South Wales,AUSTRALIA,-33.8879,151.2808
6235,2020-05-03|North Brighton Botany Bay New South Wales AUSTRALIA,0.6184034385493805,-0.5555407483124507,0.14043351975313303,0.17001609881606286,0.37677584165441674,0.14196003485439412,0.11360219062164176,2020-05-03,North Brighton Botany Bay New South Wales AUSTRALIA,North Brighton,New South Wales,AUSTRALIA,-33.95908729999999,151.15205930000002
6236,2020-05-03|North Burleigh near Brisbane Queensland AUSTRALIA,0.7221745786229914,-0.5682950270456882,0.1654021726829566,0.17717938195080496,0.40660964539024796,0.16533140372438318,0.12259742089990133,2020-05-03,North Burleigh near Brisbane Queensland AUSTRALIA,North Burleigh,Queensland,AUSTRALIA,-28.0771255,153.4468079
6237,2020-05-03|North Cottesloe Western Australia AUSTRALIA,0.15015687131782784,-0.2088677676236413,0.008159279998730675,0.04257365028163371,0.10818568235680875,0.011704141867008322,0.030005309616041063,2020-05-03,North Cottesloe Western Australia AUSTRALIA,North Cottesloe,Western Australia,AUSTRALIA,-31.9819839,115.76097040000002
6238,2020-05-03|North Cronulla Beach New South Wales AUSTRALIA,0.6175699989130122,-0.5553555246017364,0.1400304357532214,0.16946618353641693,0.3764626792981083,0.14172414890431034,0.11350776861852005,2020-05-03,North Cronulla Beach New South Wales AUSTRALIA,North Cronulla Beach,New South Wales,AUSTRALIA,-34.0496066,151.1572211
6239,2020-05-03|North Haven South Australia AUSTRALIA,0.30003741497744224,-0.43982788128494466,0.03682385027294341,0.12461821410202509,0.2692183927211282,0.07247854297934761,0.08973946424037606,2020-05-03,North Haven South Australia AUSTRALIA,North Haven,South Australia,AUSTRALIA,-34.7864711,138.49372130000003
6240,2020-05-03|North Head New South Wales AUSTRALIA,0.6239255090073046,-0.5573400897071586,0.1429371067551649,0.1717209796045723,0.378796100504497,0.14348648575741302,0.11421132158392458,2020-05-03,North Head New South Wales AUSTRALIA,North Head,New South Wales,AUSTRALIA,-33.8332187,151.28042580000002
6241,2020-05-03|North Head Sydney Harbour New South Wales AUSTRALIA,0.6239255090073046,-0.5573400897071586,0.1429371067551649,0.1717209796045723,0.378796100504497,0.14348648575741302,0.11421132158392458,2020-05-03,North Head Sydney Harbour New South Wales AUSTRALIA,North Head,New South Wales,AUSTRALIA,-33.8332187,151.28042580000002
6242,2020-05-03|North Narrabeen Beach New South Wales AUSTRALIA,0.6257239988066886,-0.5581150392588677,0.14375996774842134,0.17307852708983845,0.37966160367949126,0.1441429333084831,0.11447228060995342,2020-05-03,North Narrabeen Beach New South Wales AUSTRALIA,North Narrabeen Beach,New South Wales,AUSTRALIA,-33.7006895,151.30409939999998
6243,2020-05-03|North Point Beach Moreton Island Queensland AUSTRALIA,0.7508058354717847,-0.57861144582021,0.16660742011906746,0.18650207237895267,0.4191789758594458,0.17571101380257387,0.12638721663011143,2020-05-03,North Point Beach Moreton Island Queensland AUSTRALIA,North Point Beach,Queensland,AUSTRALIA,-27.0269755,153.45147409999998
6244,2020-05-03|North Shelly Beach New South Wales AUSTRALIA,0.6314149196020605,-0.5601540123796116,0.14539600013921908,0.17363639350401625,0.3818061603095934,0.14577594405035493,0.11511888876301868,2020-05-03,North Shelly Beach New South Wales AUSTRALIA,North Shelly Beach,New South Wales,AUSTRALIA,-33.3699595,151.4858695
6245,2020-05-03|North Solitary Island New South Wales AUSTRALIA,0.6881969032428467,-0.5633417495730049,0.1597791891168227,0.1848846127997533,0.3972720038996516,0.15782504508244483,0.11978201605888651,2020-05-03,North Solitary Island New South Wales AUSTRALIA,North Solitary Island,New South Wales,AUSTRALIA,-29.9294292,153.39146609999997
6246,2020-05-03|North Steyne New South Wales AUSTRALIA,0.6239255090073046,-0.5573400897071586,0.1429371067551649,0.1717209796045723,0.378796100504497,0.14348648575741302,0.11421132158392458,2020-05-03,North Steyne New South Wales AUSTRALIA,North Steyne,New South Wales,AUSTRALIA,-33.7915584,151.2869868
6247,2020-05-03|North West Island Queensland AUSTRALIA,1.2758357585272946,-1.0482029470216179,0.2060740130280355,0.28280970559704577,0.7748769141229177,0.6004342320406556,0.22368769747884654,2020-05-03,North West Island Queensland AUSTRALIA,North West Island,Queensland,AUSTRALIA,-23.2950882,151.7078724
6248,2020-05-03|North of main swimming area in Watermans Bay Beach Perth Western Australia AUSTRALIA,0.14816527368054336,-0.20731972717780608,0.008161574598680468,0.04109834624084614,0.1071691334872786,0.011485223172414141,0.02972336968734061,2020-05-03,North of main swimming area in Watermans Bay Beach Perth Western Australia AUSTRALIA,North of main swimming area in Waterman's Bay Beach,Western Australia,AUSTRALIA,-31.8517249,115.75106559999999
6249,2020-05-03|Oak Beach Queensland AUSTRALIA,1.1250468855520737,-0.6897222272138784,0.21677570965972948,0.25267325082234854,0.6101528614767493,0.3722865143682652,0.18396800966182464,2020-05-03,Oak Beach Queensland AUSTRALIA,Oak Beach,Queensland,AUSTRALIA,-16.591276999999998,145.51918569999998
6250,2020-05-03|Oatley Bay near Como George’s River New South Wales AUSTRALIA,0.6175909144503761,-0.5553531338215135,0.14003727950807432,0.1694693566909114,0.37646835978798154,0.1417284259214531,0.1135094813506596,2020-05-03,Oatley Bay near Como George’s River New South Wales AUSTRALIA,Oatley Bay near Como,New South Wales,AUSTRALIA,-33.9904648,151.0843479
6251,2020-05-03|Ocean Reef Western Australia AUSTRALIA,0.1472392037828608,-0.20670402476489036,0.008031262470853829,0.04057948088439339,0.10683219186704226,0.011413117219116533,0.029629918895909838,2020-05-03,Ocean Reef Western Australia AUSTRALIA,Ocean Reef,Western Australia,AUSTRALIA,-31.760051699999998,115.73328070000001
6252,2020-05-03|Ocean baths Kissing Point Beach Queensland AUSTRALIA,1.396925114879286,-1.1363317207986408,0.20416545916267098,0.2463070010526047,0.9744680740315753,0.9495880273068078,0.29381317924936395,2020-05-03,Ocean baths Kissing Point Beach Queensland AUSTRALIA,Ocean baths,Queensland,AUSTRALIA,-20.9175738,142.7027956
6253,2020-05-03|Oceanworld Manley New South Wales AUSTRALIA,0.6239255090073046,-0.5573400897071586,0.1429371067551649,0.1717209796045723,0.378796100504497,0.14348648575741302,0.11421132158392458,2020-05-03,Oceanworld Manley New South Wales AUSTRALIA,Oceanworld,New South Wales,AUSTRALIA,-33.795355,151.285014
6254,2020-05-03|Off Airlie Beach Whitsundays Queensland AUSTRALIA,1.4693663836297444,-1.0957951433031388,0.271701729993632,0.36121905584854164,0.8447985360129873,0.7136845664496865,0.24387233108905,2020-05-03,Off Airlie Beach Whitsundays Queensland AUSTRALIA,Off Airlie Beach,Queensland,AUSTRALIA,-20.2675,148.71694399999998
6255,2020-05-03|Off Ben Buckler near Sydney New South Wales AUSTRALIA,0.6221732867613821,-0.5564023162678882,0.14234465161201867,0.171703257946488,0.3780473077883111,0.14291976692599,0.11398555208525732,2020-05-03,Off Ben Buckler near Sydney New South Wales AUSTRALIA,Off Ben Buckler,New South Wales,AUSTRALIA,-33.8898004,151.2831104
6256,2020-05-03|Off Big Friar Island Tasmania AUSTRALIA,1.2162736412949748,-1.2500796022900194,0.14665485758010147,0.30501726797280243,0.8748235836692332,0.7653163025438798,0.2637692349804482,2020-05-03,Off Big Friar Island Tasmania AUSTRALIA,Off Big Friar Island,Tasmania,AUSTRALIA,-41.4545196,145.9706647
6257,2020-05-03|Off Blacksmith Beach New South Wales AUSTRALIA,0.6384599544480509,-0.5620061953162229,0.14657923857479502,0.17414413373033164,0.38430453175992957,0.1476899731312187,0.11587217609826422,2020-05-03,Off Blacksmith Beach New South Wales AUSTRALIA,Off Blacksmith Beach,New South Wales,AUSTRALIA,-33.0515891,151.6680509
6258,2020-05-03|Off Bloomfield River Queensland AUSTRALIA,1.0711599509062033,-0.6618660524677684,0.20630402828125405,0.25243608943692775,0.5808570589524858,0.33739492293493156,0.17513499285224932,2020-05-03,Off Bloomfield River Queensland AUSTRALIA,Off Bloomfield River,Queensland,AUSTRALIA,-15.931200899999999,145.349625
6259,2020-05-03|Off Bribie Heads Queensland AUSTRALIA,0.7883433387758345,-0.6535747695183318,0.13558133870224331,0.15741244675104263,0.46010480869215453,0.21169643498164414,0.13872681951546623,2020-05-03,Off Bribie Heads Queensland AUSTRALIA,Off Bribie Heads,Queensland,AUSTRALIA,-26.986100300000004,153.1325243
6260,2020-05-03|Off Brisbane Queensland AUSTRALIA,1.0533446691563466,-0.7552732983472297,0.2612473981881679,0.3639486340689835,0.6082344754384627,0.3699491771119018,0.17558216906240362,2020-05-03,Off Brisbane Queensland AUSTRALIA,Off Brisbane,Queensland,AUSTRALIA,-27.469770699999998,153.0251235
6261,2020-05-03|Off Broughton Island near Port Stephens New South Wales AUSTRALIA,0.6448648036363486,-0.5643501338431535,0.147082842210556,0.1735217033564215,0.3867021614032992,0.14953856163398327,0.11659508863583612,2020-05-03,Off Broughton Island near Port Stephens New South Wales AUSTRALIA,Off Broughton Island near Port Stephens,New South Wales,AUSTRALIA,-32.6157855,152.31398269999997
6262,2020-05-03|Off Cairns Queensland AUSTRALIA,1.1114890595135587,-0.6711086319960959,0.22363821147165105,0.2687859819851112,0.5989396985089089,0.35872876244994273,0.1805871138184215,2020-05-03,Off Cairns Queensland AUSTRALIA,Off Cairns,Queensland,AUSTRALIA,-16.9185514,145.7780548
6263,2020-05-03|Off City Beach Perth Western Australia AUSTRALIA,0.1488045919973512,-0.20772155328281985,0.008173027278721556,0.04157440052742792,0.10744416466760151,0.011544248521118669,0.029799649612187194,2020-05-03,Off City Beach Perth Western Australia AUSTRALIA,Off City Beach,Western Australia,AUSTRALIA,-31.9339651,115.76420859999999
6264,2020-05-03|Off Dawesville Cut Western Australia AUSTRALIA,0.15029792884139054,-0.22027684695031416,-0.005251457228641244,0.04284823218968217,0.12025783593580786,0.01446194710396368,0.032140258581904585,2020-05-03,Off Dawesville Cut Western Australia AUSTRALIA,Off Dawesville Cut,Western Australia,AUSTRALIA,-32.607019199999996,115.63976670000001
6265,2020-05-03|Off De Grey river Western Australia AUSTRALIA,1.1046981255487829,-0.9479383074912316,0.041097376706523615,-0.11891596963183493,0.6696095037194502,0.4483768874714083,0.18571626155372867,2020-05-03,Off De Grey river Western Australia AUSTRALIA,Off De Grey river,Western Australia,AUSTRALIA,-21.0940079,119.7494
6266,2020-05-03|Off Domain Sydney Harbor New South Wales AUSTRALIA,0.6221732867613821,-0.5564023162678882,0.14234465161201867,0.171703257946488,0.3780473077883111,0.14291976692599,0.11398555208525732,2020-05-03,Off Domain Sydney Harbor New South Wales AUSTRALIA,Off Domain,New South Wales,AUSTRALIA,-33.871516299999996,151.214894
6267,2020-05-03|Off Eva Island 20 miles from Cardwell Queensland AUSTRALIA,1.4132615276333682,-1.104936919938297,0.12294881208337538,0.06338533539405633,0.8328253941086242,0.6935981370721852,0.24041598273828518,2020-05-03,Off Eva Island 20 miles from Cardwell Queensland AUSTRALIA,Off Eva Island 20 miles from Cardwell,Queensland,AUSTRALIA,-18.2654956,146.02580690000002
6268,2020-05-03|Off Franklin Island between Streaky Bay & Ceduna South Australia AUSTRALIA,0.47043799902916206,-0.40900534281508405,0.021757585114935144,0.022588322499784284,0.26598079968767124,0.0707457858024931,0.07678204314947447,2020-05-03,Off Franklin Island between Streaky Bay & Ceduna South Australia AUSTRALIA,Off Franklin Island between Streaky Bay & Ceduna,South Australia,AUSTRALIA,-32.797222,134.21111100000002
6269,2020-05-03|Off Garden Island Western Australia AUSTRALIA,0.1491132889096582,-0.20691702624058445,0.008825374601224534,0.042412894657434856,0.1069440136093504,0.011437022046876922,0.02966093266711012,2020-05-03,Off Garden Island Western Australia AUSTRALIA,Off Garden Island,Western Australia,AUSTRALIA,-32.204325399999995,115.67762739999999
6270,2020-05-03|Off Hinchinbrook Island Queensland AUSTRALIA,1.4272600007931087,-1.1142652411037064,0.1211192613776998,0.05604823008075621,0.8401682559218602,0.7058826982587804,0.2425356843605322,2020-05-03,Off Hinchinbrook Island Queensland AUSTRALIA,Off Hinchinbrook Island,Queensland,AUSTRALIA,-18.3362903,146.2258805
6271,2020-05-03|Off Kisma New South Wales AUSTRALIA,0.6108892024355452,-0.5530953118702057,0.13906817332616425,0.1694185270263639,0.3739132613327566,0.13981112700049833,0.11273909017989615,2020-05-03,Off Kisma New South Wales AUSTRALIA,Off Kisma,New South Wales,AUSTRALIA,-34.6738221,150.8443706
6272,2020-05-03|Off Legendre Island Western Australia AUSTRALIA,0.6013925114273472,-0.62580366866892,0.045039504040282535,0.05857002268484826,0.3861763931473331,0.1491322066242836,0.10710606052818845,2020-05-03,Off Legendre Island Western Australia AUSTRALIA,Off Legendre Island,Western Australia,AUSTRALIA,-20.3853568,116.87631040000001
6273,2020-05-03|Off Lodestone Reef Great Barrier Reef north of Townsville Queensland AUSTRALIA,1.2446511396923001,-0.8017704766918281,0.2522541953999573,0.2921117829751744,0.6945039942811183,0.48233579807242755,0.20940083313032745,2020-05-03,Off Lodestone Reef Great Barrier Reef north of Townsville Queensland AUSTRALIA,Off Lodestone Reef,Queensland,AUSTRALIA,-18.689469600000002,147.1049521
6274,2020-05-03|Off Melbourne Victoria AUSTRALIA,0.5007122731872773,-0.5690832949786984,0.01448024875591056,-0.04358461076785889,0.3460219672262648,0.1197312018031343,0.09596922655932445,2020-05-03,Off Melbourne Victoria AUSTRALIA,Off Melbourne,Victoria,AUSTRALIA,-37.813627600000004,144.96305759999998
6275,2020-05-03|Off Mooloolabah New South Wales AUSTRALIA,0.7484401312090784,-0.5854155650509246,0.15982702868179818,0.18053071983002336,0.42093583296913695,0.17718697547742115,0.1269169289794854,2020-05-03,Off Mooloolabah New South Wales AUSTRALIA,Off Mooloolabah,New South Wales,AUSTRALIA,-26.682,153.118
6276,2020-05-03|Off North Bondi New South Wales AUSTRALIA,0.6221732867613821,-0.5564023162678882,0.14234465161201867,0.171703257946488,0.3780473077883111,0.14291976692599,0.11398555208525732,2020-05-03,Off North Bondi New South Wales AUSTRALIA,Off North Bondi,New South Wales,AUSTRALIA,-33.8879,151.2808
6277,2020-05-03|Off North Keppel Island off Yeppoon Queensland AUSTRALIA,1.8076717538657425,-1.4439504875848088,0.3734883840563998,0.5202917411604113,1.123709128875338,1.262722206317771,0.3243868840235082,2020-05-03,Off North Keppel Island off Yeppoon Queensland AUSTRALIA,Off North Keppel Island,Queensland,AUSTRALIA,-23.0737512,150.8987392
6278,2020-05-03|Off Perforated Island near Coffin Bay South Australia AUSTRALIA,0.28998099994302473,-0.2557099281061869,0.012689234684210288,0.0014373218118564522,0.16965127725498585,0.02878155587424808,0.048974105295764965,2020-05-03,Off Perforated Island near Coffin Bay South Australia AUSTRALIA,Off Perforated Island near Coffin Bay,South Australia,AUSTRALIA,-34.726845000000004,135.15822240000003
6279,2020-05-03|Off Poison Creek Cape Arid Western Australia AUSTRALIA,0.28441338497808505,-0.31572760372920344,0.02218451445350433,0.029272756263394612,0.1882280318918438,0.03542979198987697,0.052205063112747224,2020-05-03,Off Poison Creek Cape Arid Western Australia AUSTRALIA,Off Poison Creek,Western Australia,AUSTRALIA,-33.9036415,123.35127050000001
6280,2020-05-03|Off Port Broughton South Australia AUSTRALIA,0.3859776848277652,-0.5067328964974697,0.005910270928149386,0.05398410792022922,0.3484620130885335,0.12142577456571328,0.131706261140742,2020-05-03,Off Port Broughton South Australia AUSTRALIA,Off Port Broughton,South Australia,AUSTRALIA,-33.583333,137.93555600000002
6281,2020-05-03|Off Rottnest Island Western Australia AUSTRALIA,0.14302928178816415,-0.20305149803439496,0.007734454249693571,0.03999920064729033,0.10468838322833035,0.01095965758296176,0.029035333359628417,2020-05-03,Off Rottnest Island Western Australia AUSTRALIA,Off Rottnest Island,Western Australia,AUSTRALIA,-32.0063677,115.5073002
6282,2020-05-03|Off Scotts New South Wales AUSTRALIA,0.6785414305598431,-0.5602472699563881,0.1590459210398513,0.18478213400574986,0.3936749647205333,0.15497997784771317,0.11869746793949167,2020-05-03,Off Scotts New South Wales AUSTRALIA,Off Scotts,New South Wales,AUSTRALIA,-30.7492859,152.9941554
6283,2020-05-03|Off Stradbroke Island Queensland AUSTRALIA,0.7294597860232526,-0.567698126110066,0.161579448334012,0.16854106190035686,0.4080627589492726,0.16651521524129212,0.12303555112290702,2020-05-03,Off Stradbroke Island Queensland AUSTRALIA,Off Stradbroke Island,Queensland,AUSTRALIA,-27.5323174,153.46260769999998
6284,2020-05-03|Off Tasman Island Tasmania AUSTRALIA,0.3672556399573484,-0.4021074403458475,0.0675777658942921,0.13170466988070384,0.2489136672784912,0.06195801375802742,0.07871341293453576,2020-05-03,Off Tasman Island Tasmania AUSTRALIA,Off Tasman Island,Tasmania,AUSTRALIA,-43.238162700000004,148.00239390000002
6285,2020-05-03|Off Tower Hill Victoria AUSTRALIA,0.1809383445112267,-0.20889626196745448,-0.0073966908803566895,-0.009931574628576125,0.1234072767755503,0.015229355961157275,0.03186362185016771,2020-05-03,Off Tower Hill Victoria AUSTRALIA,Off Tower Hill,Victoria,AUSTRALIA,-38.3332266,142.3537074
6286,2020-05-03|Off Wedge Island Western Australia AUSTRALIA,0.139809202339995,-0.19977496438975054,0.009322490484629426,0.04264134299006825,0.10364304356864419,0.010741880480171877,0.028745408302453455,2020-05-03,Off Wedge Island Western Australia AUSTRALIA,Off Wedge Island,Western Australia,AUSTRALIA,-30.8277891,115.1879896
6287,2020-05-03|Off Wynnum in Moreton Bay near Brisbane Queensland AUSTRALIA,1.05334132148714,-0.7552719453804815,0.2612531566551408,0.36395860509270667,0.6082378995486065,0.3699533424473007,0.17558315751786027,2020-05-03,Off Wynnum in Moreton Bay near Brisbane Queensland AUSTRALIA,Off Wynnum in Moreton Bay,Queensland,AUSTRALIA,-27.443694,153.173618
6288,2020-05-03|On board the Japanese longline trawler Fukuya No38 100 nm northeast of Brisbane Queensland AUSTRALIA,1.0533446691563466,-0.7552732983472297,0.2612473981881679,0.3639486340689835,0.6082344754384627,0.3699491771119018,0.17558216906240362,2020-05-03,On board the Japanese longline trawler Fukuya No38 100 nm northeast of Brisbane Queensland AUSTRALIA,On board the Japanese longline trawler Fukuya No.38,Queensland,AUSTRALIA,-27.469770699999998,153.0251235
6289,2020-05-03|Onslow Western Australia AUSTRALIA,0.36020309866690875,-0.4053372934614723,0.04204248361963221,0.07610381662223539,0.2427295249930396,0.058917622303346635,0.06732105757164786,2020-05-03,Onslow Western Australia AUSTRALIA,Onslow,Western Australia,AUSTRALIA,-21.662723,115.1069826
6290,2020-05-03|Opal Reef Queensland AUSTRALIA,1.0489384975580034,-0.6519675175453444,0.13957297645677685,0.15841274793110924,0.5941644585083703,0.3530314037545449,0.1715205050313579,2020-05-03,Opal Reef Queensland AUSTRALIA,Opal Reef,Queensland,AUSTRALIA,-16.2104561,145.881327
6291,2020-05-03|Orpheus Island Queensland AUSTRALIA,1.3490390619212576,-0.914431853867763,0.24296142114913444,0.23459606881457284,0.7757259188392062,0.6017507011589306,0.23389016481303018,2020-05-03,Orpheus Island Queensland AUSTRALIA,Orpheus Island,Queensland,AUSTRALIA,-18.6160685,146.49719950000002
6292,2020-05-03|Otford New South Wales AUSTRALIA,0.6163298599834162,-0.5549668436585524,0.13973285682232742,0.16906464000616342,0.3759669511183386,0.1413511483332192,0.11335830094849261,2020-05-03,Otford New South Wales AUSTRALIA,Otford,New South Wales,AUSTRALIA,-34.216667,151.0
6293,2020-05-03|Outer Barrier Reef near Port Douglas Queensland AUSTRALIA,1.1259965459542183,-0.6933908909229265,0.21402380055091844,0.2479600243801768,0.6115670347936544,0.37401423804630285,0.18439439896007068,2020-05-03,Outer Barrier Reef near Port Douglas Queensland AUSTRALIA,Outer Barrier Reef near Port Douglas,Queensland,AUSTRALIA,-16.4844197,145.46060580000002
6294,2020-05-03|Outer Harbor South Australia AUSTRALIA,0.30553981849836204,-0.44341525697969536,0.04037664319151456,0.13300256575562128,0.27281758293842007,0.0744294335603617,0.09093919431280668,2020-05-03,Outer Harbor South Australia AUSTRALIA,Outer Harbor,South Australia,AUSTRALIA,-34.781,138.501
6295,2020-05-03|Palm Beach New South Wales AUSTRALIA,0.6266426341286938,-0.5584203225390622,0.14441849562808157,0.17386454203690557,0.3800373781164308,0.14442840876561097,0.11458558086569301,2020-05-03,Palm Beach New South Wales AUSTRALIA,Palm Beach,New South Wales,AUSTRALIA,-33.601110999999996,151.321667
6296,2020-05-03|Palm Beach North 5 miles north of Burleigh Heads Brisbane Queensland AUSTRALIA,0.46672781094065197,-0.39006583310084353,0.03871909476516479,0.06328275673520485,0.30109795533268396,0.09065997870552295,0.08350954745302754,2020-05-03,Palm Beach North 5 miles north of Burleigh Heads Brisbane Queensland AUSTRALIA,Palm Beach North,Queensland,AUSTRALIA,26.7056206,-80.0364297
6297,2020-05-03|Palm Beach Queensland AUSTRALIA,0.7210096044809022,-0.5679252431293699,0.16592547849118283,0.17816826649980844,0.40619069259395335,0.1649908787499555,0.12247110187897593,2020-05-03,Palm Beach Queensland AUSTRALIA,Palm Beach,Queensland,AUSTRALIA,-28.122260600000004,153.4694515
6298,2020-05-03|Palm Cove Beach Queensland AUSTRALIA,1.113619058852294,-0.6750818600846773,0.2209413991219403,0.26329937751652005,0.6011160427697673,0.36134049687518466,0.181243306302777,2020-05-03,Palm Cove Beach Queensland AUSTRALIA,Palm Cove Beach,Queensland,AUSTRALIA,-16.744428,145.67113590000002
6299,2020-05-03|Palm Cove Queensland AUSTRALIA,1.11360662328694,-0.675077685669308,0.2209439635200399,0.2633091837563218,0.6011154104126294,0.36133973663554386,0.1812431156399261,2020-05-03,Palm Cove Queensland AUSTRALIA,Palm Cove,Queensland,AUSTRALIA,-16.74405,145.67095
6300,2020-05-03|Palm Island Queensland AUSTRALIA,1.3516976839123296,-0.920123979839061,0.24637485518113078,0.24335813644642024,0.7789003687048167,0.6066857843684994,0.23484729746030514,2020-05-03,Palm Island Queensland AUSTRALIA,Palm Island,Queensland,AUSTRALIA,-18.6894285,146.5392256
6301,2020-05-03|Pancake Creek Queensland AUSTRALIA,1.396925114879286,-1.1363317207986408,0.20416545916267098,0.2463070010526047,0.9744680740315753,0.9495880273068078,0.29381317924936395,2020-05-03,Pancake Creek Queensland AUSTRALIA,Pancake Creek,Queensland,AUSTRALIA,-20.9175738,142.7027956
6302,2020-05-03|Paradise Beach Victoria AUSTRALIA,0.45726860356589705,-0.5569000245118594,0.04247716201644287,0.06675700226367458,0.3207842983897774,0.10290256609342176,0.09260245051357162,2020-05-03,Paradise Beach Victoria AUSTRALIA,Paradise Beach,Victoria,AUSTRALIA,-38.1992076,147.4033451
6303,2020-05-03|Paramatta River New South Wales AUSTRALIA,0.6239255090073046,-0.5573400897071586,0.1429371067551649,0.1717209796045723,0.378796100504497,0.14348648575741302,0.11421132158392458,2020-05-03,Paramatta River New South Wales AUSTRALIA,Paramatta River,New South Wales,AUSTRALIA,-33.834442700000004,151.0923358
6304,2020-05-03|Paramatta River near Sydney New South Wales AUSTRALIA,0.623943707190177,-0.5573353317371056,0.1429479537253588,0.1717273923133093,0.3787994116126142,0.14348899423806272,0.11421231992058505,2020-05-03,Paramatta River near Sydney New South Wales AUSTRALIA,Paramatta River (near Sydney),New South Wales,AUSTRALIA,-33.834442700000004,151.0923358
6305,2020-05-03|Park Beach Coffs Harbour New South Wales AUSTRALIA,0.6808350950857716,-0.5597752747649848,0.15904223652102067,0.18448068226749734,0.3940751179613318,0.1552951985962376,0.11881811868116196,2020-05-03,Park Beach Coffs Harbour New South Wales AUSTRALIA,Park Beach,New South Wales,AUSTRALIA,-30.289625899999997,153.11855480000003
6306,2020-05-03|Parkers Point Rottnest Island Western Australia AUSTRALIA,0.14302928178816415,-0.20305149803439496,0.007734454249693571,0.03999920064729033,0.10468838322833035,0.01095965758296176,0.029035333359628417,2020-05-03,Parkers Point Rottnest Island Western Australia AUSTRALIA,Parker's Point,Western Australia,AUSTRALIA,-32.014821000000005,115.53120159999999
6307,2020-05-03|Parramata River New South Wales AUSTRALIA,0.6239255090073046,-0.5573400897071586,0.1429371067551649,0.1717209796045723,0.378796100504497,0.14348648575741302,0.11421132158392458,2020-05-03,Parramata River New South Wales AUSTRALIA,Parramata River,New South Wales,AUSTRALIA,-33.834442700000004,151.0923358
6308,2020-05-03|Parramatta River New South Wales AUSTRALIA,0.6239255090073046,-0.5573400897071586,0.1429371067551649,0.1717209796045723,0.378796100504497,0.14348648575741302,0.11421132158392458,2020-05-03,Parramatta River New South Wales AUSTRALIA,Parramatta River,New South Wales,AUSTRALIA,-33.834442700000004,151.0923358
6309,2020-05-03|Parsons Beach Fleurieu Peninsula South Australia AUSTRALIA,0.292599153471675,-0.2701793437190484,-0.0015574797747992103,-0.032350660821909884,0.15956583518965997,0.025461255759773732,0.04425560004527348,2020-05-03,Parsons Beach Fleurieu Peninsula South Australia AUSTRALIA,Parsons Beach,South Australia,AUSTRALIA,-35.630574200000005,138.4671696
6310,2020-05-03|Peacock Point Balmain Sydney New South Wales AUSTRALIA,0.6221732867613821,-0.5564023162678882,0.14234465161201867,0.171703257946488,0.3780473077883111,0.14291976692599,0.11398555208525732,2020-05-03,Peacock Point Balmain Sydney New South Wales AUSTRALIA,Peacock Point,New South Wales,AUSTRALIA,-33.859680299999994,151.1964189
6311,2020-05-03|Peel Island Queensland AUSTRALIA,1.0915899862508018,-0.8033692009109288,0.2568729028277415,0.3586981741756158,0.6395142012935972,0.4089784136561875,0.18461184813372342,2020-05-03,Peel Island Queensland AUSTRALIA,Peel Island,Queensland,AUSTRALIA,-27.500573499999998,153.34761269999998
6312,2020-05-03|Pelican Banks near Gladstone Queensland AUSTRALIA,1.3641717415971875,-1.0079567770670705,0.30713792586809535,0.41831590068034846,0.8037361487264526,0.6459917967696303,0.23201864091232527,2020-05-03,Pelican Banks near Gladstone Queensland AUSTRALIA,Pelican Banks near Gladstone,Queensland,AUSTRALIA,-23.783333300000002,151.3
6313,2020-05-03|Pelican Island Macleay River New South Wales AUSTRALIA,0.6769734914749757,-0.5595241769956408,0.159246396431693,0.18473498090475626,0.3929651009130725,0.15442157053562128,0.11848343594843706,2020-05-03,Pelican Island Macleay River New South Wales AUSTRALIA,Pelican Island,New South Wales,AUSTRALIA,-30.9314059,153.0331545
6314,2020-05-03|Pelican Waters Caloundra Queensland AUSTRALIA,0.7530384449561998,-0.5917433386467,0.15837477769142802,0.17901417106498932,0.4247990665894825,0.1804542469752956,0.12808173774277382,2020-05-03,Pelican Waters Caloundra Queensland AUSTRALIA,Pelican Waters,Queensland,AUSTRALIA,-26.799,153.13299999999998
6315,2020-05-03|Pennington Bay Kangaroo Island South Australia AUSTRALIA,0.3078757802884573,-0.23595005675080705,0.022279950888725118,-0.024152935506067758,0.15767199931872106,0.024860459369162775,0.043730344480659385,2020-05-03,Pennington Bay Kangaroo Island South Australia AUSTRALIA,Pennington Bay,South Australia,AUSTRALIA,-35.8479736,137.75086090000002
6316,2020-05-03|Peregian Queensland AUSTRALIA,0.7487994869178127,-0.5842513146359051,0.16100356338220187,0.1816213671858548,0.4204381216476986,0.17676821413464502,0.12676686336974696,2020-05-03,Peregian Queensland AUSTRALIA,Peregian,Queensland,AUSTRALIA,-26.480556,153.09555600000002
6317,2020-05-03|Perth Western Australia AUSTRALIA,0.14880902431858192,-0.2077265165778721,0.008172233508199771,0.0415767311954886,0.1074473205664089,0.011544926696900638,0.02980052490103106,2020-05-03,Perth Western Australia AUSTRALIA,Perth,Western Australia,AUSTRALIA,-31.950526899999996,115.8604572
6318,2020-05-03|Perth? Margaret River District Western Australia AUSTRALIA,0.16395595654595801,-0.2612379875582981,0.0028222415508200936,0.04767387037337478,0.1375320866811295,0.018915074866865722,0.03814453773464388,2020-05-03,Perth? Margaret River District Western Australia AUSTRALIA,Perth? (Margaret River District),Western Australia,AUSTRALIA,-33.9610465,115.0767388
6319,2020-05-03|Petersons Beach Sarina Queensland AUSTRALIA,2.3454916706792366,-2.2626666209419537,0.28487598186638446,0.38635136459489566,1.6121200142987886,2.5989309405027265,0.4653789621106945,2020-05-03,Petersons Beach Sarina Queensland AUSTRALIA,Peterson's Beach,Queensland,AUSTRALIA,-21.4137717,149.2243901
6320,2020-05-03|Petrie Bight Brisbane River Queensland AUSTRALIA,1.0533446691563466,-0.7552732983472297,0.2612473981881679,0.3639486340689835,0.6082344754384627,0.3699491771119018,0.17558216906240362,2020-05-03,Petrie Bight Brisbane River Queensland AUSTRALIA,Petrie Bight,Queensland,AUSTRALIA,-27.466237800000002,153.0336145
6321,2020-05-03|Phillip Island Victoria AUSTRALIA,0.6071588433949081,-0.700182163467169,0.07321535635954995,0.12527257590948015,0.41652414841876995,0.1734923662159815,0.11552301343021908,2020-05-03,Phillip Island Victoria AUSTRALIA,Phillip Island,Victoria,AUSTRALIA,-38.4898703,145.20382780000003
6322,2020-05-03|Pialba Beach near Maryborough Queensland AUSTRALIA,1.2796094004589884,-1.1762676854935925,0.19545603387246238,0.29123186081866437,0.8425798145397736,0.7099407438698793,0.24323184136914164,2020-05-03,Pialba Beach near Maryborough Queensland AUSTRALIA,Pialba Beach near Maryborough,Queensland,AUSTRALIA,-25.2782552,152.8379759
6323,2020-05-03|Pialba Hervey Bay Queensland AUSTRALIA,1.2796094004589884,-1.1762676854935925,0.19545603387246238,0.29123186081866437,0.8425798145397736,0.7099407438698793,0.24323184136914164,2020-05-03,Pialba Hervey Bay Queensland AUSTRALIA,Pialba,Queensland,AUSTRALIA,-25.281299800000003,152.8294091
6324,2020-05-03|Piccaninny Point 10 miles from Bicheno Tasmania AUSTRALIA,0.44815468445969076,-0.46633358564355365,0.11253798613299529,0.1568380527631069,0.2970014291511065,0.08820984891779972,0.08954930024486753,2020-05-03,Piccaninny Point 10 miles from Bicheno Tasmania AUSTRALIA,Piccaninny Point,Tasmania,AUSTRALIA,-41.8522419,148.25966830000002
6325,2020-05-03|Pimpana River Queensland AUSTRALIA,0.7284986369801894,-0.5702961606509004,0.16383878457501425,0.17217666577796759,0.40878128811496417,0.16710214151292935,0.12325219581777304,2020-05-03,Pimpana River Queensland AUSTRALIA,Pimpana River,Queensland,AUSTRALIA,-27.8203377,153.38490019999998
6326,2020-05-03|Pincushion north of Maroochydore Beach Queensland AUSTRALIA,0.7483271261218374,-0.5843615097588477,0.16056995794380724,0.18138359164438708,0.4204563758795628,0.1767835640177762,0.12677236722774057,2020-05-03,Pincushion north of Maroochydore Beach Queensland AUSTRALIA,Pincushion,Queensland,AUSTRALIA,-26.6476538,153.1031686
6327,2020-05-03|Pioneer River near Mackay Queensland AUSTRALIA,2.127742818363047,-1.9372504084797293,0.23747957402447237,0.45787711103071305,1.4417640773207148,2.078683654652452,0.39987340830014345,2020-05-03,Pioneer River near Mackay Queensland AUSTRALIA,Pioneer River near Mackay,Queensland,AUSTRALIA,-21.1455879,148.9558418
6328,2020-05-03|Point Casuarina Bunbury Western Australia AUSTRALIA,0.17276438836173547,-0.23966014343099404,0.0057102252002896835,0.05336625167928277,0.1375628495580761,0.018923537578537875,0.035518575026351,2020-05-03,Point Casuarina Bunbury Western Australia AUSTRALIA,Point Casuarina,Western Australia,AUSTRALIA,-33.3153009,115.63711090000001
6329,2020-05-03|Point Cook Port Phillip Bay Victoria AUSTRALIA,0.49772721148496896,-0.5644112288442829,0.01596347149150583,-0.04212912926197383,0.3436095061248089,0.11806749269933509,0.09530013023614278,2020-05-03,Point Cook Port Phillip Bay Victoria AUSTRALIA,Point Cook,Victoria,AUSTRALIA,-37.9178086,144.7477259
6330,2020-05-03|Point Henry Victoria AUSTRALIA,0.5082899690967455,-0.5701932309973077,0.014479314427714919,-0.06288373924034726,0.3523092369230944,0.12412179842133307,0.09771300142660061,2020-05-03,Point Henry Victoria AUSTRALIA,Point Henry,Victoria,AUSTRALIA,-38.1468463,144.4301958
6331,2020-05-03|Point Lonsdale Victoria AUSTRALIA,0.7573157206076009,-0.7963771616782865,0.0906246854943577,0.135601601957885,0.4647312295004189,0.215975115672971,0.12889325209793717,2020-05-03,Point Lonsdale Victoria AUSTRALIA,Point Lonsdale,Victoria,AUSTRALIA,-38.283333,144.6
6332,2020-05-03|Point Lookout Stradbroke Island Queensland AUSTRALIA,0.727117422318371,-0.5637159593571567,0.16015630813806617,0.16870418039408072,0.40611812357539767,0.164931930296402,0.12244922149661652,2020-05-03,Point Lookout Stradbroke Island Queensland AUSTRALIA,Point Lookout,Queensland,AUSTRALIA,-27.434650800000004,153.5304523
6333,2020-05-03|Point Lowly north of Whyalla South Australia AUSTRALIA,0.5169208991057515,-0.6473029255025695,0.10148123556063109,0.24671470410043017,0.39291983086820464,0.15438599348949852,0.12425216033916614,2020-05-03,Point Lowly north of Whyalla South Australia AUSTRALIA,Point Lowly,South Australia,AUSTRALIA,-32.999444,137.785278
6334,2020-05-03|Point Plomer New South Wales AUSTRALIA,0.6730072923963181,-0.5616198195317559,0.15710733474751393,0.1804733206541482,0.3925222912231453,0.1540737491070677,0.11834992380343505,2020-05-03,Point Plomer New South Wales AUSTRALIA,Point Plomer,New South Wales,AUSTRALIA,-31.315232,152.97704109999998
6335,2020-05-03|Point Sinclair Cactus Beach near Penong South Australia AUSTRALIA,0.47315045763498365,-0.37143359707187024,0.0518407068500496,0.06342341409535818,0.25706484345559616,0.06608233374085015,0.07420822828413873,2020-05-03,Point Sinclair Cactus Beach near Penong South Australia AUSTRALIA,Point Sinclair,South Australia,AUSTRALIA,-32.0102589,132.98821940000002
6336,2020-05-03|Point Sinclair Penong South Australia AUSTRALIA,0.4723195506609951,-0.37246994667994693,0.050674603517768334,0.06188508652585337,0.25707520013956014,0.06608765852679489,0.07421121800127599,2020-05-03,Point Sinclair Penong South Australia AUSTRALIA,(Point Sinclair) Penong,South Australia,AUSTRALIA,-32.106519899999995,132.97958
6337,2020-05-03|Point Vernon Hervey Bay Queensland AUSTRALIA,1.2796094004589884,-1.1762676854935925,0.19545603387246238,0.29123186081866437,0.8425798145397736,0.7099407438698793,0.24323184136914164,2020-05-03,Point Vernon Hervey Bay Queensland AUSTRALIA,Point Vernon,Queensland,AUSTRALIA,-25.257124100000002,152.8176466
6338,2020-05-03|Porpoise Pool Tweed Heads New South Wales AUSTRALIA,0.7171513787652312,-0.5655557349744347,0.1652241718021461,0.1780418104508121,0.4043591907167868,0.16350635511713474,0.12191888328539474,2020-05-03,Porpoise Pool Tweed Heads New South Wales AUSTRALIA,Porpoise Pool,New South Wales,AUSTRALIA,-28.170037,153.543026
6339,2020-05-03|Port Augusta South Australia AUSTRALIA,0.5627548200139859,-0.7027206400528015,0.1315291324881361,0.2679818188731817,0.43177822881835176,0.18643243888151292,0.13018603433042653,2020-05-03,Port Augusta South Australia AUSTRALIA,Port Augusta,South Australia,AUSTRALIA,-32.495233899999995,137.78943940000002
6340,2020-05-03|Port Campbell Victoria AUSTRALIA,0.12559806737036014,-0.2198615739076506,0.01864978564742772,0.058149869248011826,0.11663747227902158,0.013604299939639526,0.032349414380193994,2020-05-03,Port Campbell Victoria AUSTRALIA,Port Campbell,Victoria,AUSTRALIA,-38.6191008,142.9961352
6341,2020-05-03|Port Douglas Queensland AUSTRALIA,1.1259965459542183,-0.6933908909229265,0.21402380055091844,0.2479600243801768,0.6115670347936544,0.37401423804630285,0.18439439896007068,2020-05-03,Port Douglas Queensland AUSTRALIA,Port Douglas,Queensland,AUSTRALIA,-16.483611,145.465278
6342,2020-05-03|Port Germein South Australia AUSTRALIA,0.5263746318070335,-0.6620638380612516,0.0903787260771394,0.23600101373534085,0.40139277454692357,0.16111615945847743,0.1269315403902739,2020-05-03,Port Germein South Australia AUSTRALIA,Port Germein,South Australia,AUSTRALIA,-33.0219965,138.0016436
6343,2020-05-03|Port Hedland Western Australia AUSTRALIA,0.9103252147336829,-0.8758272204441202,0.0900555424359247,0.10978537933108028,0.5835079494137593,0.3404815270290502,0.15594905922609342,2020-05-03,Port Hedland Western Australia AUSTRALIA,Port Hedland,Western Australia,AUSTRALIA,-20.3839142,118.64837959999998
6344,2020-05-03|Port Hughes South Australia AUSTRALIA,0.3121697672893351,-0.380160944227438,-0.024152768592230613,0.020613074080744833,0.2203060141988182,0.048534739892169894,0.07343533806627274,2020-05-03,Port Hughes South Australia AUSTRALIA,Port Hughes,South Australia,AUSTRALIA,-34.076111,137.546111
6345,2020-05-03|Port Jackson New South Wales AUSTRALIA,0.6221732867613821,-0.5564023162678882,0.14234465161201867,0.171703257946488,0.3780473077883111,0.14291976692599,0.11398555208525732,2020-05-03,Port Jackson New South Wales AUSTRALIA,Port Jackson,New South Wales,AUSTRALIA,-33.8462182,151.2488616
6346,2020-05-03|Port Jervis New South Wales AUSTRALIA,0.6050451969643061,-0.5520539882186555,0.1371916699268004,0.16638113693785872,0.3717930505173114,0.13823007241296806,0.11209982256614295,2020-05-03,Port Jervis New South Wales AUSTRALIA,Port Jervis,New South Wales,AUSTRALIA,-35.0480805,150.7446771
6347,2020-05-03|Port Kennedy Beach Western Australia AUSTRALIA,0.1536115166230504,-0.20893896438337048,0.011397693627288624,0.04108334058011552,0.10406940975256869,0.01083044204624804,0.027813719695564478,2020-05-03,Port Kennedy Beach Western Australia AUSTRALIA,Port Kennedy Beach,Western Australia,AUSTRALIA,-32.3522464,115.7422946
6348,2020-05-03|Port MacDonnel Victoria AUSTRALIA,0.21461552907540296,-0.2002859805113179,-0.009724025966622018,-0.03977136714973897,0.1273924608967848,0.016228839093338845,0.0318481152241962,2020-05-03,Port MacDonnel Victoria AUSTRALIA,Port MacDonnel,Victoria,AUSTRALIA,-38.05249570000001,140.70019240000002
6349,2020-05-03|Port Melbourne Victoria AUSTRALIA,0.5007126196607712,-0.5690800582425866,0.014479490321500532,-0.043600008673088324,0.3460214061084057,0.11973081348523822,0.09596907093323118,2020-05-03,Port Melbourne Victoria AUSTRALIA,Port Melbourne,Victoria,AUSTRALIA,-37.83322329999999,144.9124697
6350,2020-05-03|Port Newby South Australia AUSTRALIA,0.5627548200139859,-0.7027206400528015,0.1315291324881361,0.2679818188731817,0.43177822881835176,0.18643243888151292,0.13018603433042653,2020-05-03,Port Newby South Australia AUSTRALIA,Port Newby,South Australia,AUSTRALIA,-30.0002315,136.20915469999997
6351,2020-05-03|Port Phillip Bay Port Melbourne Victoria AUSTRALIA,0.757315516414497,-0.7963732753231232,0.09063062612454117,0.13560245817913225,0.4647299103219446,0.2159738895478427,0.1288928862236579,2020-05-03,Port Phillip Bay Port Melbourne Victoria AUSTRALIA,Port Phillip Bay,Victoria,AUSTRALIA,-38.3,144.6333333
6352,2020-05-03|Port Phillip Bay South Australia AUSTRALIA,0.4786434047050543,-0.5597836565745076,0.009710200128107693,-0.030741135497843262,0.3359162325484286,0.11283971528952996,0.09316640005492653,2020-05-03,Port Phillip Bay South Australia AUSTRALIA,Port Phillip Bay,South Australia,AUSTRALIA,-38.173206,144.8731219
6353,2020-05-03|Port Phillip Bay Victoria AUSTRALIA,0.4786434047050543,-0.5597836565745076,0.009710200128107693,-0.030741135497843262,0.3359162325484286,0.11283971528952996,0.09316640005492653,2020-05-03,Port Phillip Bay Victoria AUSTRALIA,Port Phillip Bay,Victoria,AUSTRALIA,-38.173206,144.8731219
6354,2020-05-03|Port Phillip South Australia AUSTRALIA,0.5007122731872773,-0.5690832949786984,0.01448024875591056,-0.04358461076785889,0.3460219672262648,0.1197312018031343,0.09596922655932445,2020-05-03,Port Phillip South Australia AUSTRALIA,Port Phillip,South Australia,AUSTRALIA,-37.84649829999999,144.9666905
6355,2020-05-03|Port Phillip Victoria AUSTRALIA,0.5007122731872773,-0.5690832949786984,0.01448024875591056,-0.04358461076785889,0.3460219672262648,0.1197312018031343,0.09596922655932445,2020-05-03,Port Phillip Victoria AUSTRALIA,Port Phillip,Victoria,AUSTRALIA,-37.84649829999999,144.9666905
6356,2020-05-03|Port Pirie Spencer Gulf 230 km north of Adelaide South Australia AUSTRALIA,0.5171449418398282,-0.653366614173551,0.08757078392358844,0.2385922582348115,0.39507671665618327,0.15608561204383012,0.1249342275134521,2020-05-03,Port Pirie Spencer Gulf 230 km north of Adelaide South Australia AUSTRALIA,Port Pirie,South Australia,AUSTRALIA,-33.1708294,138.00885669999997
6357,2020-05-03|Port River Adelaide South Australia AUSTRALIA,0.30553981849836204,-0.44341525697969536,0.04037664319151456,0.13300256575562128,0.27281758293842007,0.0744294335603617,0.09093919431280668,2020-05-03,Port River Adelaide South Australia AUSTRALIA,Port River,South Australia,AUSTRALIA,-34.7617799,138.51011
6358,2020-05-03|Port Wakefield South Australia AUSTRALIA,0.37012217797918956,-0.5971004298791255,0.009710539756067874,0.11449054913575415,0.3592603943342705,0.12906803093721553,0.11360811191865461,2020-05-03,Port Wakefield South Australia AUSTRALIA,Port Wakefield,South Australia,AUSTRALIA,-34.183333000000005,138.15
6359,2020-05-03|Portarlington Victoria AUSTRALIA,0.4998360656950916,-0.565846354098078,0.016366931310851127,-0.04831419732861984,0.34696815742586207,0.12038690226749782,0.09623165250401594,2020-05-03,Portarlington Victoria AUSTRALIA,Portarlington,Victoria,AUSTRALIA,-38.116667,144.65
6360,2020-05-03|Portland Victoria AUSTRALIA,0.20192942160228733,-0.19037178069504898,-0.0015514322880678887,-0.02589562868462763,0.12331257226311303,0.015205990478145474,0.03183916925020236,2020-05-03,Portland Victoria AUSTRALIA,Portland,Victoria,AUSTRALIA,-38.360895,141.6041155
6361,2020-05-03|Portsea Beach near Melbourne Victoria AUSTRALIA,0.657026570265968,-0.714561663322236,0.05589875900378543,0.07603482293914979,0.41429439771235865,0.171639847975846,0.11490459185302923,2020-05-03,Portsea Beach near Melbourne Victoria AUSTRALIA,Portsea Beach,Victoria,AUSTRALIA,-38.3339592,144.7019091
6362,2020-05-03|Portsea Beach near entrance to Port Phillip Bay Victoria AUSTRALIA,0.657026590507778,-0.7145652330853601,0.05589472335217385,0.07603243381688289,0.4142956304243776,0.17164086938873246,0.11490493374582864,2020-05-03,Portsea Beach near entrance to Port Phillip Bay Victoria AUSTRALIA,Portsea Beach,Victoria,AUSTRALIA,-38.3339592,144.7019091
6363,2020-05-03|Princess Royal Harbor near King George’s Sound Western Australia AUSTRALIA,0.22597882180896506,-0.2893287107894172,0.019207534363705647,0.03595974627615664,0.16349003692211353,0.026728992172794046,0.04534397778078317,2020-05-03,Princess Royal Harbor near King George’s Sound Western Australia AUSTRALIA,Princess Royal Harbor,Western Australia,AUSTRALIA,-35.0458333,117.9733333
6364,2020-05-03|Pyramids Beach Mandurah Western Australia AUSTRALIA,0.1502936856508225,-0.22029308031220343,-0.005251925001018866,0.04284842724656749,0.12025768053205586,0.014461909726950007,0.03214021704850483,2020-05-03,Pyramids Beach Mandurah Western Australia AUSTRALIA,Pyramids Beach,Western Australia,AUSTRALIA,-32.603604100000005,115.6304031
6365,2020-05-03|Pyramids Beach Port Bouvard Western Australia AUSTRALIA,0.15029792884139054,-0.22027684695031416,-0.005251457228641244,0.04284823218968217,0.12025783593580786,0.01446194710396368,0.032140258581904585,2020-05-03,Pyramids Beach Port Bouvard Western Australia AUSTRALIA,Pyramids Beach,Western Australia,AUSTRALIA,-32.603604100000005,115.6304031
6366,2020-05-03|Pyramids Beach Western Australia AUSTRALIA,0.15029792884139054,-0.22027684695031416,-0.005251457228641244,0.04284823218968217,0.12025783593580786,0.01446194710396368,0.032140258581904585,2020-05-03,Pyramids Beach Western Australia AUSTRALIA,Pyramids Beach,Western Australia,AUSTRALIA,-32.603604100000005,115.6304031
6367,2020-05-03|Queenscliff New South Wales AUSTRALIA,0.6239255090073046,-0.5573400897071586,0.1429371067551649,0.1717209796045723,0.378796100504497,0.14348648575741302,0.11421132158392458,2020-05-03,Queenscliff New South Wales AUSTRALIA,Queenscliff,New South Wales,AUSTRALIA,-33.7825,151.284722
6368,2020-05-03|Queenscliff Sydney New South Wales AUSTRALIA,0.623943707190177,-0.5573353317371056,0.1429479537253588,0.1717273923133093,0.3787994116126142,0.14348899423806272,0.11421231992058505,2020-05-03,Queenscliff Sydney New South Wales AUSTRALIA,Queenscliff,New South Wales,AUSTRALIA,-33.7825,151.284722
6369,2020-05-03|Queenscliff Victoria AUSTRALIA,0.7573157206076009,-0.7963771616782865,0.0906246854943577,0.135601601957885,0.4647312295004189,0.215975115672971,0.12889325209793717,2020-05-03,Queenscliff Victoria AUSTRALIA,Queenscliff,Victoria,AUSTRALIA,-38.2677746,144.6286897
6370,2020-05-03|Quinn’s Rocks south of Yanchep Western Australia AUSTRALIA,0.14679318874130798,-0.2065989975767063,0.008226065686475712,0.04050244174896513,0.10670267930056779,0.011385461769919817,0.029593998572891324,2020-05-03,Quinn’s Rocks south of Yanchep Western Australia AUSTRALIA,Quinn’s Rocks,Western Australia,AUSTRALIA,-31.660517499999997,115.6959328
6371,2020-05-03|Ralph Bay Tasmania AUSTRALIA,0.38434465331698603,-0.5011317706486912,0.0338396667987353,0.1154035620174498,0.3024399275739432,0.09146990979093202,0.09118906921682107,2020-05-03,Ralph Bay Tasmania AUSTRALIA,Ralph Bay,Tasmania,AUSTRALIA,-42.97,147.43
6372,2020-05-03|Red Bluff near Quobba Station Western Australia AUSTRALIA,0.2281452231536738,-0.2677020562044558,0.031107317505186353,0.055736898313108484,0.15316281946509955,0.023458849266498678,0.04247972300585003,2020-05-03,Red Bluff near Quobba Station Western Australia AUSTRALIA,Red Bluff near Quobba Station,Western Australia,AUSTRALIA,-24.05,113.4
6373,2020-05-03|Red Bluffs Western Australia AUSTRALIA,1.5659420145051608,-1.169384691816331,0.42609410139161713,0.5511513308429081,0.764094223506538,0.5838399823960592,0.2042127711124669,2020-05-03,Red Bluffs Western Australia AUSTRALIA,Red Bluffs,Western Australia,AUSTRALIA,-18.8,126.46666670000002
6374,2020-05-03|Redgate Beach Western Australia AUSTRALIA,0.16624406680468556,-0.2659940432348291,0.001543538764908182,0.04761762362287115,0.13982221690914615,0.019550252341388314,0.03877970557807496,2020-05-03,Redgate Beach Western Australia AUSTRALIA,Redgate Beach,Western Australia,AUSTRALIA,-34.039174700000004,114.99853700000001
6375,2020-05-03|Redhead Beach New South Wales AUSTRALIA,0.6406427224413211,-0.5628334657608091,0.14668645953836254,0.17426482328761203,0.3851911915922089,0.14837225408022578,0.11613951409647785,2020-05-03,Redhead Beach New South Wales AUSTRALIA,Redhead Beach,New South Wales,AUSTRALIA,-33.0204805,151.70915119999998
6376,2020-05-03|Redhead Beach Newcastle New South Wales AUSTRALIA,0.6406241642849118,-0.5628380164101171,0.14667562788097233,0.17425830382397908,0.3851877191085229,0.14836957895202635,0.11613846710325268,2020-05-03,Redhead Beach Newcastle New South Wales AUSTRALIA,Redhead Beach,New South Wales,AUSTRALIA,-33.0204805,151.70915119999998
6377,2020-05-03|Rib Reef off Townsville Queensland AUSTRALIA,1.248962313125754,-0.8025611729300102,0.24916330969786768,0.27864065681093925,0.6970485991595773,0.4858767495903291,0.21016806036865074,2020-05-03,Rib Reef off Townsville Queensland AUSTRALIA,Rib Reef off Townsville,Queensland,AUSTRALIA,-18.481090899999998,146.8713315
6378,2020-05-03|Riecks Point Campbell’s Beach New South Wales AUSTRALIA,0.6849712596808857,-0.5650794432774212,0.15828733991586777,0.184645108041846,0.397224618463492,0.15778739751346677,0.11976772881231662,2020-05-03,Riecks Point Campbell’s Beach New South Wales AUSTRALIA,Riecks Point,New South Wales,AUSTRALIA,-30.2379185,153.15217619999999
6379,2020-05-03|Roe Reef off Rottnest Island Western Australia AUSTRALIA,0.1444334448779396,-0.20393287783477398,0.007867177565137615,0.03997704134696904,0.10515734762713633,0.011058067759974394,0.02916540068164858,2020-05-03,Roe Reef off Rottnest Island Western Australia AUSTRALIA,Roe Reef off Rottnest Island,Western Australia,AUSTRALIA,-31.9791667,115.53333329999998
6380,2020-05-03|Rosebud Victoria AUSTRALIA,0.47790281007449237,-0.46233912881616773,0.04714578009278664,0.04489136757734713,0.3023425138605257,0.09141099568750216,0.08727876588242134,2020-05-03,Rosebud Victoria AUSTRALIA,Rosebud,Victoria,AUSTRALIA,-38.356,144.918
6381,2020-05-03|Ross Creek Queensland AUSTRALIA,0.7545928659246552,-0.589352972226666,0.16079990325863308,0.18009931750011574,0.4236235129683135,0.1794568807396149,0.1277272949898319,2020-05-03,Ross Creek Queensland AUSTRALIA,Ross Creek,Queensland,AUSTRALIA,-26.0970062,152.7500251
6382,2020-05-03|Ross River Townsville Queensland AUSTRALIA,1.3547738620820615,-0.9372229840375286,0.2515319320310161,0.2743083270166749,0.783349588179118,0.6136365773003938,0.23618878760632328,2020-05-03,Ross River Townsville Queensland AUSTRALIA,Ross River,Queensland,AUSTRALIA,-19.4006854,146.7329811
6383,2020-05-03|Rothesay Bay Queensland AUSTRALIA,0.7284986369801894,-0.5702961606509004,0.16383878457501425,0.17217666577796759,0.40878128811496417,0.16710214151292935,0.12325219581777304,2020-05-03,Rothesay Bay Queensland AUSTRALIA,Rothesay Bay,Queensland,AUSTRALIA,-27.6733333,153.37444440000002
6384,2020-05-03|Rottnest Island Western Australia AUSTRALIA,0.14302928178816415,-0.20305149803439496,0.007734454249693571,0.03999920064729033,0.10468838322833035,0.01095965758296176,0.029035333359628417,2020-05-03,Rottnest Island Western Australia AUSTRALIA,Rottnest Island,Western Australia,AUSTRALIA,-32.0063677,115.5073002
6385,2020-05-03|Rubbish Dump Creek Mackay Queensland AUSTRALIA,2.243322173797309,-2.1180170728253693,0.19634448826150896,0.46401982237444706,1.5555996782090413,2.419890358844073,0.4314457233752293,2020-05-03,Rubbish Dump Creek Mackay Queensland AUSTRALIA,Rubbish Dump Creek,Queensland,AUSTRALIA,-21.1424956,149.1821469
6386,2020-05-03|Rudder Reef Queensland AUSTRALIA,1.085972229491519,-0.6682056508262323,0.21254609091465657,0.25924121471016365,0.5885177947701987,0.34635319476117776,0.17744479160910295,2020-05-03,Rudder Reef Queensland AUSTRALIA,Rudder Reef,Queensland,AUSTRALIA,-16.1906218,145.6990989
6387,2020-05-03|Russel Island Frankland Group Queensland AUSTRALIA,1.1414705130059333,-0.8984517523822398,0.1364389923907187,0.1591317636044901,0.669443844872315,0.44815506143742817,0.1932517920221846,2020-05-03,Russel Island Frankland Group Queensland AUSTRALIA,Russel Island,Queensland,AUSTRALIA,-17.2291545,146.09400219999998
6388,2020-05-03|Ryde Sydney Estuary New South Wales AUSTRALIA,0.6239255090073046,-0.5573400897071586,0.1429371067551649,0.1717209796045723,0.378796100504497,0.14348648575741302,0.11421132158392458,2020-05-03,Ryde Sydney Estuary New South Wales AUSTRALIA,Ryde,New South Wales,AUSTRALIA,-33.815746600000004,151.1030164
6389,2020-05-03|Safety Cove Tasmania AUSTRALIA,0.36861036787898904,-0.4031394104061963,0.07105895522654067,0.138942680211124,0.2505637111173223,0.06278217332888493,0.07923520261151916,2020-05-03,Safety Cove Tasmania AUSTRALIA,Safety Cove,Tasmania,AUSTRALIA,-43.1625907,147.8547571
6390,2020-05-03|Sailor Bay Middle Harbour Sydney New South Wales AUSTRALIA,0.6239255090073046,-0.5573400897071586,0.1429371067551649,0.1717209796045723,0.378796100504497,0.14348648575741302,0.11421132158392458,2020-05-03,Sailor Bay Middle Harbour Sydney New South Wales AUSTRALIA,Sailor Bay,New South Wales,AUSTRALIA,-33.8035561,151.2270015
6391,2020-05-03|Saltwater Beach New South Wales AUSTRALIA,0.6634840874023948,-0.566880998367932,0.15263477333426634,0.17502287467198577,0.3919954697058418,0.15366044826990355,0.11819108113940037,2020-05-03,Saltwater Beach New South Wales AUSTRALIA,Saltwater Beach,New South Wales,AUSTRALIA,-32.010831800000005,152.5628989
6392,2020-05-03|Sams Creek area Westerm Australia AUSTRALIA,0.683610474623972,-0.7558290091144022,0.03165082244058219,0.029995995348368096,0.4443689817247953,0.19746379191913144,0.1232457806795746,2020-05-03,Sams Creek area Westerm Australia AUSTRALIA,Sam's Creek area,Western Australia,AUSTRALIA,-20.6223242,117.1836798
6393,2020-05-03|Samurai Beach New South Wales AUSTRALIA,0.6422304834230238,-0.5636881363713485,0.14584939681190204,0.17274965830615902,0.38583042881614266,0.14886511980044853,0.1163322513713703,2020-05-03,Samurai Beach New South Wales AUSTRALIA,Samurai Beach,New South Wales,AUSTRALIA,-32.7673021,152.1244595
6394,2020-05-03|Sandbar Beach New South Wales AUSTRALIA,0.653201482285193,-0.5657634675263773,0.15028677021387574,0.17370193811404272,0.38904505120590516,0.15135605186780537,0.11730149649041736,2020-05-03,Sandbar Beach New South Wales AUSTRALIA,Sandbar Beach,New South Wales,AUSTRALIA,-32.387195,152.5226878
6395,2020-05-03|Sandgate Jetty Brisbane Queensland AUSTRALIA,0.9809043432341169,-0.86710377405134,0.14503548598350233,0.19971628244713083,0.6215471556232854,0.38632086666339666,0.17942520880657503,2020-05-03,Sandgate Jetty Brisbane Queensland AUSTRALIA,Sandgate Jetty,Queensland,AUSTRALIA,-27.322671000000003,153.0844173
6396,2020-05-03|Sandon New South Wales AUSTRALIA,0.6942008552676368,-0.5663461047776799,0.16229859620561893,0.18679059473569154,0.3998256513922759,0.15986055151125772,0.1205519697479653,2020-05-03,Sandon New South Wales AUSTRALIA,Sandon,New South Wales,AUSTRALIA,-29.689362699999997,153.3130678
6397,2020-05-03|Sandringham Victoria AUSTRALIA,0.5011089785418491,-0.5733400629244066,0.012097378199741911,-0.04345880122237415,0.3476851636565901,0.12088497302690983,0.09643051425245572,2020-05-03,Sandringham Victoria AUSTRALIA,Sandringham,Victoria,AUSTRALIA,-37.9525,145.012311
6398,2020-05-03|Scarborough Beach Perth Western Australia AUSTRALIA,0.14816527368054336,-0.20731972717780608,0.008161574598680468,0.04109834624084614,0.1071691334872786,0.011485223172414141,0.02972336968734061,2020-05-03,Scarborough Beach Perth Western Australia AUSTRALIA,Scarborough Beach,Western Australia,AUSTRALIA,-31.893518100000005,115.7548947
6399,2020-05-03|Scarborough Western Australia AUSTRALIA,0.14816527368054336,-0.20731972717780608,0.008161574598680468,0.04109834624084614,0.1071691334872786,0.011485223172414141,0.02972336968734061,2020-05-03,Scarborough Western Australia AUSTRALIA,Scarborough,Western Australia,AUSTRALIA,-31.8980316,115.7715973
6400,2020-05-03|Schnapper Rock Kirton Point South Australia AUSTRALIA,0.2849178240562541,-0.36065751989999945,-0.006400796923430078,0.011424077801999302,0.1879697178242003,0.03533261481890948,0.054262183592650025,2020-05-03,Schnapper Rock Kirton Point South Australia AUSTRALIA,Schnapper Rock,South Australia,AUSTRALIA,-34.7207199,135.87936000000002
6401,2020-05-03|Scotts Head New South Wales AUSTRALIA,0.6785183621780541,-0.5602490944645659,0.15903887563296568,0.18477898591279307,0.3936685644951779,0.15497493867169404,0.11869553819893915,2020-05-03,Scotts Head New South Wales AUSTRALIA,Scotts Head,New South Wales,AUSTRALIA,-30.7492859,152.9941554
6402,2020-05-03|Scotts Point Beach Queensland AUSTRALIA,0.9809007531502124,-0.8671031144701286,0.1450410230647141,0.1997254437724033,0.6215512119226161,0.3863259090424729,0.17942637975933026,2020-05-03,Scotts Point Beach Queensland AUSTRALIA,Scotts Point Beach,Queensland,AUSTRALIA,-27.2521951,153.10984
6403,2020-05-03|Scott’s Point Redcliffe Peninsula Queensland AUSTRALIA,0.9809043432341169,-0.86710377405134,0.14503548598350233,0.19971628244713083,0.6215471556232854,0.38632086666339666,0.17942520880657503,2020-05-03,Scott’s Point Redcliffe Peninsula Queensland AUSTRALIA,Scott’s Point,Queensland,AUSTRALIA,-27.2521951,153.10984
6404,2020-05-03|SeaWorld Theme Park Queensland AUSTRALIA,0.7243295643160316,-0.5690029014388286,0.16455538810329695,0.1752074175435452,0.4073651408639002,0.16594635799106525,0.12282521135598463,2020-05-03,SeaWorld Theme Park Queensland AUSTRALIA,SeaWorld Theme Park,Queensland,AUSTRALIA,-27.9572417,153.42551609999998
6405,2020-05-03|Seaforth River near MacKay Queensland AUSTRALIA,2.243328845017884,-2.118018424622284,0.19633894945795596,0.46401643864227937,1.555605558354804,2.4199086531843617,0.43144735423423347,2020-05-03,Seaforth River near MacKay Queensland AUSTRALIA,Seaforth River,Queensland,AUSTRALIA,-21.1389425,149.182769
6406,2020-05-03|Seaholme Victoria AUSTRALIA,0.49772721148496896,-0.5644112288442829,0.01596347149150583,-0.04212912926197383,0.3436095061248089,0.11806749269933509,0.09530013023614278,2020-05-03,Seaholme Victoria AUSTRALIA,Seaholme,Victoria,AUSTRALIA,-37.868,144.841
6407,2020-05-03|Seal Rocks New South Wales AUSTRALIA,0.6501542524251253,-0.5649001589875259,0.14968803921787205,0.17378901587454895,0.3879985882979228,0.15054290452118096,0.11698597605198084,2020-05-03,Seal Rocks New South Wales AUSTRALIA,Seal Rocks,New South Wales,AUSTRALIA,-32.4353409,152.525707
6408,2020-05-03|Seal Rocks Phillip Island Victoria AUSTRALIA,0.7915741054610445,-0.8970812001120496,0.06685225132499353,0.12026633283361703,0.530196071672495,0.2811078744169455,0.14704993249728934,2020-05-03,Seal Rocks Phillip Island Victoria AUSTRALIA,Seal Rocks,Victoria,AUSTRALIA,-38.5258967,145.09982109999999
6409,2020-05-03|Seal Rocks north of Newcastle New South Wales AUSTRALIA,0.6501350629368233,-0.5649046010266413,0.1496770799399968,0.17378248712909777,0.38799486848147396,0.1505400179679563,0.11698485448512178,2020-05-03,Seal Rocks north of Newcastle New South Wales AUSTRALIA,Seal Rocks,New South Wales,AUSTRALIA,-32.4353409,152.525707
6410,2020-05-03|Seaspray near Sale New South Wales AUSTRALIA,0.4692045965125658,-0.6282961712939626,0.04981494670319155,0.11595925032806274,0.3627026473279607,0.13155321037871104,0.10470323553529401,2020-05-03,Seaspray near Sale New South Wales AUSTRALIA,Seaspray,New South Wales,AUSTRALIA,-38.293634499999996,147.14676930000002
6411,2020-05-03|Second Valley South Australia AUSTRALIA,0.23039541363130556,-0.38373235375860987,-0.050969302007715676,-0.0135468429531969,0.21196430935996113,0.044928868442445306,0.06702900002420244,2020-05-03,Second Valley South Australia AUSTRALIA,Second Valley,South Australia,AUSTRALIA,-35.5367772,138.2322002
6412,2020-05-03|Semaphore South Australia AUSTRALIA,0.30003741497744224,-0.43982788128494466,0.03682385027294341,0.12461821410202509,0.2692183927211282,0.07247854297934761,0.08973946424037606,2020-05-03,Semaphore South Australia AUSTRALIA,Semaphore,South Australia,AUSTRALIA,-34.838889,138.48388899999998
6413,2020-05-03|Seven Mile Beach Byron Bay New South Wales AUSTRALIA,0.7085125635090473,-0.5638478621025771,0.16231126773745305,0.17800673038013834,0.4017900967394129,0.16143528183786676,0.12114427230593011,2020-05-03,Seven Mile Beach Byron Bay New South Wales AUSTRALIA,Seven Mile Beach,New South Wales,AUSTRALIA,-28.7186968,153.6118865
6414,2020-05-03|Seven Mile Beach Gerroa New South Wales AUSTRALIA,0.6103361218973061,-0.553630100448399,0.13858383180412762,0.16859950449551808,0.3739120009452807,0.1398101844509036,0.11273871015877361,2020-05-03,Seven Mile Beach Gerroa New South Wales AUSTRALIA,Seven Mile Beach,New South Wales,AUSTRALIA,-34.7699,150.813133
6415,2020-05-03|Seven Shillings Beach Middle Harbor Sydney Estuary New South Wales AUSTRALIA,0.6221732867613821,-0.5564023162678882,0.14234465161201867,0.171703257946488,0.3780473077883111,0.14291976692599,0.11398555208525732,2020-05-03,Seven Shillings Beach Middle Harbor Sydney Estuary New South Wales AUSTRALIA,Seven Shillings Beach,New South Wales,AUSTRALIA,-33.871820299999996,151.24781399999998
6416,2020-05-03|Shark Bay Western Australia AUSTRALIA,0.24197558605024663,-0.3513046196459258,0.013342999988769044,0.0710942825406371,0.1903776122172016,0.03624363523352318,0.050880557073491234,2020-05-03,Shark Bay Western Australia AUSTRALIA,Shark Bay,Western Australia,AUSTRALIA,-25.7834193,113.2987712
6417,2020-05-03|Sharks Bay Western Australia AUSTRALIA,0.24197558605024663,-0.3513046196459258,0.013342999988769044,0.0710942825406371,0.1903776122172016,0.03624363523352318,0.050880557073491234,2020-05-03,Sharks Bay Western Australia AUSTRALIA,Sharks Bay,Western Australia,AUSTRALIA,-25.7834193,113.2987712
6418,2020-05-03|Sharpes Beach Ballina New South Wales AUSTRALIA,0.7069502798375529,-0.565813254831729,0.1609907482521123,0.1759673528945632,0.4020666146003514,0.16165756257618752,0.12122764557798145,2020-05-03,Sharpes Beach Ballina New South Wales AUSTRALIA,Sharpes Beach,New South Wales,AUSTRALIA,-28.8338657,153.60514990000001
6419,2020-05-03|Shellharbour New South Wales AUSTRALIA,0.6112789783572606,-0.5524937261239972,0.1394129312338089,0.169833849804866,0.3738099886439931,0.13973390761002227,0.11270795229264892,2020-05-03,Shellharbour New South Wales AUSTRALIA,Shellharbour,New South Wales,AUSTRALIA,-34.583333,150.866667
6420,2020-05-03|Shelly Beach Ballina New South Wales AUSTRALIA,0.7064511014571655,-0.5663933902705238,0.1609112000769038,0.17631482555161512,0.4021918579981691,0.1617582906400194,0.12126540788325693,2020-05-03,Shelly Beach Ballina New South Wales AUSTRALIA,Shelly Beach,New South Wales,AUSTRALIA,-28.863228499999998,153.59435119999998
6421,2020-05-03|Shelly Beach Crescent Head New South Wales AUSTRALIA,0.6314149196020605,-0.5601540123796116,0.14539600013921908,0.17363639350401625,0.3818061603095934,0.14577594405035493,0.11511888876301868,2020-05-03,Shelly Beach Crescent Head New South Wales AUSTRALIA,Shelly Beach,New South Wales,AUSTRALIA,-33.3699595,151.4858695
6422,2020-05-03|Shelly Beach New South Wales AUSTRALIA,0.6314149196020605,-0.5601540123796116,0.14539600013921908,0.17363639350401625,0.3818061603095934,0.14577594405035493,0.11511888876301868,2020-05-03,Shelly Beach New South Wales AUSTRALIA,Shelly Beach,New South Wales,AUSTRALIA,-33.3699595,151.4858695
6423,2020-05-03|Shelly Beach near Port Macquarie New South Wales AUSTRALIA,0.671905702555692,-0.563579005010063,0.1558904638698856,0.1775273810253814,0.3928125958439044,0.15430173545362658,0.11843745393997725,2020-05-03,Shelly Beach near Port Macquarie New South Wales AUSTRALIA,Shelly Beach,New South Wales,AUSTRALIA,-31.454032399999996,152.93144080000002
6424,2020-05-03|Shelly Point Tasmania AUSTRALIA,0.47163075530099635,-0.48263198418774084,0.11564725557633611,0.1481549720255093,0.3094980731326449,0.09578905727281999,0.09331718017445077,2020-05-03,Shelly Point Tasmania AUSTRALIA,Shelly Point,Tasmania,AUSTRALIA,-41.43509279999999,148.2769946
6425,2020-05-03|Ships Graveyard off Point Lonsdale Victoria AUSTRALIA,0.7573157206076009,-0.7963771616782865,0.0906246854943577,0.135601601957885,0.4647312295004189,0.215975115672971,0.12889325209793717,2020-05-03,Ships Graveyard off Point Lonsdale Victoria AUSTRALIA,Ship's Graveyard off Point Lonsdale,Victoria,AUSTRALIA,-38.283333,144.6
6426,2020-05-03|Shipwreck Cove Melbourne Aquarium Victoria AUSTRALIA,0.5007122731872773,-0.5690832949786984,0.01448024875591056,-0.04358461076785889,0.3460219672262648,0.1197312018031343,0.09596922655932445,2020-05-03,Shipwreck Cove Melbourne Aquarium Victoria AUSTRALIA,Shipwreck Cove,Victoria,AUSTRALIA,-37.820629499999995,144.95821750000002
6427,2020-05-03|Shoalhaven New South Wales AUSTRALIA,0.5959149072673295,-0.549209611599322,0.13384841524830088,0.16476841628075622,0.3685352290704374,0.13581821506599978,0.1111175524413017,2020-05-03,Shoalhaven New South Wales AUSTRALIA,Shoalhaven,New South Wales,AUSTRALIA,-35.081067700000006,150.48922919999998
6428,2020-05-03|Sirius Cove Sydney Harbor New South Wales AUSTRALIA,0.6239255090073046,-0.5573400897071586,0.1429371067551649,0.1717209796045723,0.378796100504497,0.14348648575741302,0.11421132158392458,2020-05-03,Sirius Cove Sydney Harbor New South Wales AUSTRALIA,Sirius Cove,New South Wales,AUSTRALIA,-33.8375951,151.2402351
6429,2020-05-03|Smelting Works Bay near Hobart Tasmania AUSTRALIA,0.3838666790809757,-0.5007802633897624,0.03426216582874798,0.11600157770085198,0.30222938466428456,0.09134260095455209,0.09112558814103858,2020-05-03,Smelting Works Bay near Hobart Tasmania AUSTRALIA,Smelting Works Bay near Hobart,Tasmania,AUSTRALIA,-42.8821377,147.3271949
6430,2020-05-03|Smiths New South Wales AUSTRALIA,0.6266426341286938,-0.5584203225390622,0.14441849562808157,0.17386454203690557,0.3800373781164308,0.14442840876561097,0.11458558086569301,2020-05-03,Smiths New South Wales AUSTRALIA,Smiths,New South Wales,AUSTRALIA,-31.2532183,146.921099
6431,2020-05-03|Smokey Cape New South Wales AUSTRALIA,0.6763883656867898,-0.5607763883862016,0.1577831979956615,0.1828440014951127,0.3932302412737351,0.15463002265219994,0.11856337877508227,2020-05-03,Smokey Cape New South Wales AUSTRALIA,Smokey Cape,New South Wales,AUSTRALIA,-30.9237156,153.0888272
6432,2020-05-03|Smoky Bay near Ceduna on the Eyre Peninsula South Australia AUSTRALIA,0.47950701144005214,-0.405352609336978,0.033399098628129724,0.03800415476262203,0.26824454995084057,0.07195513857832901,0.07743553156138391,2020-05-03,Smoky Bay near Ceduna on the Eyre Peninsula South Australia AUSTRALIA,Smoky Bay,South Australia,AUSTRALIA,-32.37340089999999,133.93568009999998
6433,2020-05-03|Snapper Point Aldinga Beach Adelaide South Australia AUSTRALIA,0.252910130858287,-0.37885336382004137,0.022299982346132678,0.06336739581576108,0.22844540156255386,0.05218730149507648,0.07614846718751796,2020-05-03,Snapper Point Aldinga Beach Adelaide South Australia AUSTRALIA,Snapper Point,South Australia,AUSTRALIA,-35.2711799,138.44391000000002
6434,2020-05-03|Sorrento Back Beach Victoria AUSTRALIA,0.7386152242749967,-0.8021150434760252,0.07915889509395492,0.13235729954817047,0.4629222169207878,0.21429697891885688,0.12839152228148953,2020-05-03,Sorrento Back Beach Victoria AUSTRALIA,Sorrento Back Beach,Victoria,AUSTRALIA,-38.346817,144.72833219999998
6435,2020-05-03|South Broulee New South Wales AUSTRALIA,0.5888581030735286,-0.5465523221820202,0.13167758495052856,0.16378371272320116,0.3657706372516233,0.1337881590754586,0.11028399664480237,2020-05-03,South Broulee New South Wales AUSTRALIA,South Broulee,New South Wales,AUSTRALIA,-35.845428399999996,150.1694166
6436,2020-05-03|South Bruny Island Western Australia AUSTRALIA,0.3218369234790937,-0.4390610779758107,0.037743175842266885,0.12901243668084972,0.253311804029245,0.06416687006055065,0.07312481912259718,2020-05-03,South Bruny Island Western Australia AUSTRALIA,South Bruny Island,Western Australia,AUSTRALIA,-43.3937074,147.2679116
6437,2020-05-03|South Cape Bay Tasmania AUSTRALIA,0.23795372316935903,-0.34058505640295694,0.019162221234966484,0.06695365909411612,0.1931472336369001,0.037305853861587274,0.0582360821153372,2020-05-03,South Cape Bay Tasmania AUSTRALIA,South Cape Bay,Tasmania,AUSTRALIA,-43.63,146.79
6438,2020-05-03|South Coast New South Wales AUSTRALIA,0.5817011108416508,-0.5420903485924297,0.12963500566678043,0.15937476854358068,0.3617460039818721,0.13086017139685266,0.1090705240562073,2020-05-03,South Coast New South Wales AUSTRALIA,South Coast,New South Wales,AUSTRALIA,-36.6806101,149.65644939999999
6439,2020-05-03|South Cronulla New South Wales AUSTRALIA,0.6175699989130122,-0.5553555246017364,0.1400304357532214,0.16946618353641693,0.3764626792981083,0.14172414890431034,0.11350776861852005,2020-05-03,South Cronulla New South Wales AUSTRALIA,South Cronulla,New South Wales,AUSTRALIA,-34.05744,151.15219
6440,2020-05-03|South Golden Beach New South Wales AUSTRALIA,0.7086119687779651,-0.5610615278081225,0.16388769095178266,0.1796717794105292,0.40073600772372764,0.1605893478863515,0.12082645250950619,2020-05-03,South Golden Beach New South Wales AUSTRALIA,South Golden Beach,New South Wales,AUSTRALIA,-28.4981216,153.54709450000001
6441,2020-05-03|South Head Sydney New South Wales AUSTRALIA,0.6239255090073046,-0.5573400897071586,0.1429371067551649,0.1717209796045723,0.378796100504497,0.14348648575741302,0.11421132158392458,2020-05-03,South Head Sydney New South Wales AUSTRALIA,South Head,New South Wales,AUSTRALIA,-33.8332187,151.28042580000002
6442,2020-05-03|South Narrabeen Beach New South Wales AUSTRALIA,0.6257239988066886,-0.5581150392588677,0.14375996774842134,0.17307852708983845,0.37966160367949126,0.1441429333084831,0.11447228060995342,2020-05-03,South Narrabeen Beach New South Wales AUSTRALIA,South Narrabeen Beach,New South Wales,AUSTRALIA,-33.709542299999995,151.3033826
6443,2020-05-03|South Neptune Island South Australia AUSTRALIA,0.2700086901517882,-0.23244621006224428,0.016733373169627985,0.00549235517758456,0.15097806434165806,0.022794375912353837,0.043583613044692465,2020-05-03,South Neptune Island South Australia AUSTRALIA,South Neptune Island,South Australia,AUSTRALIA,-35.3295695,136.11835280000003
6444,2020-05-03|South Passage south of Coral Bay Western Australia AUSTRALIA,0.23560448129017997,-0.2625456342557667,0.03551653914230049,0.05312659542883665,0.15245523123127974,0.02324259752978297,0.04228347333977678,2020-05-03,South Passage south of Coral Bay Western Australia AUSTRALIA,South Passage,Western Australia,AUSTRALIA,-23.143670800000002,113.77153590000002
6445,2020-05-03|South Perth Western Australia AUSTRALIA,0.15015687131782784,-0.2088677676236413,0.008159279998730675,0.04257365028163371,0.10818568235680875,0.011704141867008322,0.030005309616041063,2020-05-03,South Perth Western Australia AUSTRALIA,South Perth,Western Australia,AUSTRALIA,-31.9809515,115.86391680000001
6446,2020-05-03|South Point Gracetown Western Australia AUSTRALIA,0.16118941041106558,-0.2536473514822739,0.004016498047857855,0.04590386980520002,0.13418630729677838,0.01800596506594544,0.037216585494130934,2020-05-03,South Point Gracetown Western Australia AUSTRALIA,South Point,Western Australia,AUSTRALIA,-33.8638221,114.97694579999998
6447,2020-05-03|South Steyne Manly New South Wales AUSTRALIA,0.6239255090073046,-0.5573400897071586,0.1429371067551649,0.1717209796045723,0.378796100504497,0.14348648575741302,0.11421132158392458,2020-05-03,South Steyne Manly New South Wales AUSTRALIA,South Steyne,New South Wales,AUSTRALIA,-33.7985672,151.2889614
6448,2020-05-03|South Stradbroke Island Queensland AUSTRALIA,0.7265191169284,-0.5693154390630468,0.16370221311915611,0.17321432061638528,0.40799724427032164,0.1664617513321765,0.12301579770396694,2020-05-03,South Stradbroke Island Queensland AUSTRALIA,South Stradbroke Island,Queensland,AUSTRALIA,-27.833508600000002,153.42132080000002
6449,2020-05-03|South Werribee Beach Victoria AUSTRALIA,0.49622049437391624,-0.5624952013591136,0.016380961921400008,-0.04334762764397967,0.3432842985248904,0.11784410961372606,0.09520993387639842,2020-05-03,South Werribee Beach Victoria AUSTRALIA,South Werribee Beach,Victoria,AUSTRALIA,-37.9736195,144.69639109999997
6450,2020-05-03|South West Rocks New South Wales AUSTRALIA,0.6769734914749757,-0.5595241769956408,0.159246396431693,0.18473498090475626,0.3929651009130725,0.15442157053562128,0.11848343594843706,2020-05-03,South West Rocks New South Wales AUSTRALIA,South West Rocks,New South Wales,AUSTRALIA,-30.884166999999998,153.040278
6451,2020-05-03|South coast New South Wales AUSTRALIA,0.5816828539776981,-0.5420955364676647,0.12962392527851316,0.1593688837644832,0.36174273595266254,0.1308578070145177,0.1090695387083262,2020-05-03,South coast New South Wales AUSTRALIA,South coast,New South Wales,AUSTRALIA,-36.6806101,149.65644939999999
6452,2020-05-03|Southgates near Geraldton Western Australia AUSTRALIA,0.14956464440564868,-0.21012138900157973,0.006197733161548602,0.041268415724317775,0.1054406067990322,0.011117721562148113,0.030438081359469363,2020-05-03,Southgates near Geraldton Western Australia AUSTRALIA,Southgates,Western Australia,AUSTRALIA,-28.85,114.6338889
6453,2020-05-03|Southport Aquarium Queensland AUSTRALIA,0.7243295643160316,-0.5690029014388286,0.16455538810329695,0.1752074175435452,0.4073651408639002,0.16594635799106525,0.12282521135598463,2020-05-03,Southport Aquarium Queensland AUSTRALIA,Southport Aquarium,Queensland,AUSTRALIA,-27.9600602,153.42459219999998
6454,2020-05-03|Southport Bar Queensland AUSTRALIA,0.7243295643160316,-0.5690029014388286,0.16455538810329695,0.1752074175435452,0.4073651408639002,0.16594635799106525,0.12282521135598463,2020-05-03,Southport Bar Queensland AUSTRALIA,Southport Bar,Queensland,AUSTRALIA,-27.9674697,153.41637690000002
6455,2020-05-03|Southport Queensland AUSTRALIA,0.7232789230502402,-0.5686991858301277,0.1649524963366735,0.1761811098114474,0.4070139706213282,0.16566037228093944,0.12271932954397105,2020-05-03,Southport Queensland AUSTRALIA,Southport,Queensland,AUSTRALIA,-27.973794,153.4183144
6456,2020-05-03|Southport South Australia AUSTRALIA,0.25801850329968445,-0.384883804311212,0.0243655557962402,0.07058403479535696,0.2323387956913521,0.053981315983307854,0.0774462652304507,2020-05-03,Southport South Australia AUSTRALIA,Southport,South Australia,AUSTRALIA,-35.1577032,138.46888719999998
6457,2020-05-03|St Crispin Reef Queensland AUSTRALIA,1.0647967607992166,-0.656509302261441,0.20926853583148317,0.26189991065957546,0.5764918303959143,0.3323428305132316,0.1738188269207682,2020-05-03,St Crispin Reef Queensland AUSTRALIA,St. Crispin Reef,Queensland,AUSTRALIA,-16.1014387,145.83812460000001
6458,2020-05-03|St George’s River at Moorebank near Milperra Bridge New South Wales AUSTRALIA,0.6163298599834162,-0.5549668436585524,0.13973285682232742,0.16906464000616342,0.3759669511183386,0.1413511483332192,0.11335830094849261,2020-05-03,St George’s River at Moorebank near Milperra Bridge New South Wales AUSTRALIA,St. George’s River at Moorebank,New South Wales,AUSTRALIA,-34.0494645,150.8953368
6459,2020-05-03|St Helena Island Moreton Bay Queensland AUSTRALIA,1.0286754868876509,-0.9124436602315004,0.15268893097168623,0.21062537934756775,0.6540822552370904,0.42782359661603825,0.18881728306664583,2020-05-03,St Helena Island Moreton Bay Queensland AUSTRALIA,St. Helena Island,Queensland,AUSTRALIA,-27.3877599,153.23402119999997
6460,2020-05-03|Stevens Reef Queensland AUSTRALIA,1.7028700888497252,-1.4772062958912324,0.2599068279584479,0.37372626454601426,1.086953862299205,1.181468698767159,0.31377655249757475,2020-05-03,Stevens Reef Queensland AUSTRALIA,Stevens Reef,Queensland,AUSTRALIA,-20.5833333,150.08333330000002
6461,2020-05-03|Stockton Beach New South Wales AUSTRALIA,0.6413522493048524,-0.5634193559318306,0.14609532360892036,0.1736988404029729,0.3856119398113686,0.14869656812508655,0.1162663744577654,2020-05-03,Stockton Beach New South Wales AUSTRALIA,Stockton Beach,New South Wales,AUSTRALIA,-32.8054122,151.9608991
6462,2020-05-03|Stockton Beach Newcastle New South Wales AUSTRALIA,0.6413337219809168,-0.5634238512600825,0.14608453467331162,0.173692345446071,0.38560846369966856,0.1486938872768186,0.11626532637065283,2020-05-03,Stockton Beach Newcastle New South Wales AUSTRALIA,Stockton Beach,New South Wales,AUSTRALIA,-32.8054122,151.9608991
6463,2020-05-03|Stockton Bight New South Wales AUSTRALIA,0.6413337219809168,-0.5634238512600825,0.14608453467331162,0.173692345446071,0.38560846369966856,0.1486938872768186,0.11626532637065283,2020-05-03,Stockton Bight New South Wales AUSTRALIA,Stockton Bight,New South Wales,AUSTRALIA,-32.8054122,151.9608991
6464,2020-05-03|Stradbroke Island Queensland AUSTRALIA,0.7294597860232526,-0.567698126110066,0.161579448334012,0.16854106190035686,0.4080627589492726,0.16651521524129212,0.12303555112290702,2020-05-03,Stradbroke Island Queensland AUSTRALIA,Stradbroke Island,Queensland,AUSTRALIA,-27.5323174,153.46260769999998
6465,2020-05-03|Strand Beach Kissing Point Townsville Queensland AUSTRALIA,1.3547821237610955,-0.9372244373357486,0.2515275717508938,0.27429343687688695,0.7833497082111462,0.613636765354488,0.23618882379734152,2020-05-03,Strand Beach Kissing Point Townsville Queensland AUSTRALIA,Strand Beach,Queensland,AUSTRALIA,-19.239290899999997,146.80543889999998
6466,2020-05-03|Stratham Beach Western Australia AUSTRALIA,0.1734279483495728,-0.24278810024605538,0.004777111771104627,0.05335772326914906,0.13895349722417133,0.019308074390827788,0.03587763870976627,2020-05-03,Stratham Beach Western Australia AUSTRALIA,Stratham Beach,Western Australia,AUSTRALIA,-33.4665674,115.5602443
6467,2020-05-03|Streaky Bay South Australia AUSTRALIA,0.47043799902916206,-0.40900534281508405,0.021757585114935144,0.022588322499784284,0.26598079968767124,0.0707457858024931,0.07678204314947447,2020-05-03,Streaky Bay South Australia AUSTRALIA,Streaky Bay,South Australia,AUSTRALIA,-32.797222,134.21111100000002
6468,2020-05-03|Sugarloaf Bay Middle Harbor Sydney New South Wales AUSTRALIA,0.6239255090073046,-0.5573400897071586,0.1429371067551649,0.1717209796045723,0.378796100504497,0.14348648575741302,0.11421132158392458,2020-05-03,Sugarloaf Bay Middle Harbor Sydney New South Wales AUSTRALIA,Sugarloaf Bay,New South Wales,AUSTRALIA,-33.7859956,151.2260866
6469,2020-05-03|Sugarloaf Bay Middle Harbour Sydney New South Wales AUSTRALIA,0.6239255090073046,-0.5573400897071586,0.1429371067551649,0.1717209796045723,0.378796100504497,0.14348648575741302,0.11421132158392458,2020-05-03,Sugarloaf Bay Middle Harbour Sydney New South Wales AUSTRALIA,Sugarloaf Bay,New South Wales,AUSTRALIA,-33.7831723,151.2231308
6470,2020-05-03|Suicide Point Point Leo Victoria AUSTRALIA,0.7191376137124473,-0.8253234299986625,0.06288835654302304,0.12074099099510488,0.4881239213756357,0.2382649626191278,0.13538121748464674,2020-05-03,Suicide Point Point Leo Victoria AUSTRALIA,Suicide Point,Victoria,AUSTRALIA,-38.421,145.075
6471,2020-05-03|Sunshine Beach Queensland AUSTRALIA,0.7496752922980044,-0.5847954609365591,0.16122684757011865,0.18170211820103846,0.4208208343044523,0.17709017458469528,0.12688225557747168,2020-05-03,Sunshine Beach Queensland AUSTRALIA,Sunshine Beach,Queensland,AUSTRALIA,-26.406999999999996,153.105
6472,2020-05-03|Surf Beach Batemans Bay New South Wales AUSTRALIA,0.5904464714757848,-0.5459374652655472,0.13281256925473645,0.16492565034888626,0.3659755926174344,0.13393813439168228,0.11034579301272651,2020-05-03,Surf Beach Batemans Bay New South Wales AUSTRALIA,Surf Beach,New South Wales,AUSTRALIA,-35.7600051,150.2052861
6473,2020-05-03|Surf Beach Kiama New South Wales AUSTRALIA,0.6108892024355452,-0.5530953118702057,0.13906817332616425,0.1694185270263639,0.3739132613327566,0.13981112700049833,0.11273909017989615,2020-05-03,Surf Beach Kiama New South Wales AUSTRALIA,Surf Beach,New South Wales,AUSTRALIA,-34.6816667,150.8511111
6474,2020-05-03|Surfers Paradise Beach near Victor Harbour South Australia AUSTRALIA,0.7232789230502402,-0.5686991858301277,0.1649524963366735,0.1761811098114474,0.4070139706213282,0.16566037228093944,0.12271932954397105,2020-05-03,Surfers Paradise Beach near Victor Harbour South Australia AUSTRALIA,Surfers Paradise Beach near Victor Harbour,South Australia,AUSTRALIA,-28.0,153.416667
6475,2020-05-03|Surfers Paradise Northcliffe Queensland AUSTRALIA,0.7232789230502402,-0.5686991858301277,0.1649524963366735,0.1761811098114474,0.4070139706213282,0.16566037228093944,0.12271932954397105,2020-05-03,Surfers Paradise Northcliffe Queensland AUSTRALIA,Surfer's Paradise,Queensland,AUSTRALIA,-28.006491999999998,153.43112019999998
6476,2020-05-03|Surfers Paradise Queensland AUSTRALIA,0.7233013327966071,-0.5686962739467478,0.16496311923789797,0.1761877056677337,0.40701917328802734,0.16566460742406924,0.1227208982070029,2020-05-03,Surfers Paradise Queensland AUSTRALIA,Surfer's Paradise,Queensland,AUSTRALIA,-28.0,153.416667
6477,2020-05-03|Surfers Paradise near Southport Queensland AUSTRALIA,0.7232789230502402,-0.5686991858301277,0.1649524963366735,0.1761811098114474,0.4070139706213282,0.16566037228093944,0.12271932954397105,2020-05-03,Surfers Paradise near Southport Queensland AUSTRALIA,Surfers Paradise,Queensland,AUSTRALIA,-28.0,153.416667
6478,2020-05-03|Surfers Point Phillip Island Victoria AUSTRALIA,0.8243693663508093,-0.9368510894355006,0.05919336103570798,0.10324076871870481,0.5536997524143662,0.30658341582373044,0.15356868065705487,2020-05-03,Surfers Point Phillip Island Victoria AUSTRALIA,Surfers Point,Victoria,AUSTRALIA,-38.5092311,145.2817885
6479,2020-05-03|Surfers Point Prevelly Western Australia AUSTRALIA,0.16395102834965544,-0.2612322009895606,0.0028231977460776245,0.047677903060943744,0.13752839050419893,0.018914058194675433,0.03814351259960955,2020-05-03,Surfers Point Prevelly Western Australia AUSTRALIA,Surfers Point,Western Australia,AUSTRALIA,-33.976738299999994,114.98598359999998
6480,2020-05-03|Swain Reef Queensland AUSTRALIA,0.8821325491114516,-0.7494697295440271,0.14052054932675084,0.13661941800892372,0.5454507817852852,0.2975165553501788,0.15128082784375116,2020-05-03,Swain Reef Queensland AUSTRALIA,Swain Reef,Queensland,AUSTRALIA,-21.9813586,152.473207
6481,2020-05-03|Swan River 13 miles upstream Western Australia AUSTRALIA,0.14816527368054336,-0.20731972717780608,0.008161574598680468,0.04109834624084614,0.1071691334872786,0.011485223172414141,0.02972336968734061,2020-05-03,Swan River 13 miles upstream Western Australia AUSTRALIA,Swan River,Western Australia,AUSTRALIA,-31.8962877,115.95750179999999
6482,2020-05-03|Swan River Western Australia AUSTRALIA,0.14816527368054336,-0.20731972717780608,0.008161574598680468,0.04109834624084614,0.1071691334872786,0.011485223172414141,0.02972336968734061,2020-05-03,Swan River Western Australia AUSTRALIA,Swan River,Western Australia,AUSTRALIA,-31.8962877,115.95750179999999
6483,2020-05-03|Sweet Water Point Pitt Water Tasmania AUSTRALIA,1.2162736412949748,-1.2500796022900194,0.14665485758010147,0.30501726797280243,0.8748235836692332,0.7653163025438798,0.2637692349804482,2020-05-03,Sweet Water Point Pitt Water Tasmania AUSTRALIA,Sweet Water Point,Tasmania,AUSTRALIA,-41.4545196,145.9706647
6484,2020-05-03|Sydney Harbor New South Wales AUSTRALIA,0.6239255090073046,-0.5573400897071586,0.1429371067551649,0.1717209796045723,0.378796100504497,0.14348648575741302,0.11421132158392458,2020-05-03,Sydney Harbor New South Wales AUSTRALIA,Sydney Harbor,New South Wales,AUSTRALIA,-33.8436313,151.23731
6485,2020-05-03|Sydney Harbour New South Wales AUSTRALIA,0.6221732867613821,-0.5564023162678882,0.14234465161201867,0.171703257946488,0.3780473077883111,0.14291976692599,0.11398555208525732,2020-05-03,Sydney Harbour New South Wales AUSTRALIA,Sydney Harbour,New South Wales,AUSTRALIA,-33.8462182,151.2488616
6486,2020-05-03|Sydney New South Wales AUSTRALIA,0.6221732867613821,-0.5564023162678882,0.14234465161201867,0.171703257946488,0.3780473077883111,0.14291976692599,0.11398555208525732,2020-05-03,Sydney New South Wales AUSTRALIA,Sydney,New South Wales,AUSTRALIA,-33.8688197,151.2092955
6487,2020-05-03|Sykes Reef Great Barrier Reef Queensland AUSTRALIA,1.0594992528503644,-0.7363755947409623,0.26942514732789624,0.3716619689300977,0.5881495663953386,0.34591991245102477,0.1697841552410552,2020-05-03,Sykes Reef Great Barrier Reef Queensland AUSTRALIA,Sykes Reef,Queensland,AUSTRALIA,-23.439513899999998,152.0395475
6488,2020-05-03|Tabourie Beach New South Wales AUSTRALIA,0.5950195151670699,-0.5484445133699244,0.13314933462607864,0.16436293992698572,0.3680318137680662,0.13544741594541257,0.11096576701660274,2020-05-03,Tabourie Beach New South Wales AUSTRALIA,Tabourie Beach,New South Wales,AUSTRALIA,-35.417259200000004,150.4200146
6489,2020-05-03|Tallebudgera Queensland AUSTRALIA,0.721031877471342,-0.5679222554127847,0.16593612234019997,0.17817487030838627,0.40619582591090786,0.16499504898744455,0.12247264963227303,2020-05-03,Tallebudgera Queensland AUSTRALIA,Tallebudgera,Queensland,AUSTRALIA,-28.148889,153.418056
6490,2020-05-03|Tallow Beach Byron Bay New South Wales AUSTRALIA,0.7080841001189354,-0.5620649739844104,0.16288823156360058,0.17881800675249132,0.4010293665461033,0.1608245528323689,0.12091490352248443,2020-05-03,Tallow Beach Byron Bay New South Wales AUSTRALIA,Tallow Beach,New South Wales,AUSTRALIA,-28.6524251,153.62793369999997
6491,2020-05-03|Taree Old Bar Beach New South Wales AUSTRALIA,0.6633858493163881,-0.5680829101013265,0.1524237610387578,0.17533856402663706,0.3925004341620124,0.15405659081736822,0.11834333365154436,2020-05-03,Taree Old Bar Beach New South Wales AUSTRALIA,Taree,New South Wales,AUSTRALIA,-31.966666999999998,152.583333
6492,2020-05-03|Target Beach New South Wales AUSTRALIA,0.6012275746517096,-0.5515470814775564,0.13532125153001326,0.1649123348294606,0.3706554910204662,0.13738549302362288,0.11175683547271195,2020-05-03,Target Beach New South Wales AUSTRALIA,Target Beach,New South Wales,AUSTRALIA,-35.0712278,150.78299619999999
6493,2020-05-03|Taronga Wharf Athol Bay Sydney Harbor New South Wales AUSTRALIA,0.6221732867613821,-0.5564023162678882,0.14234465161201867,0.171703257946488,0.3780473077883111,0.14291976692599,0.11398555208525732,2020-05-03,Taronga Wharf Athol Bay Sydney Harbor New South Wales AUSTRALIA,Taronga Wharf,New South Wales,AUSTRALIA,-33.845791,151.239746
6494,2020-05-03|Taroona Tasmania AUSTRALIA,0.3838666790809757,-0.5007802633897624,0.03426216582874798,0.11600157770085198,0.30222938466428456,0.09134260095455209,0.09112558814103858,2020-05-03,Taroona Tasmania AUSTRALIA,Taroona,Tasmania,AUSTRALIA,-42.948056,147.34888899999999
6495,2020-05-03|Tasman Island Tasmania AUSTRALIA,0.36723717274543666,-0.40211342794798255,0.06756482982686245,0.13168891363699792,0.248909384211289,0.06195588154844309,0.0787120585097627,2020-05-03,Tasman Island Tasmania AUSTRALIA,Tasman Island,Tasmania,AUSTRALIA,-43.238162700000004,148.00239390000002
6496,2020-05-03|Tathra New South Wales AUSTRALIA,0.5816828539776981,-0.5420955364676647,0.12962392527851316,0.1593688837644832,0.36174273595266254,0.1308578070145177,0.1090695387083262,2020-05-03,Tathra New South Wales AUSTRALIA,Tathra,New South Wales,AUSTRALIA,-36.7360215,149.9674229
6497,2020-05-03|Tea Gardens north of Newcastle New South Wales AUSTRALIA,0.6429740397591235,-0.5639093118621448,0.1463333096071646,0.17325063187570144,0.38609551353302024,0.1490697455703266,0.11641217742078307,2020-05-03,Tea Gardens north of Newcastle New South Wales AUSTRALIA,Tea Gardens,New South Wales,AUSTRALIA,-32.659597,152.15239259999998
6498,2020-05-03|Tenth Island King Island Tasmania AUSTRALIA,1.241939426825358,-1.171234335825345,0.25176702919549426,0.43269226205440336,0.8370856293348874,0.7007123508389845,0.25239081362748533,2020-05-03,Tenth Island King Island Tasmania AUSTRALIA,Tenth Island (King Island),Tasmania,AUSTRALIA,-40.94228579999999,146.98485580000002
6499,2020-05-03|Terrigal Beach New South Wales AUSTRALIA,0.6314149196020605,-0.5601540123796116,0.14539600013921908,0.17363639350401625,0.3818061603095934,0.14577594405035493,0.11511888876301868,2020-05-03,Terrigal Beach New South Wales AUSTRALIA,Terrigal Beach,New South Wales,AUSTRALIA,-33.4461804,151.4447377
6500,2020-05-03|Tewantin Queensland AUSTRALIA,0.7510727253374371,-0.5858309218662595,0.16146350840414164,0.1818565498513547,0.4215340768762129,0.17769097796788097,0.12709730630429333,2020-05-03,Tewantin Queensland AUSTRALIA,Tewantin,Queensland,AUSTRALIA,-26.392,153.039
6501,2020-05-03|The Australian Shark and Ray Centre New South Wales AUSTRALIA,0.641845304946532,-0.5636144799444702,0.14592476319300138,0.1730954275068873,0.3857476362400297,0.1488012388647703,0.11630728847042542,2020-05-03,The Australian Shark and Ray Centre New South Wales AUSTRALIA,The Australian Shark and Ray Centre,New South Wales,AUSTRALIA,-32.7706261,151.9986267
6502,2020-05-03|The Domain Sydney New South Wales AUSTRALIA,0.6221732867613821,-0.5564023162678882,0.14234465161201867,0.171703257946488,0.3780473077883111,0.14291976692599,0.11398555208525732,2020-05-03,The Domain Sydney New South Wales AUSTRALIA,The Domain,New South Wales,AUSTRALIA,-33.871516299999996,151.214894
6503,2020-05-03|The Entrance near Gosford New South Wales AUSTRALIA,0.6330384693987504,-0.560747515295698,0.14539301564648965,0.17327153626403502,0.3824235398207266,0.14624776380901486,0.1153050356895352,2020-05-03,The Entrance near Gosford New South Wales AUSTRALIA,The Entrance,New South Wales,AUSTRALIA,-33.347221999999995,151.496111
6504,2020-05-03|The Farm New South Wales AUSTRALIA,0.6161284277534932,-0.554926002134404,0.13978248254324835,0.16908482323926566,0.37588126653200515,0.14128672652970428,0.11333246607365761,2020-05-03,The Farm New South Wales AUSTRALIA,The Farm,New South Wales,AUSTRALIA,-34.071999999999996,150.718
6505,2020-05-03|The Narrows Queensland AUSTRALIA,1.9437791207002624,-1.5763854898387033,0.5307549447694834,0.8159740862042832,1.266408574154034,1.6037906766908534,0.3655806655959409,2020-05-03,The Narrows Queensland AUSTRALIA,The Narrows,Queensland,AUSTRALIA,-23.6139232,150.9541241
6506,2020-05-03|The Natural Jetty Rottnest Island Western Australia AUSTRALIA,0.14302928178816415,-0.20305149803439496,0.007734454249693571,0.03999920064729033,0.10468838322833035,0.01095965758296176,0.029035333359628417,2020-05-03,The Natural Jetty Rottnest Island Western Australia AUSTRALIA,The Natural Jetty,Western Australia,AUSTRALIA,-32.0063677,115.5073002
6507,2020-05-03|Thirroul New South Wales AUSTRALIA,0.6155297811487991,-0.5541770713935015,0.13992313434039128,0.1695823168761942,0.37546532018492756,0.14097420666157018,0.11320705353127804,2020-05-03,Thirroul New South Wales AUSTRALIA,Thirroul,New South Wales,AUSTRALIA,-34.314731200000004,150.9103729
6508,2020-05-03|Thirteenth Beach Victoria AUSTRALIA,0.714621812662925,-0.7602285968811442,0.09383478306214424,0.1620491266235168,0.4398949597454964,0.19350757560949192,0.12200491024465807,2020-05-03,Thirteenth Beach Victoria AUSTRALIA,Thirteenth Beach,Victoria,AUSTRALIA,-38.2852436,144.4587149
6509,2020-05-03|Thistle Island South Australia AUSTRALIA,0.2876328143515671,-0.2726998342423307,0.016701301752458313,0.019147036408975096,0.15720924410849016,0.02471474643316285,0.04360199927769972,2020-05-03,Thistle Island South Australia AUSTRALIA,Thistle Island,South Australia,AUSTRALIA,-35.038095299999995,136.1804618
6510,2020-05-03|Three Mile Creek Townsville Queensland AUSTRALIA,1.3792335885444171,-0.9722594166837628,0.24538460336962692,0.25667200969855813,0.80494201312154,0.6479316444881574,0.2426991486834074,2020-05-03,Three Mile Creek Townsville Queensland AUSTRALIA,Three Mile Creek,Queensland,AUSTRALIA,-19.208941,146.76842230000003
6511,2020-05-03|Three Stripes near Cheynes Beach Western Australia AUSTRALIA,0.2314748639814621,-0.29227764845241266,0.017445945071048654,0.03128109862272171,0.16583752758833364,0.027502085556611322,0.04599505454737776,2020-05-03,Three Stripes near Cheynes Beach Western Australia AUSTRALIA,Three Stripes near Cheynes Beach,Western Australia,AUSTRALIA,-34.88414,118.404629
6512,2020-05-03|Throsby Creek Newcastle New South Wales AUSTRALIA,0.6410879669695656,-0.5631651223442584,0.14650094629402746,0.1741865019504091,0.38544930376360387,0.14857116577184695,0.11621733784432704,2020-05-03,Throsby Creek Newcastle New South Wales AUSTRALIA,Throsby Creek,New South Wales,AUSTRALIA,-32.9119099,151.7504482
6513,2020-05-03|Tingalpa Creek Queensland AUSTRALIA,1.0845160056490009,-0.8052133401071826,0.2487711264762118,0.3469218981562689,0.6375487873506519,0.4064684562522867,0.1840444819992092,2020-05-03,Tingalpa Creek Queensland AUSTRALIA,Tingalpa Creek,Queensland,AUSTRALIA,-27.502492999999998,153.188227
6514,2020-05-03|Tomaree New South Wales AUSTRALIA,0.6634840874023948,-0.566880998367932,0.15263477333426634,0.17502287467198577,0.3919954697058418,0.15366044826990355,0.11819108113940037,2020-05-03,Tomaree New South Wales AUSTRALIA,Tomaree,New South Wales,AUSTRALIA,-31.8894897,152.4444453
6515,2020-05-03|Torres Strait Queensland AUSTRALIA,0.9689738261184806,-1.3920387572557575,0.13396568963748326,0.2994686393027925,0.7915869788423147,0.6266099450727032,0.23867245434099602,2020-05-03,Torres Strait Queensland AUSTRALIA,Torres Strait,Queensland,AUSTRALIA,-10.2199025,141.93685449999998
6516,2020-05-03|Townsville Queensland AUSTRALIA,1.3547655993931826,-0.93722152936299,0.2515300516705483,0.27430629140011725,0.7833485574967625,0.6136349625322586,0.23618847684390043,2020-05-03,Townsville Queensland AUSTRALIA,Townsville,Queensland,AUSTRALIA,-19.2589635,146.8169483
6517,2020-05-03|Triabunna Tasmania AUSTRALIA,0.3898876056039524,-0.42402356212357684,0.10417431588807956,0.15003045114530258,0.2664798946507953,0.07101153425309896,0.0803467113391021,2020-05-03,Triabunna Tasmania AUSTRALIA,Triabunna,Tasmania,AUSTRALIA,-42.5102424,147.92009960000001
6518,2020-05-03|Trial Bay New South Wales AUSTRALIA,0.6769734914749757,-0.5595241769956408,0.159246396431693,0.18473498090475626,0.3929651009130725,0.15442157053562128,0.11848343594843706,2020-05-03,Trial Bay New South Wales AUSTRALIA,Trial Bay,New South Wales,AUSTRALIA,-30.879986,153.05760880000003
6519,2020-05-03|Trial Bay north of Kempsey New South Wales AUSTRALIA,0.6769934246400348,-0.5595204764592874,0.15925688977713245,0.18474128777879917,0.39296926644593816,0.15442484437105874,0.11848469190385226,2020-05-03,Trial Bay north of Kempsey New South Wales AUSTRALIA,Trial Bay,New South Wales,AUSTRALIA,-30.879986,153.05760880000003
6520,2020-05-03|Trigg Beach Perth Western Australia AUSTRALIA,0.1481608359182691,-0.20731475953633,0.008162364641480029,0.04109599781348726,0.1071659770865356,0.011484546644911872,0.029722494259284853,2020-05-03,Trigg Beach Perth Western Australia AUSTRALIA,Trigg Beach,Western Australia,AUSTRALIA,-31.8779189,115.7517755
6521,2020-05-03|Trigg Beach Western Australia AUSTRALIA,0.14816527368054336,-0.20731972717780608,0.008161574598680468,0.04109834624084614,0.1071691334872786,0.011485223172414141,0.02972336968734061,2020-05-03,Trigg Beach Western Australia AUSTRALIA,Trigg Beach,Western Australia,AUSTRALIA,-31.8779189,115.7517755
6522,2020-05-03|Trinity Beach 17 km northwast of Cairns Queensland AUSTRALIA,1.1136128413646216,-0.6750797731127511,0.2209450525909822,0.2633107348029578,0.601116144211218,0.36134061883136176,0.18124333688852517,2020-05-03,Trinity Beach 17 km northwast of Cairns Queensland AUSTRALIA,Trinity Beach,Queensland,AUSTRALIA,-16.783333,145.7
6523,2020-05-03|Trinity Beach Cairns Queensland AUSTRALIA,1.1136128413646216,-0.6750797731127511,0.2209450525909822,0.2633107348029578,0.601116144211218,0.36134061883136176,0.18124333688852517,2020-05-03,Trinity Beach Cairns Queensland AUSTRALIA,Trinity Beach,Queensland,AUSTRALIA,-16.783333,145.7
6524,2020-05-03|Tully North Queensland Queensland AUSTRALIA,1.3670088021357214,-0.8320988819203464,0.22776642330166688,0.16312864635702884,0.7492338389116758,0.5613513453703269,0.22590250217341892,2020-05-03,Tully North Queensland Queensland AUSTRALIA,Tully,Queensland,AUSTRALIA,-17.9397555,145.9276864
6525,2020-05-03|Turners Beach New South Wales AUSTRALIA,0.7020450121763114,-0.5719543962161223,0.16281090839041942,0.18455158300221705,0.40365091964682925,0.162934064931731,0.12170533152276632,2020-05-03,Turners Beach New South Wales AUSTRALIA,Turners' Beach,New South Wales,AUSTRALIA,-29.4304387,153.3629052
6526,2020-05-03|Turquoise Bay Western Australia AUSTRALIA,0.2439336260458652,-0.2733678080593258,0.032660090962302345,0.05567749578034953,0.1569809742429192,0.024643026274256064,0.04353868860808746,2020-05-03,Turquoise Bay Western Australia AUSTRALIA,Turquoise Bay,Western Australia,AUSTRALIA,-22.0963889,113.88944440000002
6527,2020-05-03|Tweed Heads New South Wales AUSTRALIA,0.7171513787652312,-0.5655557349744347,0.1652241718021461,0.1780418104508121,0.4043591907167868,0.16350635511713474,0.12191888328539474,2020-05-03,Tweed Heads New South Wales AUSTRALIA,Tweed Heads,New South Wales,AUSTRALIA,-28.178665600000002,153.5370011
6528,2020-05-03|Two Rocks near Three Mile Reef Western Australia AUSTRALIA,0.1472392037828608,-0.20670402476489036,0.008031262470853829,0.04057948088439339,0.10683219186704226,0.011413117219116533,0.029629918895909838,2020-05-03,Two Rocks near Three Mile Reef Western Australia AUSTRALIA,Two Rocks near Three Mile Reef,Western Australia,AUSTRALIA,-31.775555600000004,115.675
6529,2020-05-03|Tyrendarra Beach Victoria AUSTRALIA,0.1991762918183269,-0.19371866243641372,-0.002533969998439236,-0.02343487551429047,0.12346926823874486,0.015244660199411132,0.03187962797713835,2020-05-03,Tyrendarra Beach Victoria AUSTRALIA,Tyrendarra Beach,Victoria,AUSTRALIA,-38.216667,141.783333
6530,2020-05-03|Tyrendarra Beach near Portland Victoria AUSTRALIA,0.1991762918183269,-0.19371866243641372,-0.002533969998439236,-0.02343487551429047,0.12346926823874486,0.015244660199411132,0.03187962797713835,2020-05-03,Tyrendarra Beach near Portland Victoria AUSTRALIA,Tyrendarra Beach near Portland,Victoria,AUSTRALIA,-38.2507144,141.806322
6531,2020-05-03|Umina Beach New South Wales AUSTRALIA,0.6266426341286938,-0.5584203225390622,0.14441849562808157,0.17386454203690557,0.3800373781164308,0.14442840876561097,0.11458558086569301,2020-05-03,Umina Beach New South Wales AUSTRALIA,Umina Beach,New South Wales,AUSTRALIA,-33.528746000000005,151.307503
6532,2020-05-03|Urunga Belliger Heads New South Wales AUSTRALIA,0.6803351807100537,-0.5601823358945927,0.15893595237634017,0.18476338359232305,0.39411999600970854,0.15533057125469268,0.11883164992187005,2020-05-03,Urunga Belliger Heads New South Wales AUSTRALIA,Urunga,New South Wales,AUSTRALIA,-30.502025699999997,153.02505980000004
6533,2020-05-03|Urunga area New South Wales AUSTRALIA,0.6803351807100537,-0.5601823358945927,0.15893595237634017,0.18476338359232305,0.39411999600970854,0.15533057125469268,0.11883164992187005,2020-05-03,Urunga area New South Wales AUSTRALIA,Urunga area,New South Wales,AUSTRALIA,-30.5,153.01666699999998
6534,2020-05-03|Waitpinga Beach near Victor Harbor Encounter Bay South Australia AUSTRALIA,0.30976997393535916,-0.26974311953071356,0.01392426591792168,-0.000923588984853756,0.1754016972256734,0.0307657553896468,0.052885601571734574,2020-05-03,Waitpinga Beach near Victor Harbor Encounter Bay South Australia AUSTRALIA,Waitpinga Beach,South Australia,AUSTRALIA,-35.604007700000004,138.5809998
6535,2020-05-03|Waitpinga South Australia AUSTRALIA,0.3097761481445439,-0.26974818435622644,0.013922887315663001,-0.0009283284255026014,0.17540626132573867,0.03076735651227332,0.05288697769968204,2020-05-03,Waitpinga South Australia AUSTRALIA,Waitpinga,South Australia,AUSTRALIA,-35.599651200000004,138.4955961
6536,2020-05-03|Wallabi Point New South Wales AUSTRALIA,0.6633858493163881,-0.5680829101013265,0.1524237610387578,0.17533856402663706,0.3925004341620124,0.15405659081736822,0.11834333365154436,2020-05-03,Wallabi Point New South Wales AUSTRALIA,Wallabi Point,New South Wales,AUSTRALIA,-31.992048600000004,152.5590443
6537,2020-05-03|Wallamba River near entrance to Wallis Lake New South Wales AUSTRALIA,0.6621579207710068,-0.5666305381318167,0.15261244058700593,0.17530204697528334,0.39158112421202124,0.15333577683915042,0.11806615127243879,2020-05-03,Wallamba River near entrance to Wallis Lake New South Wales AUSTRALIA,Wallamba River,New South Wales,AUSTRALIA,-32.098844,152.46986
6538,2020-05-03|Wamberal New South Wales AUSTRALIA,0.6314362625988952,-0.5601516553054142,0.14540294212696342,0.1736396360460746,0.3818119704409935,0.1457803807720341,0.1151206405835493,2020-05-03,Wamberal New South Wales AUSTRALIA,Wamberal,New South Wales,AUSTRALIA,-33.418,151.44299999999998
6539,2020-05-03|Wanda Beach New South Wales AUSTRALIA,0.6175699989130122,-0.5553555246017364,0.1400304357532214,0.16946618353641693,0.3764626792981083,0.14172414890431034,0.11350776861852005,2020-05-03,Wanda Beach New South Wales AUSTRALIA,Wanda Beach,New South Wales,AUSTRALIA,-34.0423701,151.16316919999997
6540,2020-05-03|Warra Beach Coral Bay Western Australia AUSTRALIA,0.2356076249361843,-0.2625285483359676,0.03551888653058955,0.053130059549455225,0.15245122028801603,0.023241374567305188,0.04228236090426906,2020-05-03,Warra Beach Coral Bay Western Australia AUSTRALIA,Warra Beach,Western Australia,AUSTRALIA,-23.1438889,113.7688889
6541,2020-05-03|Warrnambool Victoria AUSTRALIA,0.17502470723589053,-0.21273943942820217,-0.008940501261053639,-0.0060746754917953925,0.12380343755476739,0.015327291150377188,0.03196591012352293,2020-05-03,Warrnambool Victoria AUSTRALIA,Warrnambool,Victoria,AUSTRALIA,-38.3686779,142.4982086
6542,2020-05-03|Wategos Beach Byon Bay New South Wales AUSTRALIA,0.7080841001189354,-0.5620649739844104,0.16288823156360058,0.17881800675249132,0.4010293665461033,0.1608245528323689,0.12091490352248443,2020-05-03,Wategos Beach Byon Bay New South Wales AUSTRALIA,Wategos Beach,New South Wales,AUSTRALIA,-28.6364053,153.633824
6543,2020-05-03|Watermans Bay Western Australia AUSTRALIA,0.14816527368054336,-0.20731972717780608,0.008161574598680468,0.04109834624084614,0.1071691334872786,0.011485223172414141,0.02972336968734061,2020-05-03,Watermans Bay Western Australia AUSTRALIA,Waterman's Bay,Western Australia,AUSTRALIA,-31.849601300000003,115.75490520000001
6544,2020-05-03|Watson Taylors Lake 25 miles south of Port Macquarie New South Wales AUSTRALIA,0.6679492588415029,-0.5657193065822171,0.15373204851822428,0.17643987680935788,0.39272335651101764,0.15423163474927987,0.11841054726872935,2020-05-03,Watson Taylors Lake 25 miles south of Port Macquarie New South Wales AUSTRALIA,Watson Taylor's Lake,New South Wales,AUSTRALIA,-31.7016938,152.75884399999998
6545,2020-05-03|Wattamolla National Park New South Wales AUSTRALIA,0.6166840387027347,-0.5549688605775679,0.13979889005501034,0.16922615411044678,0.3760807876411085,0.14143675883275658,0.11339262395153502,2020-05-03,Wattamolla National Park New South Wales AUSTRALIA,Wattamolla National Park,New South Wales,AUSTRALIA,-34.0750773,151.0566579
6546,2020-05-03|Waverly Sydney New South Wales AUSTRALIA,0.6221732867613821,-0.5564023162678882,0.14234465161201867,0.171703257946488,0.3780473077883111,0.14291976692599,0.11398555208525732,2020-05-03,Waverly Sydney New South Wales AUSTRALIA,Waverly,New South Wales,AUSTRALIA,-33.899693,151.25542019999997
6547,2020-05-03|Wedge Island Western Australia AUSTRALIA,0.139809202339995,-0.19977496438975054,0.009322490484629426,0.04264134299006825,0.10364304356864419,0.010741880480171877,0.028745408302453455,2020-05-03,Wedge Island Western Australia AUSTRALIA,Wedge Island,Western Australia,AUSTRALIA,-30.8277891,115.1879896
6548,2020-05-03|Weipa Queensland AUSTRALIA,0.49328157687161833,-0.5851093806735856,0.14979954523365002,0.2831747086542913,0.32498856749149274,0.10561756900017252,0.0868568481551161,2020-05-03,Weipa Queensland AUSTRALIA,Weipa,Queensland,AUSTRALIA,-12.6492936,141.84699009999997
6549,2020-05-03|Wellington Point Brisbane Queensland AUSTRALIA,1.0845160056490009,-0.8052133401071826,0.2487711264762118,0.3469218981562689,0.6375487873506519,0.4064684562522867,0.1840444819992092,2020-05-03,Wellington Point Brisbane Queensland AUSTRALIA,Wellington Point,Queensland,AUSTRALIA,-27.487,153.239
6550,2020-05-03|Wellington Point Queensland AUSTRALIA,1.0845160056490009,-0.8052133401071826,0.2487711264762118,0.3469218981562689,0.6375487873506519,0.4064684562522867,0.1840444819992092,2020-05-03,Wellington Point Queensland AUSTRALIA,Wellington Point,Queensland,AUSTRALIA,-27.487,153.239
6551,2020-05-03|West Balmain Sydney New South Wales AUSTRALIA,0.6221732867613821,-0.5564023162678882,0.14234465161201867,0.171703257946488,0.3780473077883111,0.14291976692599,0.11398555208525732,2020-05-03,West Balmain Sydney New South Wales AUSTRALIA,West Balmain,New South Wales,AUSTRALIA,-33.85507570000001,151.16879409999999
6552,2020-05-03|West Beach Adelaide South Australia AUSTRALIA,0.27648146243388994,-0.40995971009605503,0.029853661832847298,0.0950497796301858,0.24847545001795932,0.0617400492616274,0.08282515000598643,2020-05-03,West Beach Adelaide South Australia AUSTRALIA,West Beach,South Australia,AUSTRALIA,-34.945278,138.50375
6553,2020-05-03|West Beach Brighton South Australia AUSTRALIA,0.27648146243388994,-0.40995971009605503,0.029853661832847298,0.0950497796301858,0.24847545001795932,0.0617400492616274,0.08282515000598643,2020-05-03,West Beach Brighton South Australia AUSTRALIA,West Beach,South Australia,AUSTRALIA,-35.019,138.52
6554,2020-05-03|West Beach near Adelaide South Australia AUSTRALIA,0.276477948557348,-0.4099548211204015,0.02985525896307977,0.09505398819718881,0.24847330765112904,0.061738984615092626,0.08282443588370968,2020-05-03,West Beach near Adelaide South Australia AUSTRALIA,West Beach,South Australia,AUSTRALIA,-34.945278,138.50375
6555,2020-05-03|Western Port Bay Victoria AUSTRALIA,0.42804816049131317,-0.5197280459098813,0.04669579331117098,0.12258088646927327,0.31295703560564875,0.09794210613507531,0.0943600966005302,2020-05-03,Western Port Bay Victoria AUSTRALIA,Western Port Bay,Victoria,AUSTRALIA,-38.3563059,145.2480193
6556,2020-05-03|Westernport Bay Victoria AUSTRALIA,0.42804816049131317,-0.5197280459098813,0.04669579331117098,0.12258088646927327,0.31295703560564875,0.09794210613507531,0.0943600966005302,2020-05-03,Westernport Bay Victoria AUSTRALIA,Westernport Bay,Victoria,AUSTRALIA,-38.3563059,145.2480193
6557,2020-05-03|Whale Bay King Island Bass Strait Tasmania AUSTRALIA,0.2154165757898057,-0.13226247806204758,0.0004419945317880661,-0.06385920297486297,0.13323863210410056,0.017752533084971857,0.03846268005587999,2020-05-03,Whale Bay King Island Bass Strait Tasmania AUSTRALIA,Whale Bay,Tasmania,AUSTRALIA,-39.8753477,143.9370759
6558,2020-05-03|Whale Beach New South Wales AUSTRALIA,0.6266426341286938,-0.5584203225390622,0.14441849562808157,0.17386454203690557,0.3800373781164308,0.14442840876561097,0.11458558086569301,2020-05-03,Whale Beach New South Wales AUSTRALIA,Whale Beach,New South Wales,AUSTRALIA,-33.6131448,151.3304989
6559,2020-05-03|Wharton Beach Western Australia AUSTRALIA,0.2807727764101137,-0.31634241826745163,0.02257046608986289,0.03610879594378163,0.18702391282877753,0.03497794396978617,0.05187110057246652,2020-05-03,Wharton Beach Western Australia AUSTRALIA,Wharton Beach,Western Australia,AUSTRALIA,-33.9385415,122.54341470000001
6560,2020-05-03|White Bay near Bald Rock Jetty Sydney Harbor New South Wales AUSTRALIA,0.6221732867613821,-0.5564023162678882,0.14234465161201867,0.171703257946488,0.3780473077883111,0.14291976692599,0.11398555208525732,2020-05-03,White Bay near Bald Rock Jetty Sydney Harbor New South Wales AUSTRALIA,White Bay,New South Wales,AUSTRALIA,-33.863594899999995,151.1851115
6561,2020-05-03|White Cliffs Queensland AUSTRALIA,0.5263746318070335,-0.6620638380612516,0.0903787260771394,0.23600101373534085,0.40139277454692357,0.16111615945847743,0.1269315403902739,2020-05-03,White Cliffs Queensland AUSTRALIA,White Cliffs,Queensland,AUSTRALIA,-31.020400199999997,143.0403618
6562,2020-05-03|Whitehaven Beach Whitsundays Island Queensland AUSTRALIA,1.5922231158633384,-1.3489176469714665,0.18288623489656694,0.23369162851025022,0.9834708940534997,0.9672149994503901,0.28390359271097504,2020-05-03,Whitehaven Beach Whitsundays Island Queensland AUSTRALIA,Whitehaven Beach,Queensland,AUSTRALIA,-20.282432399999998,149.03885400000001
6563,2020-05-03|Whitsunday Passage Queensland AUSTRALIA,1.7564744105214343,-1.5198332778920542,0.15705990101393183,0.18111556620008296,1.1082123224803002,1.228134551697181,0.31991334135163085,2020-05-03,Whitsunday Passage Queensland AUSTRALIA,Whitsunday Passage,Queensland,AUSTRALIA,-20.3518817,148.9572514
6564,2020-05-03|Wilsons Promontory Waratah Bay Victoria AUSTRALIA,0.5941603067032045,-0.6139750735839283,0.15086447767904704,0.23801190657258048,0.39047995046501316,0.15247459171515915,0.12348060240991664,2020-05-03,Wilsons Promontory Waratah Bay Victoria AUSTRALIA,Wilson's Promontory,Victoria,AUSTRALIA,-38.9333333,146.3666667
6565,2020-05-03|Windang Beach New South Wales AUSTRALIA,0.6132569323441696,-0.5540987488199182,0.13917212551167066,0.16892537091247165,0.37483999167187015,0.1405050193565677,0.11301850989050329,2020-05-03,Windang Beach New South Wales AUSTRALIA,Windang Beach,New South Wales,AUSTRALIA,-34.53432479999999,150.8745658
6566,2020-05-03|Windang Lake Illawara New South Wales AUSTRALIA,0.614038436025682,-0.5540716843644594,0.13951784021897023,0.1692025040758558,0.3750303834371342,0.1406477885010039,0.11307591516764458,2020-05-03,Windang Lake Illawara New South Wales AUSTRALIA,Windang,New South Wales,AUSTRALIA,-34.527370899999994,150.8740205
6567,2020-05-03|Windang near the entrance to Lake Illawarra New South Wales AUSTRALIA,0.613278007609393,-0.5540963013185894,0.13917902599027718,0.16892853219372236,0.37484570450455995,0.14050930218551988,0.11302023237436894,2020-05-03,Windang near the entrance to Lake Illawarra New South Wales AUSTRALIA,Windang,New South Wales,AUSTRALIA,-34.541667,150.85833300000002
6568,2020-05-03|Winki Pop Bells Beach Victoria AUSTRALIA,0.6950117425098474,-0.7354977946307547,0.09451377646428624,0.16407660230533566,0.4246424845517904,0.18032123968631755,0.11777463475322349,2020-05-03,Winki Pop Bells Beach Victoria AUSTRALIA,Winki Pop,Victoria,AUSTRALIA,-38.3680831,144.28495519999998
6569,2020-05-03|Winkipop Beach Victoria AUSTRALIA,0.6950123565343758,-0.7355053156088772,0.09450634276158205,0.1640750354643039,0.4246475174917966,0.18032551411194567,0.117776030639628,2020-05-03,Winkipop Beach Victoria AUSTRALIA,Winkipop Beach,Victoria,AUSTRALIA,-38.3680831,144.28495519999998
6570,2020-05-03|Winkipop Victoria AUSTRALIA,0.6950123565343758,-0.7355053156088772,0.09450634276158205,0.1640750354643039,0.4246475174917966,0.18032551411194567,0.117776030639628,2020-05-03,Winkipop Victoria AUSTRALIA,Winkipop,Victoria,AUSTRALIA,-38.3680831,144.28495519999998
6571,2020-05-03|Wiseman’s Beach Peake Bay Port Lincoln South Australia AUSTRALIA,0.2836234084748183,-0.3772048541203418,-0.012088741934779731,0.01085479415817326,0.19443872351406546,0.03780641720177919,0.056129624680866456,2020-05-03,Wiseman’s Beach Peake Bay Port Lincoln South Australia AUSTRALIA,Wiseman’s Beach,South Australia,AUSTRALIA,-34.5047222,136.05333330000002
6572,2020-05-03|Wollongong New South Wales AUSTRALIA,0.6148373733007223,-0.5540471704004357,0.13970980717371892,0.16927325469569574,0.3752183886241972,0.14078883916173907,0.11313260086438355,2020-05-03,Wollongong New South Wales AUSTRALIA,Wollongong,New South Wales,AUSTRALIA,-34.427812100000004,150.89306069999998
6573,2020-05-03|Wombarra Beach near Austinmeer New South Wales AUSTRALIA,0.6161465899430579,-0.5549211623544239,0.1397933234951706,0.1690911652033049,0.3758845347139763,0.14128918343714245,0.11333345146759806,2020-05-03,Wombarra Beach near Austinmeer New South Wales AUSTRALIA,Wombarra Beach near Austinmeer,New South Wales,AUSTRALIA,-34.2794078,150.9559166
6574,2020-05-03|Woodman Point Western Australia AUSTRALIA,0.15127802913224975,-0.20967017298565946,0.00860071713257871,0.04361142774910572,0.10858444927071702,0.011790582623424917,0.030115907658737586,2020-05-03,Woodman Point Western Australia AUSTRALIA,Woodman Point,Western Australia,AUSTRALIA,-32.129142,115.76663
6575,2020-05-03|Woodman’s Point Western Australia AUSTRALIA,0.15127802913224975,-0.20967017298565946,0.00860071713257871,0.04361142774910572,0.10858444927071702,0.011790582623424917,0.030115907658737586,2020-05-03,Woodman’s Point Western Australia AUSTRALIA,Woodman’s Point,Western Australia,AUSTRALIA,-32.1348873,115.7561545
6576,2020-05-03|Woolgoolga Coffs Harbour New South Wales AUSTRALIA,0.6863787045916299,-0.5644859897542643,0.15925952468410312,0.18571708721026187,0.3973863684722433,0.15791592584755754,0.11981649827494069,2020-05-03,Woolgoolga Coffs Harbour New South Wales AUSTRALIA,Woolgoolga,New South Wales,AUSTRALIA,-30.1130375,153.18379240000002
6577,2020-05-03|Woolloomooloo Sydney Harbor Estuary New South Wales AUSTRALIA,0.6221732867613821,-0.5564023162678882,0.14234465161201867,0.171703257946488,0.3780473077883111,0.14291976692599,0.11398555208525732,2020-05-03,Woolloomooloo Sydney Harbor Estuary New South Wales AUSTRALIA,Woolloomooloo,New South Wales,AUSTRALIA,-33.852306299999995,151.2107871
6578,2020-05-03|Woorim Beach Bribie Island Queensland AUSTRALIA,0.8287730442670571,-0.7013096989829698,0.12495229464907759,0.1518232818367303,0.49304926690968265,0.24309757960017547,0.14865994740901908,2020-05-03,Woorim Beach Bribie Island Queensland AUSTRALIA,Woorim Beach,Queensland,AUSTRALIA,-27.060907899999997,153.2006374
6579,2020-05-03|Woy Woy New South Wales AUSTRALIA,0.6285428585096609,-0.55914059623337,0.14457377067403854,0.17343380855878657,0.38074019049358854,0.1449630926570941,0.11479748677051574,2020-05-03,Woy Woy New South Wales AUSTRALIA,Woy Woy,New South Wales,AUSTRALIA,-33.49,151.32
6580,2020-05-03|Woy Woy on the Brisbane Waters New South Wales AUSTRALIA,0.6285428585096609,-0.55914059623337,0.14457377067403854,0.17343380855878657,0.38074019049358854,0.1449630926570941,0.11479748677051574,2020-05-03,Woy Woy on the Brisbane Waters New South Wales AUSTRALIA,Woy Woy on the Brisbane Waters,New South Wales,AUSTRALIA,-33.49,151.32
6581,2020-05-03|Wreck Point Abrolhos Islands Western Australia AUSTRALIA,0.13540507202642033,-0.18341348067919824,0.020057266952733646,0.05125922122583041,0.09740201016825482,0.009487151584816816,0.027014457076531356,2020-05-03,Wreck Point Abrolhos Islands Western Australia AUSTRALIA,Wreck Point,Western Australia,AUSTRALIA,-28.3001002,113.59516979999998
6582,2020-05-03|Wreck of paddle steamer Koputai 6 km off Bondi Beach New South Wales AUSTRALIA,0.622191432563805,-0.5563975661566288,0.14235547304102372,0.17170964605294142,0.3780505999253564,0.1429222561039219,0.11398654470192439,2020-05-03,Wreck of paddle steamer Koputai 6 km off Bondi Beach New South Wales AUSTRALIA,Wreck of paddle steamer,New South Wales,AUSTRALIA,-33.8914755,151.2766845
6583,2020-05-03|Wrights Bay South Australia AUSTRALIA,0.24466251531024366,-0.17186980650977762,0.017286240608624673,-0.018129325757058185,0.12146848144174745,0.014754591983764144,0.035064930229223974,2020-05-03,Wrights Bay South Australia AUSTRALIA,Wrights Bay,South Australia,AUSTRALIA,-37.033055600000004,139.7411111
6584,2020-05-03|Wurtulla Queensland AUSTRALIA,0.7499275217230589,-0.5876511984027416,0.15907096893315217,0.1793875845440621,0.4222700108781413,0.17831196208702557,0.12731919875473527,2020-05-03,Wurtulla Queensland AUSTRALIA,Wurtulla,Queensland,AUSTRALIA,-26.756999999999998,153.126
6585,2020-05-03|Wyargine Point Edwards Beach Balmoral Beach Sydney New South Wales AUSTRALIA,0.6239465779320229,-0.5573377114306419,0.14294398854386442,0.17172418543946064,0.3788018326723811,0.14349082843595462,0.11421304989757065,2020-05-03,Wyargine Point Edwards Beach Balmoral Beach Sydney New South Wales AUSTRALIA,Wyargine Point,New South Wales,AUSTRALIA,-33.8200713,151.2505994
6586,2020-05-03|Wynnum-Manley Queensland AUSTRALIA,1.0533446691563466,-0.7552732983472297,0.2612473981881679,0.3639486340689835,0.6082344754384627,0.3699491771119018,0.17558216906240362,2020-05-03,Wynnum-Manley Queensland AUSTRALIA,Wynnum-Manley,Queensland,AUSTRALIA,-27.45,153.183333
6587,2020-05-03|Wynyard Tasmania AUSTRALIA,1.1821423371232425,-1.2440593323310014,0.19435063841592504,0.358608752816238,0.8741441727109177,0.7641280346844547,0.25234368671259555,2020-05-03,Wynyard Tasmania AUSTRALIA,Wynyard,Tasmania,AUSTRALIA,-41.0,145.7166671
6588,2020-05-03|Yallingup Western Australia AUSTRALIA,0.16144237864690922,-0.2420221478434348,0.01286724368782132,0.05250051926395267,0.1255599313482794,0.015765296360184634,0.033557303186579894,2020-05-03,Yallingup Western Australia AUSTRALIA,Yallingup,Western Australia,AUSTRALIA,-33.6726029,115.0308297
6589,2020-05-03|Yandaran Beach Queensland AUSTRALIA,1.1033679286129887,-0.9625686961083877,0.19591937902520393,0.2646700172678507,0.695705062399303,0.48400553384801803,0.2008327525264115,2020-05-03,Yandaran Beach Queensland AUSTRALIA,Yandaran Beach,Queensland,AUSTRALIA,-24.608613199999997,152.13039619999998
6590,2020-05-03|Yeppoon Queensland AUSTRALIA,1.826207432676502,-1.6417533883705955,0.22554896253919257,0.3044653373132711,1.205670424568384,1.4536411726789071,0.3480470720892635,2020-05-03,Yeppoon Queensland AUSTRALIA,Yeppoon,Queensland,AUSTRALIA,-23.133333,150.73333300000002
6591,2020-05-03|Yeppoon near Ross Creek Queensland AUSTRALIA,1.826207432676502,-1.6417533883705955,0.22554896253919257,0.3044653373132711,1.205670424568384,1.4536411726789071,0.3480470720892635,2020-05-03,Yeppoon near Ross Creek Queensland AUSTRALIA,Yeppoon,Queensland,AUSTRALIA,-23.153185999999998,150.74771280000002
6592,2020-05-03|Yorkey’s Knob Beach near Cairns Queensland AUSTRALIA,1.1135532639700845,-0.674622210411953,0.22206783142378897,0.26506020511967254,0.6010453477535149,0.3612555100561437,0.1812219909533718,2020-05-03,Yorkey’s Knob Beach near Cairns Queensland AUSTRALIA,Yorkey’s Knob Beach near Cairns,Queensland,AUSTRALIA,-16.8182895,145.7326612
6593,2020-05-03|near Schouten Island Tasmania AUSTRALIA,0.40111009316164803,-0.4388874872062617,0.10365487696498686,0.14933253420455375,0.27493438686680804,0.07558891708182766,0.08289583665487434,2020-05-03,near Schouten Island Tasmania AUSTRALIA,near Schouten Island,Tasmania,AUSTRALIA,-42.317857000000004,148.281927
